# Ross F10 APO Process Xpres
#
# Patent: GB0592144
# Converted from photonstophotos.net Optical Bench data
# 11 surfaces, 6 glass elements, f/10.0

name: Ross F10 APO Process Xpres
focal_length: 100.00

surfaces:
# radius       thickness    ior      abbe     semi_ap   coating
  15.7100        2.1700       1.61230  58.50    10.780    1
  -41.6300       1.0300       1.57427  52.00    10.780    1
  12.2100        0.6500       1.00000  0.00     9.180     0
  15.7100        1.1600       1.65080  58.70    9.360     1
  20.3500        1.3900       1.00000  0.00     9.360     0
  stop           1.3900       1.00000  0.00     8.906     0
  -20.3500       1.1600       1.65080  58.70    9.380     1
  -15.7100       0.6500       1.00000  0.00     9.380     0
  -12.9000       1.2500       1.57427  52.00    8.940     1
  39.2900        2.0800       1.61230  58.50    10.140    1
  -17.0600       93.8300      1.00000  0.00     10.140    0
