# GOI Russar-22
#
# Patent: GB0640232
# Converted from photonstophotos.net Optical Bench data
# 11 surfaces, 6 glass elements, f/8.0

name: GOI Russar-22
focal_length: 69.88

surfaces:
# radius       thickness    ior      abbe     semi_ap   coating
  35.3700        2.1500       1.63950  43.30    66.720    1
  22.6900        35.5800      1.00000  0.00     45.920    0
  47.5650        9.2000       1.61260  58.60    31.480    1
  -24.5400       3.0700       1.54800  45.90    31.480    1
  131.9180       0.2465       1.00000  0.00     11.340    0
  stop           0.2465       1.00000  0.00     10.967    0
  -129.5400      3.0290       1.54800  45.90    11.340    1
  24.1000        9.0400       1.61260  58.60    31.220    1
  -46.7000       34.9400      1.00000  0.00     31.220    0
  -22.2700       2.1100       1.62420  35.90    45.960    1
  -34.5500       35.2700      1.00000  0.00     66.030    0
