# 7Artisans APS-C 50mm F0.95
#
# Patent: CN216526483
# Converted from photonstophotos.net Optical Bench data
# 13 surfaces, 7 glass elements, f/0.9

name: 7Artisans APS-C 50mm F0.95
focal_length: 50.00

surfaces:
# radius       thickness    ior      abbe     semi_ap   coating
  46.0500        8.1400       1.83481  42.73    53.690    1
  182.3800       0.1100       1.00000  0.00     52.450    0
  30.2800        5.5300       1.80401  46.57    44.000    1
  42.1900        1.1900       1.00000  0.00     41.740    0
  25.6800        8.2400       1.59282  68.63    36.340    1
  115.5500       1.4600       1.84667  23.79    32.980    1
  14.2900        7.8500       1.00000  0.00     23.590    0
  stop           6.1100       1.00000  0.00     22.740    0
  -21.5500       2.9000       1.64769  33.84    21.380    1
  36.6600        9.7900       1.83481  42.73    28.060    1
  -30.8300       0.1100       1.00000  0.00     29.960    0
  33.2200        6.8400       1.83481  42.73    32.420    1
  264.0200       14.7600      1.00000  0.00     31.110    0
