# 7Artisans APS-C 25mm F0.95
#
# Patent: CN216526482
# Converted from photonstophotos.net Optical Bench data
# 21 surfaces, 11 glass elements, f/0.9

name: 7Artisans APS-C 25mm F0.95
focal_length: 25.00

surfaces:
# radius       thickness    ior      abbe     semi_ap   coating
  -127.8600      1.4200       1.80519  25.48    42.110    1
  36.2100        13.2200      1.00000  0.00     39.170    0
  189.2500       4.9000       1.83400  37.23    43.230    1
  -115.7500      0.1100       1.00000  0.00     43.490    0
  55.3300        9.2500       1.69211  54.57    43.460    1
  -73.5400       0.3200       1.00000  0.00     43.130    0
  26.8900        7.0100       1.84667  23.79    35.310    1
  37.3100        1.6400       1.00000  0.00     31.110    0
  32.9200        1.6500       1.72916  54.67    29.020    1
  15.8300        5.8200       1.00000  0.00     24.390    0
  stop           8.7700       1.00000  0.00     24.420    0
  -15.7400       1.3800       1.80519  25.48    23.140    1
  44.0800        9.3500       1.59282  68.63    29.390    1
  -25.8900       0.1000       1.00000  0.00     30.990    0
  138.8800       8.2600       1.59282  68.63    35.280    1
  -32.3100       0.1000       1.00000  0.00     36.280    0
  103.3200       5.1700       1.83400  37.23    38.440    1
  -105.2200      0.1000       1.00000  0.00     38.400    0
  30.7600        2.5000       1.83400  37.23    35.550    1
  15.6600        10.6800      1.59282  68.63    29.550    1
  66.8700        16.1700      1.00000  0.00     29.000    0
