# Nikon AF-S DX Zoom-Nikkor 12-24mm f/4G IF-ED
#
# Patent: US006940655
# Converted from photonstophotos.net Optical Bench data
# 20 surfaces, 12 glass elements, f/4.1

name: Nikon AF-S DX Zoom-Nikkor 12-24mm f/4G IF-ED
focal_length: 12.30

surfaces:
# radius       thickness    ior      abbe     semi_ap   coating
  78.0922        2.0000       1.74443  49.55    56.140    1
  19.6266        16.6500      1.00000  0.00     46.500    0
  242.6225       5.0000       1.58144  40.75    32.380    1
  -65.8923       1.5000       1.77250  49.61    32.380    1
  16.1000        0.1000       1.55389  38.09    24.080    1
  16.2260        4.8000       1.00000  0.00     24.080    0
  23.3293        4.0000       1.75520  27.51    24.390    1
  93.0176        25.9566      1.00000  0.00     24.390    0
  30.6806        0.9000       1.74100  52.67    15.110    1
  16.8907        3.0000       1.54814  45.79    15.110    1
  -82.9562       3.4338       1.00000  0.00     13.980    0
  stop           1.0000       1.00000  0.00     10.574    0
  -4845.7452     9.0000       1.49782  82.52    14.520    1
  -11.9598       1.3500       1.80400  46.58    15.660    1
  -24.9515       6.9500       1.00000  0.00     15.660    0
  774.8986       0.9000       1.80440  39.59    17.810    1
  20.0882        6.5000       1.49782  82.52    17.810    1
  -15.3138       1.0000       1.00000  0.00     17.810    0
  -19.8294       2.0000       1.60602  57.44    19.850    1
  -23.8261       37.9966      1.00000  0.00     19.850    0
