# Nikon AF Nikkor 85mm f/1.4D IF
#
# Patent: US005640277
# Converted from photonstophotos.net Optical Bench data
# 18 surfaces, 9 glass elements, f/1.4

name: Nikon AF Nikkor 85mm f/1.4D IF
focal_length: 85.00

surfaces:
# radius       thickness    ior      abbe     semi_ap   coating
  54.6447        10.4000      1.60300  65.42    64.620    1
  386.2789       0.1000       1.00000  0.00     64.620    0
  41.3841        8.1000       1.80411  46.55    54.520    1
  69.6421        4.7000       1.00000  0.00     50.460    0
  108.1534       2.4000       1.71736  29.46    47.440    1
  28.1317        17.7999      1.00000  0.00     40.500    0
  46.3814        4.4000       1.80454  39.61    35.520    1
  238.4203       2.4000       1.00000  0.00     34.510    0
  -84.9337       2.2000       1.64831  33.75    34.510    1
  44.2102        4.0000       1.00000  0.00     32.380    0
  stop           3.4000       1.00000  0.00     30.413    0
  -53.7011       2.0000       1.67270  32.17    31.980    1
  65.2634        9.5000       1.86994  39.82    33.820    1
  -57.8447       0.1000       1.00000  0.00     33.820    0
  93.4589        3.5000       1.78797  47.47    33.280    1
  -213.8583      1.2001       1.00000  0.00     33.280    0
  -326.6053      2.0000       1.74810  52.30    34.080    1
  -245.1387      38.1202      1.00000  0.00     34.080    0
