# Nikon AF Zoom-Micro-Nikkor 70-180mm f/4.5-5.6D ED
#
# Patent: US005717527
# Converted from photonstophotos.net Optical Bench data
# 33 surfaces, 18 glass elements, f/4.5

name: Nikon AF Zoom-Micro-Nikkor 70-180mm f/4.5-5.6D ED
focal_length: 72.10

surfaces:
# radius       thickness    ior      abbe     semi_ap   coating
  98.6601        2.5000       1.78470  26.10    52.980    1
  46.1863        3.7000       1.00000  0.00     48.750    0
  85.2724        8.2000       1.80458  25.50    51.030    1
  -109.4798      0.1000       1.00000  0.00     51.030    0
  301.6851       1.8000       1.64000  60.00    44.860    1
  47.0000        9.9000       1.00000  0.00     39.490    0
  -44.4511       1.8000       1.80384  33.90    39.490    1
  -148.8178      0.1000       1.00000  0.00     40.430    0
  82.7586        3.9000       1.74000  28.20    40.440    1
  185.5582       2.6254       1.00000  0.00     40.440    0
  80.1395        4.5000       1.77279  49.50    36.830    1
  -230.8690      0.1000       1.00000  0.00     36.830    0
  131.2066       1.8000       1.74000  28.20    36.340    1
  34.7685        6.9000       1.49782  82.50    36.340    1
  -227.2220      0.1000       1.00000  0.00     36.340    0
  57.9478        3.5000       1.64000  60.00    34.210    1
  198.8407       2.1486       1.00000  0.00     32.530    0
  -634.3708      1.6000       1.77279  49.50    26.660    1
  24.1129        4.2000       1.78470  26.10    26.660    1
  77.0897        2.1000       1.00000  0.00     26.220    0
  -88.6913       1.6000       1.69680  55.60    26.220    1
  88.6913        40.4237      1.00000  0.00     25.140    0
  stop           1.0000       1.00000  0.00     24.847    0
  208.1505       3.4000       1.64000  60.00    26.430    1
  -75.7259       0.1000       1.00000  0.00     26.430    0
  28.8092        6.8000       1.48749  70.40    25.960    1
  -38.4094       1.4000       1.80384  33.90    25.960    1
  38.4094        4.8000       1.48749  70.40    25.960    1
  893.9460       13.4000      1.00000  0.00     25.960    0
  251.6073       4.3000       1.74077  27.60    25.880    1
  -44.6108       16.7000      1.00000  0.00     25.880    0
  -24.1183       1.4000       1.79668  45.40    23.910    1
  -90.5006       52.2864      1.00000  0.00     23.910    0
