# Agfa Solagon 50mm F2
#
# Patent: US002745315
# Converted from photonstophotos.net Optical Bench data
# 11 surfaces, 6 glass elements, f/2.0

name: Agfa Solagon 50mm F2
focal_length: 50.00

surfaces:
# radius       thickness    ior      abbe     semi_ap   coating
  34.9215        3.3300       1.62300  58.10    25.030    1
  105.8665       0.3050       1.00000  0.00     25.030    0
  16.9125        5.7950       1.66670  48.40    23.160    1
  0              1.4450       1.62540  35.60    22.110    1
  11.7815        6.4400       1.00000  0.00     17.410    0
  stop           4.0000       1.00000  0.00     16.646    0
  -14.6070       1.4950       1.62540  35.60    17.090    1
  0              5.4100       1.66670  48.40    18.700    1
  -21.4235       0.0500       1.00000  0.00     18.700    0
  310.0150       3.1350       1.62300  58.10    18.560    1
  -32.4000       34.3000      1.00000  0.00     18.560    0
