# Agfa Color-Magnolar II 100mm F4.5
#
# Patent: GB0775944
# Converted from photonstophotos.net Optical Bench data
# 9 surfaces, 5 glass elements, f/4.5

name: Agfa Color-Magnolar II 100mm F4.5
focal_length: 60.00

surfaces:
# radius       thickness    ior      abbe     semi_ap   coating
  18.7098        4.2942       1.62041  60.30    15.970    1
  -34.9952       1.2239       1.56138  45.30    15.970    1
  330.7469       2.8607       1.00000  0.00     13.720    0
  -32.3800       0.6638       1.54041  50.90    14.450    1
  15.3903        1.1662       1.00000  0.00     10.660    0
  stop           3.3000       1.00000  0.00     10.587    0
  -368.1611      0.6638       1.52310  50.90    13.220    1
  15.3903        3.9230       1.62041  60.30    16.000    1
  -25.5437       49.5900      1.00000  0.00     16.000    0
