# Nikon AI AF Nikkor 24-120mm f/3.5-5.6D
#
# Patent: US005734508
# Converted from photonstophotos.net Optical Bench data
# 28 surfaces, 16 glass elements, f/3.6

name: Nikon AI AF Nikkor 24-120mm f/3.5-5.6D
focal_length: 24.70

surfaces:
# radius       thickness    ior      abbe     semi_ap   coating
  176.8020       1.8000       1.86074  23.00    64.240    1
  65.9500        8.3000       1.71300  53.90    59.520    1
  1066.1440      0.1000       1.00000  0.00     59.520    0
  51.9720        6.1000       1.77279  49.50    53.100    1
  147.1890       1.9670       1.00000  0.00     53.100    0
  245.7220       0.0300       1.49521  56.30    28.930    1
  107.0000       1.7700       1.84042  43.40    28.930    1
  13.6850        6.0500       1.00000  0.00     19.410    0
  -29.3850       1.6000       1.84042  43.40    20.670    1
  26.1620        2.3000       1.68893  31.10    18.590    1
  69.4470        0.1000       1.00000  0.00     18.590    0
  32.8150        5.6000       1.75520  27.60    19.680    1
  -22.6980       0.8000       1.00000  0.00     19.680    0
  -18.2780       1.6000       1.77279  49.50    20.060    1
  -65.0500       14.0920      1.00000  0.00     16.000    0
  stop           1.0000       1.00000  0.00     16.229    0
  37.9200        3.3000       1.51680  64.10    18.580    1
  -37.9200       0.2000       1.00000  0.00     18.580    0
  21.2240        5.8000       1.51680  64.10    19.200    1
  -21.2240       1.8000       1.79631  40.90    19.200    1
  45.5470        5.7070       1.00000  0.00     16.680    0
  29.8850        5.0000       1.65844  50.80    17.000    1
  -29.8850       0.1000       1.00000  0.00     17.000    0
  62.2460        1.8000       1.79668  45.40    17.940    1
  26.7830        1.8000       1.00000  0.00     16.890    0
  -83.0630       1.7000       1.83400  37.40    16.890    1
  19.2580        5.0000       1.51823  58.90    18.580    1
  -39.9400       39.3380      1.00000  0.00     18.580    0
