# Nikon AI AF-S Zoom-Nikkor 80-200mm f/2.8D IF-ED
#
# Patent: JP2000-019398
# Converted from photonstophotos.net Optical Bench data
# 33 surfaces, 18 glass elements, f/2.9

name: Nikon AI AF-S Zoom-Nikkor 80-200mm f/2.8D IF-ED
focal_length: 81.55

surfaces:
# radius       thickness    ior      abbe     semi_ap   coating
  97.0939        3.8000       1.80518  25.41    71.500    1
  72.6165        10.4000      1.49782  82.52    71.200    1
  268.0849       0.1000       1.00000  0.00     71.200    0
  157.7721       5.3000       1.49782  82.52    69.920    1
  894.9563       17.0850      1.00000  0.00     69.920    0
  50.7516        2.2000       1.84666  23.82    56.000    1
  44.4939        1.8100       1.00000  0.00     54.550    0
  53.1452        9.0000       1.48749  70.41    54.550    1
  17654.5990     1.9991       1.00000  0.00     54.550    0
  365.8054       1.5000       1.79668  45.37    34.800    1
  33.8586        7.5200       1.00000  0.00     34.080    0
  -51.2952       1.8000       1.48749  70.41    34.080    1
  45.0578        6.0000       1.84666  23.82    35.620    1
  -287.2535      2.1100       1.00000  0.00     34.170    0
  -60.5102       1.8000       1.79668  45.37    34.170    1
  8969.2140      32.0553      1.00000  0.00     37.140    0
  165.9894       4.5000       1.49782  82.52    36.800    1
  -106.8038      0.2000       1.00000  0.00     38.680    0
  772.1751       7.1000       1.49782  82.52    38.680    1
  -40.2253       2.0000       1.74400  45.00    39.700    1
  -100.1483      3.4308       1.00000  0.00     39.700    0
  stop           1.0000       1.00000  0.00     38.414    0
  78.6671        3.5000       1.78797  47.47    40.480    1
  216.2251       0.2000       1.00000  0.00     40.480    0
  39.9627        6.0000       1.49782  82.52    39.200    1
  168.8230       4.4000       1.62004  36.27    38.180    1
  38.2994        30.5000      1.00000  0.00     34.580    0
  272.2610       5.0000       1.53172  48.97    34.340    1
  -62.3609       14.8000      1.00000  0.00     34.340    0
  -36.5028       1.9000       1.80384  33.89    34.080    1
  -160.6086      0.2000       1.00000  0.00     36.120    0
  137.3427       4.6000       1.77279  49.45    37.920    1
  -111.8713      57.0195      1.00000  0.00     37.920    0
