# Nikon AI AF Fisheye-Nikkor 16mm f/2.8D
#
# Patent: US005434713
# Converted from photonstophotos.net Optical Bench data
# 16 surfaces, 9 glass elements, f/2.8

name: Nikon AI AF Fisheye-Nikkor 16mm f/2.8D
focal_length: 15.67

surfaces:
# radius       thickness    ior      abbe     semi_ap   coating
  69.2580        1.7000       1.64000  60.00    52.610    1
  15.1650        10.2500      1.00000  0.00     29.300    0
  130.3050       1.7000       1.62041  60.10    30.270    1
  14.7940        4.0000       1.00000  0.00     22.820    0
  32.4120        8.0000       1.62588  35.70    20.270    1
  -15.2980       9.0000       1.79668  45.40    20.270    1
  -38.7500       7.0500       1.00000  0.00     14.480    0
  stop           3.9300       1.00000  0.00     14.357    0
  -81.0040       1.2000       1.58144  40.80    15.400    1
  24.0020        5.0000       1.51823  58.90    16.610    1
  -20.6080       0.8900       1.00000  0.00     16.610    0
  46.7330        5.5000       1.51860  70.00    19.630    1
  -19.2190       1.3000       1.78470  26.10    19.630    1
  -40.7060       0.8500       1.00000  0.00     21.660    0
  0              1.2000       1.51680  64.10    23.210    1
  0              38.6304      1.00000  0.00     23.210    0
