# Nikon AF Micro-Nikkor 60mm f/2.8D
#
# Patent: US005751485
# Converted from photonstophotos.net Optical Bench data
# 16 surfaces, 8 glass elements, f/2.8

name: Nikon AF Micro-Nikkor 60mm f/2.8D
focal_length: 60.00

surfaces:
# radius       thickness    ior      abbe     semi_ap   coating
  70.8774        2.8000       1.76684  46.79    22.030    1
  -205.2345      0.1000       1.00000  0.00     22.030    0
  17.8517        3.5000       1.71700  48.06    20.740    1
  35.8010        1.0000       1.00000  0.00     18.950    0
  93.5847        1.2000       1.62588  35.70    20.740    1
  15.5020        3.7696       1.00000  0.00     16.800    0
  stop           2.2800       1.00000  0.00     16.475    0
  -23.4716       1.2000       1.69895  30.05    16.440    1
  120.0280       9.0000       1.71300  53.89    19.240    1
  -28.6509       0.2000       1.00000  0.00     19.240    0
  312.7704       2.8000       1.76684  46.79    20.430    1
  -60.9477       1.2334       1.00000  0.00     20.430    0
  280.3072       4.2000       1.64831  33.75    26.810    1
  -38.6396       1.5000       1.00000  0.00     26.810    0
  -36.7728       1.5000       1.79631  40.90    25.970    1
  192.9172       39.3844      1.00000  0.00     27.090    0
