# Nikon AI Nikkor 28mm f/1.4D
#
# Patent: US005315441
# Converted from photonstophotos.net Optical Bench data
# 20 surfaces, 11 glass elements, f/1.4

name: Nikon AI Nikkor 28mm f/1.4D
focal_length: 28.62

surfaces:
# radius       thickness    ior      abbe     semi_ap   coating
  66.2300        2.0000       1.51680  64.10    50.720    1
  25.1260        13.9000      1.00000  0.00     41.780    0
  89.2070        4.7000       1.77279  49.40    37.620    1
  -164.1240      0.1000       1.00000  0.00     37.620    0
  87.1190        1.5000       1.48749  70.40    32.500    1
  23.1250        7.9000       1.00000  0.00     28.800    0
  -49.5770       9.0000       1.51860  69.90    26.430    1
  -15.6900       1.5000       1.51454  54.60    26.430    1
  462.5390       0.2000       1.00000  0.00     30.610    0
  33.2280        9.0000       1.80411  46.50    34.240    1
  -85.4050       5.0000       1.00000  0.00     34.240    0
  stop           7.5500       1.00000  0.00     29.104    0
  -23.2760       3.6000       1.74810  52.30    26.800    1
  -19.7310       1.0000       1.75520  27.60    27.390    1
  -568.3310      1.0000       1.00000  0.00     29.070    0
  -122.2490      3.5000       1.77279  49.40    30.730    1
  -46.4730       0.5000       1.00000  0.00     30.730    0
  722.9910       9.3000       1.80411  46.50    31.920    1
  -21.0000       1.5000       1.86074  23.00    31.920    1
  -28.2510       38.1031      1.00000  0.00     33.090    0
