# Nikon AI Nikkor 200mm f/2S IF-ED
#
# Patent: US004176913
# Converted from photonstophotos.net Optical Bench data
# 19 surfaces, 10 glass elements, f/2.0

name: Nikon AI Nikkor 200mm f/2S IF-ED
focal_length: 200.00

surfaces:
# radius       thickness    ior      abbe     semi_ap   coating
  200.0000       14.0000      1.50032  81.90    102.050   1
  -540.0000      0.3000       1.00000  0.00     102.050   0
  112.8690       15.5000      1.50032  81.90    97.660    1
  -600.0000      0.6500       1.00000  0.00     97.660    0
  -480.0000      5.0000       1.75520  27.50    95.690    1
  431.7350       41.2010      1.00000  0.00     95.690    0
  -386.0000      7.5000       1.79504  28.40    70.050    1
  -125.0000      2.6000       1.46450  65.80    69.050    1
  286.1850       21.5000      1.00000  0.00     69.050    0
  -161.2000      3.4000       1.46450  65.80    55.900    1
  67.8150        22.9120      1.00000  0.00     53.210    0
  171.0000       6.5000       1.69350  53.60    53.710    1
  -131.9750      2.0000       1.00000  0.00     53.710    0
  -213.0000      2.0000       1.59507  35.60    52.370    1
  61.0000        11.0000      1.69680  55.60    50.690    1
  -193.2370      11.2000      1.00000  0.00     50.690    0
  stop           10.8000      1.00000  0.00     39.998    0
  -130.0000      3.0000       1.46450  35.74    38.640    1
  -311.7050      63.6000      1.00000  0.00     35.740    0
