# Nikon AI Nikkor 35mm f/1.4S
#
# Patent: US003576360
# Converted from photonstophotos.net Optical Bench data
# 17 surfaces, 9 glass elements, f/1.4

name: Nikon AI Nikkor 35mm f/1.4S
focal_length: 35.00

surfaces:
# radius       thickness    ior      abbe     semi_ap   coating
  45.4030        2.0416       1.56883  56.00    42.500    1
  24.8890        4.2777       1.00000  0.00     35.720    0
  48.6110        2.0416       1.54814  45.90    38.680    1
  25.6670        8.5554       1.00000  0.00     32.880    0
  37.7220        8.2639       1.80411  46.40    34.390    1
  -40.8330       15.5554      1.50137  56.50    34.390    1
  151.2110       1.3436       1.00000  0.00     29.180    0
  stop           6.4341       1.00000  0.00     26.889    0
  -25.9680       4.2777       1.80411  46.40    26.940    1
  -18.4720       0.9723       1.78470  26.10    27.710    1
  180.2700       1.6527       1.00000  0.00     30.000    0
  -110.1330      3.8889       1.77250  49.50    30.000    1
  -30.6250       0.0487       1.00000  0.00     31.660    0
  -972.2220      3.6946       1.77250  49.50    32.310    1
  -52.9380       0.0487       1.00000  0.00     32.310    0
  102.0840       3.3054       1.71300  53.90    34.150    1
  -106.4340      37.2540      1.00000  0.00     34.150    0
