# Nikon AI Nikkor 50mm f/1.2S
#
# Patent: US004621909
# Converted from photonstophotos.net Optical Bench data
# 14 surfaces, 7 glass elements, f/1.2

name: Nikon AI Nikkor 50mm f/1.2S
focal_length: 51.60

surfaces:
# radius       thickness    ior      abbe     semi_ap   coating
  47.0700        5.3000       1.79668  45.50    46.290    1
  184.2820       0.6000       1.00000  0.00     46.290    0
  29.9200        7.1500       1.79631  41.00    41.370    1
  50.5000        2.0000       1.00000  0.00     41.370    0
  60.5000        1.0000       1.71736  29.50    36.210    1
  17.7280        9.9000       1.00000  0.00     29.430    0
  stop           8.7000       1.00000  0.00     27.759    0
  -17.5000       1.3000       1.75520  27.60    28.390    1
  1000.0000      8.4500       1.77279  49.40    38.910    1
  -28.0000       0.1000       1.00000  0.00     38.910    0
  -142.0000      6.8000       1.77279  49.40    42.070    1
  -35.9400       0.5160       1.00000  0.00     42.070    0
  92.0000        3.3000       1.74430  49.50    38.380    1
  -277.8520      38.0490      1.00000  0.00     38.380    0
