# Nikon AI Nikkor 180mm f/2.8 ED
#
# Patent: US004338001
# Converted from photonstophotos.net Optical Bench data
# 11 surfaces, 5 glass elements, f/2.8

name: Nikon AI Nikkor 180mm f/2.8 ED
focal_length: 180.00

surfaces:
# radius       thickness    ior      abbe     semi_ap   coating
  99.0220        11.5000      1.50032  81.90    64.940    1
  -140.8390      2.1000       1.00000  0.00     64.940    0
  -138.0560      3.7000       1.74950  35.00    64.940    1
  373.0000       6.3000       1.00000  0.00     64.940    0
  77.7740        9.2000       1.65844  50.80    61.000    1
  239.9990       58.1000      1.00000  0.00     61.000    0
  stop           16.4000      1.00000  0.00     31.503    0
  -35.5000       1.8000       1.51454  54.60    31.360    1
  -550.0010      0.5000       1.00000  0.00     31.360    0
  220.0000       5.0000       1.79668  45.40    31.360    1
  -162.1930      41.2600      1.00000  0.00     31.360    0
