# Nikon AI Nikkor 135mm f/2
#
# Patent: US004062630
# Converted from photonstophotos.net Optical Bench data
# 11 surfaces, 6 glass elements, f/2.0

name: Nikon AI Nikkor 135mm f/2
focal_length: 135.00

surfaces:
# radius       thickness    ior      abbe     semi_ap   coating
  78.3200        11.0970      1.71700  48.10    69.260    1
  420.0000       0.5000       1.00000  0.00     69.260    0
  51.5000        3.6990       1.62606  39.10    61.800    1
  30.5010        17.9010      1.58913  61.20    52.910    1
  270.0000       3.4970       1.00000  0.00     52.910    0
  0              12.0020      1.74000  28.20    47.530    1
  -47.0000       1.6070       1.71736  29.50    47.530    1
  30.7760        11.7850      1.00000  0.00     35.160    0
  stop           22.1140      1.00000  0.00     31.210    0
  85.9420        12.0020      1.71736  29.50    32.070    1
  843.3370       39.4300      1.00000  0.00     32.070    0
