# Nikon AI Zoom-Nikkor 35-200mm f/3.5-4.5S
#
# Patent: US004770511
# Converted from photonstophotos.net Optical Bench data
# 31 surfaces, 17 glass elements, f/3.5

name: Nikon AI Zoom-Nikkor 35-200mm f/3.5-4.5S
focal_length: 36.16

surfaces:
# radius       thickness    ior      abbe     semi_ap   coating
  158.9600       1.5000       1.80518  25.36    54.410    1
  64.1800        8.0000       1.49782  82.28    51.840    1
  -138.7900      0.1000       1.00000  0.00     51.840    0
  47.2200        4.3000       1.67003  47.05    43.260    1
  127.1900       1.2660       1.00000  0.00     43.260    0
  133.0600       1.3000       1.90265  35.76    27.260    1
  23.6400        2.9000       1.00000  0.00     24.320    0
  154.6200       4.2000       1.80518  25.36    24.320    1
  -32.4800       1.1000       1.80411  46.43    22.490    1
  117.1700       2.7000       1.00000  0.00     20.800    0
  -25.4100       1.0000       1.71300  53.97    20.800    1
  30.7700        2.8000       1.86074  23.00    22.660    1
  483.9300       19.1670      1.00000  0.00     22.660    0
  stop           0.9000       1.00000  0.00     20.590    0
  -486.7900      2.5000       1.51680  64.12    24.760    1
  -39.4300       0.1000       1.00000  0.00     24.760    0
  36.2400        4.5000       1.51860  70.08    25.880    1
  -84.6900       0.8000       1.00000  0.00     25.880    0
  -47.6500       1.0000       1.86074  23.00    25.880    1
  -121.8400      17.3440      1.00000  0.00     26.380    0
  72.4800        3.0000       1.51680  64.12    26.380    1
  -115.6500      0.1000       1.00000  0.00     26.380    0
  46.7800        3.9000       1.62041  60.29    25.630    1
  107.7400       7.0000       1.00000  0.00     25.630    0
  -89.6900       2.0000       1.79631  40.98    23.930    1
  37.5900        2.5000       1.00000  0.00     23.930    0
  -289.1500      2.5000       1.51680  64.12    24.810    1
  -47.3700       0.1000       1.00000  0.00     24.810    0
  93.5300        6.5000       1.51835  60.34    26.790    1
  -24.6100       1.3000       1.78797  47.53    26.790    1
  -43.4300       54.3700      1.00000  0.00     27.670    0
