# Nikon AI Zoom-Nikkor 25-50mm f/4
#
# Patent: US004189212
# Converted from photonstophotos.net Optical Bench data
# 22 surfaces, 11 glass elements, f/4.0

name: Nikon AI Zoom-Nikkor 25-50mm f/4
focal_length: 25.50

surfaces:
# radius       thickness    ior      abbe     semi_ap   coating
  80.0000        3.5000       1.77279  49.40    58.180    1
  32.4710        10.0000      1.00000  0.00     45.730    0
  -630.0000      5.0000       1.60342  38.00    45.730    1
  -70.3000       0.1000       1.00000  0.00     45.730    0
  -217.4010      3.3000       1.80279  46.80    42.980    1
  38.9070        18.9000      1.00000  0.00     36.290    0
  57.9240        3.6000       1.80518  25.50    36.030    1
  106.7020       35.4120      1.00000  0.00     36.030    0
  56.8000        2.9000       1.53172  48.90    23.860    1
  -86.7000       1.2000       1.80518  25.50    23.860    1
  -219.5000      0.1000       1.00000  0.00     25.000    0
  31.6480        4.0000       1.50137  56.50    25.000    1
  201.0000       0.1000       1.00000  0.00     25.000    0
  21.6360        6.8000       1.50137  56.50    23.790    1
  72.7000        1.0000       1.00000  0.00     20.360    0
  stop           2.8000       1.00000  0.00     13.005    0
  -2100.0000     2.4000       1.79504  28.40    18.980    1
  16.7390        1.9000       1.00000  0.00     16.060    0
  185.0000       3.8000       1.46450  65.80    18.890    1
  -57.4320       0.1000       1.00000  0.00     18.890    0
  174.5000       2.3000       1.50137  56.50    18.890    1
  -58.8290       39.6120      1.00000  0.00     18.890    0
