# Angenieux DEM 180mm F2.3 APO
#
# Patent: US004726669
# Converted from photonstophotos.net Optical Bench data
# 15 surfaces, 8 glass elements, f/2.3

name: Angenieux DEM 180mm F2.3 APO
focal_length: 180.00

surfaces:
# radius       thickness    ior      abbe     semi_ap   coating
  85.6872        11.9880      1.58900  61.20    80.360    1
  -2002.0536     3.0060       1.00000  0.00     80.360    0
  61.8390        13.9860      1.49700  81.60    69.940    1
  5668.4898      0.1080       1.00000  0.00     66.020    0
  0              3.9960       1.78500  25.90    66.020    1
  131.0832       26.9820      1.00000  0.00     61.760    0
  1784.2662      2.5020       1.77200  49.70    43.580    1
  40.1706        6.6280       1.00000  0.00     39.080    0
  stop           4.3700       1.00000  0.00     36.604    0
  -57.2148       7.9920       1.80600  40.90    39.360    1
  -24.6060       2.5020       1.77200  49.70    39.080    1
  -66.5946       17.9820      1.00000  0.00     41.000    0
  94.4082        2.5020       1.72800  28.40    41.260    1
  51.0804        5.9940       1.77200  49.70    41.260    1
  -678.5694      80.4800      1.00000  0.00     41.260    0
