# Angenieux 28mm f3.5 R11
#
# Patent: GB0720808
# Converted from photonstophotos.net Optical Bench data
# 11 surfaces, 5 glass elements, f/3.5

name: Angenieux 28mm f3.5 R11
focal_length: 28.00

surfaces:
# radius       thickness    ior      abbe     semi_ap   coating
  95.5200        5.8700       1.67510  32.30    51.600    1
  805.6700       0.3000       1.00000  0.00     48.460    0
  37.9900        4.4000       1.62040  60.20    14.620    1
  -90.6200       0.1500       1.00000  0.00     13.660    0
  20.3600        4.2900       1.62040  60.20    14.000    1
  55.2500        1.3700       1.00000  0.00     11.460    0
  stop           1.3700       1.00000  0.00     10.871    0
  -23.4400       0.6200       1.62870  35.30    10.860    1
  18.1800        1.9700       1.00000  0.00     11.740    0
  90.6200        2.4900       1.62040  60.20    10.940    1
  -15.1400       37.6200      1.00000  0.00     12.000    0
