# Angenieux 35mm f2.5 R1
#
# Patent: GB0673358
# Converted from photonstophotos.net Optical Bench data
# 12 surfaces, 6 glass elements, f/2.5

name: Angenieux 35mm f2.5 R1
focal_length: 35.00

surfaces:
# radius       thickness    ior      abbe     semi_ap   coating
  63.1700        2.2200       1.61450  59.80    46.980    1
  29.4200        32.6100      1.00000  0.00     42.600    0
  40.0400        3.1900       1.62430  46.80    22.840    1
  -144.2900      0.1800       1.00000  0.00     21.860    0
  24.2100        6.0300       1.62260  53.00    20.000    1
  83.1100        1.6900       1.00000  0.00     16.600    0
  stop           1.5000       1.00000  0.00     15.502    0
  -32.7200       1.5100       1.61410  37.00    15.170    1
  17.6900        3.5500       1.00000  0.00     17.380    0
  141.5500       0.8000       1.62870  35.30    16.280    1
  13.5600        5.6700       1.63910  55.80    17.480    1
  -19.3200       37.0700      1.00000  0.00     17.480    0
