# AstrHori 40mm F5.6 Full Frame
#
# Patent: CN221175107
# Converted from photonstophotos.net Optical Bench data
# 13 surfaces, 7 glass elements, f/5.6

name: AstrHori 40mm F5.6 Full Frame
focal_length: 40.00

surfaces:
# radius       thickness    ior      abbe     semi_ap   coating
  stop           0.0000       1.00000  0.00     7.140     0
  15.6300        2.4300       1.75500  52.34    12.580    1
  22.3000        3.1300       1.00000  0.00     12.580    0
  146.2000       6.0000       1.49700  81.61    10.060    1
  -8.2000        1.0000       1.62005  36.35    10.060    1
  28.9000        0.1000       1.00000  0.00     12.770    0
  32.6000        4.2600       2.00331  28.32    12.550    1
  -10.5000       2.6000       1.72825  28.31    12.550    1
  58.7700        0.9400       1.00000  0.00     14.790    0
  -60.0000       2.7300       2.00331  28.32    14.790    1
  -19.1900       1.3000       1.00000  0.00     15.310    0
  -11.6000       3.0000       1.80519  25.48    15.310    1
  -27.6300       23.5100      1.00000  0.00     20.140    0
