# US 6,115,188 Example 15
#
# Patent: US006115188
# Converted from photonstophotos.net Optical Bench data
# 30 surfaces, 16 glass elements, f/4.1

name: US 6,115,188 Example 15
focal_length: 589.10

surfaces:
# radius       thickness    ior      abbe     semi_ap   coating
  248.2020       20.0000      1.49700  81.60    146.400   1
  -498.4300      41.1800      1.00000  0.00     146.400   0
  167.0060       13.8000      1.49700  81.60    120.000   1
  -9370.5950     3.9500       1.00000  0.00     120.000   0
  -423.5600      6.0000       1.83481  42.70    118.400   1
  267.3810       55.5800      1.00000  0.00     113.060   0
  143.1020       16.0000      1.43387  95.10    103.460   1
  -431.7810      19.0200      1.00000  0.00     103.460   0
  61.1310        8.0000       1.51633  64.20    79.200    1
  51.6510        24.0700      1.00000  0.00     70.660    0
  444.8280       5.0000       1.80518  25.40    61.830    1
  -175.0880      3.0000       1.83481  42.70    61.830    1
  109.7770       78.3600      1.00000  0.00     59.060    0
  stop           3.0000       1.00000  0.00     38.230    0
  110.9470       2.0000       1.80518  25.40    37.220    1
  43.5770        7.0000       1.63854  55.40    37.220    1
  -252.2660      1.5000       1.00000  0.00     37.220    0
  99.5920        4.5000       1.80518  25.40    34.860    1
  -196.1390      2.0000       1.58913  61.20    34.860    1
  42.4360        5.6400       1.00000  0.00     32.670    0
  -97.3870       2.0000       1.77250  49.60    32.670    1
  91.7710        3.5000       1.00000  0.00     32.670    0
  99.5420        8.0000       1.64769  33.80    35.360    1
  -56.0120       2.0000       1.80518  25.40    35.360    1
  -669.2420      5.0000       1.00000  0.00     35.360    0
  99.6060        5.0000       1.58144  40.80    38.820    1
  -224.1050      30.0000      1.00000  0.00     38.820    0
  0              20.0000      1.00000  0.00     39.880    0
  0              2.0000       1.51633  64.20    51.360    1
  0              68.3200      1.00000  0.00     51.360    0
