# Canon New FD100mm f2
#
# Patent: JP1978-133028
# Converted from photonstophotos.net Optical Bench data
# 11 surfaces, 6 glass elements, f/2.0

name: Canon New FD100mm f2
focal_length: 100.00

surfaces:
# radius       thickness    ior      abbe     semi_ap   coating
  56.4200        7.7900       1.62299  58.20    50.060    1
  1414.7900      0.1200       1.00000  0.00     50.060    0
  47.2500        15.2900      1.60311  60.70    46.210    1
  1386.1400      6.4900       1.72151  29.20    46.210    1
  87.2900        4.3000       1.00000  0.00     33.030    0
  -456.0300      3.8000       1.67270  32.10    35.530    1
  27.3800        8.1700       1.00000  0.00     26.680    0
  stop           13.8100      1.00000  0.00     25.627    0
  288.0300       2.5000       1.59270  35.30    30.750    1
  46.8100        5.1000       1.80610  40.90    30.750    1
  -99.0100       42.7000      1.00000  0.00     30.750    0
