# Canon EF50mm f/1.0L USM
#
# Patent: US004717245
# Converted from photonstophotos.net Optical Bench data
# 21 surfaces, 11 glass elements, f/1.0

name: Canon EF50mm f/1.0L USM
focal_length: 52.00

surfaces:
# radius       thickness    ior      abbe     semi_ap   coating
  138.0550       5.1010       1.60311  60.70    60.550    1
  652.5120       0.0990       1.00000  0.00     60.550    0
  87.4690        4.8980       1.69680  55.50    56.040    1
  271.8350       0.1510       1.00000  0.00     56.040    0
  0              3.9990       1.51742  52.40    48.930    1
  40.5700        7.8000       1.88300  40.80    46.510    1
  145.7460       1.3000       1.00000  0.00     46.510    0
  568.6200       2.6990       1.51742  52.40    44.080    1
  26.6550        8.3670       1.00000  0.00     36.630    0
  stop           10.2290      1.00000  0.00     35.333    0
  -25.4180       2.0070       1.84666  23.90    36.280    1
  76.9650        13.2600      1.88300  40.80    43.840    1
  -36.1920       1.6380       1.00000  0.00     44.398    0
  -31.2730       2.5010       1.80518  25.40    44.398    1
  0              0.1510       1.00000  0.00     49.850    0
  -208.9930      6.8020       1.88300  40.80    53.960    1
  -51.6200       0.0990       1.00000  0.00     53.960    0
  1947.9560      6.5990       1.88300  40.80    54.480    1
  -72.6020       0.4990       1.00000  0.00     54.480    0
  74.0430        4.6020       1.55963  61.20    47.200    1
  499.9960       38.7100      1.00000  0.00     47.200    0
