# Canon RF70-200mm F2.8 L IS USM Z
#
# Patent: US20250155694
# Converted from photonstophotos.net Optical Bench data
# 35 surfaces, 19 glass elements, f/2.9

name: Canon RF70-200mm F2.8 L IS USM Z
focal_length: 72.00

surfaces:
# radius       thickness    ior      abbe     semi_ap   coating
  118.6410       1.4500       1.74951  35.30    67.720    1
  75.8070        10.5800      1.43875  94.70    66.170    1
  -665.6270      0.2000       1.00000  0.00     65.630    0
  74.1870        7.7100       1.43875  94.70    64.070    1
  280.5050       1.4800       1.00000  0.00     63.150    0
  71.4200        5.8200       1.56732  42.80    46.310    1
  -798.3370      0.2000       1.00000  0.00     44.700    0
  233.2900       1.4000       1.65160  58.50    41.820    1
  38.0960        8.4600       1.00000  0.00     36.430    0
  -74.8070       1.4000       1.53775  74.70    34.560    1
  61.3890        20.3100      1.00000  0.00     33.040    0
  52.5380        3.5500       1.85478  24.80    33.570    1
  149.8140       3.4600       1.00000  0.00     33.250    0
  -62.9460       1.4000       1.59349  67.00    33.210    1
  283.6960       31.2200      1.00000  0.00     33.650    0
  stop           0.4000       1.00000  0.00     34.390    0
  31.1360        10.9500      1.49700  81.50    35.880    1
  -70.1060       0.2000       1.00000  0.00     35.110    0
  321.2010       1.4000       1.77047  29.70    33.740    1
  35.3440        4.3400       1.00000  0.00     32.100    0
  69.8270        1.0500       1.85478  24.80    32.510    1
  36.3870        6.3700       1.80400  46.50    32.140    1
  -336.6510      0.0700       1.58946  30.60    31.900    1
  -302.0400      3.0100       1.00000  0.00     31.890    0
  44.7730        5.1000       1.59522  67.70    30.310    1
  -541.5570      1.8800       1.00000  0.00     29.340    0
  795.9150       2.7800       1.92286  20.90    27.230    1
  -86.2270       1.1000       1.62299  58.20    26.990    1
  26.9390        18.6000      1.00000  0.00     25.800    0
  -154.6190      4.6500       1.58313  59.40    30.940    1
  -41.3110       5.5600       1.00000  0.00     31.400    0
  -48.4130       1.3000       1.77047  29.70    31.250    1
  0              9.4800       1.00000  0.00     32.250    0
  126.1570       3.1000       2.00100  29.10    38.910    1
  -1961.0220     37.1300      1.00000  0.00     39.010    0
