# Canon FD85-300mm f4.5 SSC
#
# Patent: GB1418386
# Converted from photonstophotos.net Optical Bench data
# 26 surfaces, 14 glass elements, f/4.5

name: Canon FD85-300mm f4.5 SSC
focal_length: 85.00

surfaces:
# radius       thickness    ior      abbe     semi_ap   coating
  851.2900       3.0000       1.71736  29.51    71.860    1
  134.7000       8.4000       1.58913  61.11    71.860    1
  -268.5400      0.1000       1.00000  0.00     71.860    0
  113.9200       5.1300       1.58913  61.11    68.020    1
  333.4378       2.8625       1.00000  0.00     67.800    0
  -6363.2000     1.5000       1.71300  53.98    39.220    1
  69.3460        5.5000       1.00000  0.00     39.220    0
  -84.5820       1.5000       1.71300  53.98    35.800    1
  68.9500        3.8500       1.80518  25.43    35.800    1
  -862.7837      81.8992      1.00000  0.00     35.800    0
  148.5500       4.7900       1.58913  61.11    39.440    1
  -100.8500      0.1000       1.00000  0.00     39.440    0
  -325.4100      0.1000       1.00000  0.00     39.440    0
  130.4300       5.9300       1.58913  61.11    38.580    1
  -81.7630       3.0000       1.80518  25.43    38.580    1
  434.7366       8.0000       1.00000  0.00     38.580    0
  stop           2.0000       1.00000  0.00     28.566    0
  -76.8920       4.2200       1.59270  35.29    28.340    1
  -27.9110       1.4000       1.63854  55.38    28.340    1
  -2572.2000     4.9900       1.00000  0.00     28.340    0
  23.3280        4.6600       1.58913  61.11    26.730    1
  37.1620        2.2700       1.00000  0.00     26.730    0
  109.0000       1.6000       1.67003  47.25    24.860    1
  25.2560        5.7200       1.00000  0.00     24.860    0
  -134.8900      3.5000       1.51633  64.15    24.050    1
  -35.3152       103.8400     1.00000  0.00     24.050    0
