# Canon RF28-70mm F2.8 IS STM
#
# Patent: US20240329367
# Converted from photonstophotos.net Optical Bench data
# 30 surfaces, 16 glass elements, f/2.9

name: Canon RF28-70mm F2.8 IS STM
focal_length: 28.80

surfaces:
# radius       thickness    ior      abbe     semi_ap   coating
  71.6980        7.4000       1.49700  81.70    52.980    1
  -1074.7710     0.8500       1.00000  0.00     52.980    0
  95.7690        1.6000       1.89190  37.10    38.400    1
  22.4550        7.0500       1.00000  0.00     30.830    0
  -369.9590      1.2500       1.60311  60.60    30.100    1
  22.1260        7.0000       1.90366  31.30    27.210    1
  412.5080       4.8600       1.00000  0.00     27.210    0
  -36.4570       1.0000       1.85150  40.80    22.600    1
  -89.2520       21.6400      1.00000  0.00     22.600    0
  stop           0.6500       1.00000  0.00     18.068    0
  43.9280        3.4500       2.00100  29.10    25.050    1
  -750.0000      2.4000       1.00000  0.00     25.050    0
  106.4320       3.7000       1.58313  59.40    24.480    1
  -70.7980       2.3300       1.00000  0.00     24.480    0
  -41.4450       1.2000       1.77047  29.70    23.280    1
  220.2690       4.8600       1.00000  0.00     23.280    0
  0              1.2000       1.85478  24.80    26.790    1
  28.8420        6.1000       1.49700  81.70    26.790    1
  -56.2030       2.0000       1.00000  0.00     26.790    0
  55.6220        3.8000       1.58313  59.40    29.190    1
  -248.8800      0.2000       1.00000  0.00     29.190    0
  69.9090        7.7500       1.59522  67.70    31.750    1
  -31.6900       3.2200       1.00000  0.00     31.750    0
  71.3790        1.1000       1.61340  44.30    29.640    1
  23.3800        12.6800      1.00000  0.00     27.790    0
  -53.9640       1.3000       1.74400  44.80    31.620    1
  43.0970        4.8000       1.92286  20.90    34.960    1
  -750.0000      13.0000      1.00000  0.00     34.960    0
  0              2.0000       1.54400  66.30    50.280    1
  0              1.0900       1.00000  0.00     50.280    0
