# Canon EF50mm f2.5 Compact Macro
#
# Patent: JP1988-179308
# Converted from photonstophotos.net Optical Bench data
# 18 surfaces, 9 glass elements, f/2.5

name: Canon EF50mm f2.5 Compact Macro
focal_length: 50.50

surfaces:
# radius       thickness    ior      abbe     semi_ap   coating
  76.7200        2.2500       1.72000  50.20    21.980    1
  -171.5900      0.1500       1.00000  0.00     20.240    0
  25.0900        3.6000       1.80610  40.90    21.100    1
  65.7200        0.6000       1.00000  0.00     18.800    0
  462.2100       3.2700       1.60717  40.30    21.100    1
  16.1700        4.0000       1.00000  0.00     16.950    0
  stop           3.1000       1.00000  0.00     15.649    0
  -38.3400       3.3000       1.69895  30.10    17.880    1
  -25.2600       1.3500       1.00000  0.00     23.510    0
  -14.6600       1.8700       1.80518  25.40    17.330    1
  156.1900       4.7700       1.83400  37.20    22.890    1
  -25.2500       0.2500       1.00000  0.00     22.890    0
  -88.5800       3.6000       1.77250  49.60    24.490    1
  -24.7800       1.7000       1.00000  0.00     24.490    0
  85.7800        1.8000       1.66672  48.30    30.470    1
  40.4000        1.0600       1.00000  0.00     29.240    0
  64.4400        3.0000       1.58144  40.70    30.470    1
  1441.2300      38.9100      1.00000  0.00     30.470    0
