# Canon EF-S 24mm f2.8 STM with 1.61x EF-S to RF TC
#
# Patent: US20190391364
# Converted from photonstophotos.net Optical Bench data
# 22 surfaces, 12 glass elements, f/4.7

name: Canon EF-S 24mm f2.8 STM with 1.61x EF-S to RF TC
focal_length: 39.54

surfaces:
# radius       thickness    ior      abbe     semi_ap   coating
  23.7060        2.8300       1.91082  35.30    16.130    1
  63.1840        0.2500       1.00000  0.00     14.420    0
  22.2660        0.9000       1.48749  70.20    12.890    1
  7.2130         4.0000       1.00000  0.00     10.110    0
  0              3.2600       1.00000  0.00     8.130     0
  stop           3.2400       1.00000  0.00     8.780     0
  -16.3210       4.8200       1.69680  55.50    9.300     1
  -8.4000        0.8000       1.80610  33.30    11.370    1
  -36.4380       0.2000       1.00000  0.00     13.670    0
  227.5370       4.3900       1.59522  67.70    15.230    1
  -15.5470       0.9000       1.00000  0.00     16.720    0
  -34.8420       3.5500       1.58313  59.40    17.760    1
  -15.0350       4.1900       1.00000  0.00     18.940    0
  141.3140       1.2000       1.95375  32.30    25.800    1
  20.8110        8.9000       1.80518  25.40    25.400    1
  -50.5450       4.4500       1.00000  0.00     25.600    0
  -36.6370       1.2000       2.00100  29.10    24.100    1
  62.8360        8.7000       1.62588  35.70    25.000    1
  -19.8570       1.3000       2.00100  29.10    25.800    1
  -424.2250      7.2000       1.00000  0.00     29.000    0
  -74.2710       9.3500       1.59551  39.20    35.200    1
  -25.4090       13.9600      1.00000  0.00     37.900    0
