# Canon RF15-30mm F4.5-6.3 IS STM
#
# Patent: EP4174551
# Converted from photonstophotos.net Optical Bench data
# 25 surfaces, 13 glass elements, f/4.6

name: Canon RF15-30mm F4.5-6.3 IS STM
focal_length: 15.45

surfaces:
# radius       thickness    ior      abbe     semi_ap   coating
  39.4850        1.8000       2.00100  29.10    35.980    1
  19.2770        6.3500       1.00000  0.00     29.060    0
  81.3930        1.4000       1.90043  37.40    27.890    1
  21.6950        6.5300       1.00000  0.00     24.750    0
  -37.6740       1.3000       1.49700  81.50    24.580    1
  45.4450        1.5500       1.00000  0.00     24.800    0
  48.0660        6.3300       1.80610  33.30    25.360    1
  -58.1210       24.8400      1.00000  0.00     25.190    0
  75.7090        2.9100       1.63930  44.90    12.620    1
  -99.0710       5.0000       1.00000  0.00     11.750    0
  stop           3.0000       1.00000  0.00     10.250    0
  90.8070        1.0000       1.80400  46.50    10.200    1
  21.2030        2.4100       1.71300  53.90    10.110    1
  -125.9650      2.0000       1.00000  0.00     10.050    0
  14.4340        3.3900       1.48749  70.20    10.460    1
  47.6190        3.3800       1.00000  0.00     10.700    0
  40.6160        1.0000       1.90043  37.40    11.540    1
  10.4730        5.5200       1.49700  81.50    11.520    1
  -36.7850       2.8600       1.00000  0.00     12.720    0
  -24.1050       1.1000       1.80100  35.00    14.790    1
  -332.7360      9.0000       1.00000  0.00     15.940    0
  -50.0000       3.0000       1.53110  55.90    21.210    1
  -33.8340       1.2000       1.00000  0.00     23.270    0
  -186.6030      4.9100       1.80400  46.50    37.460    1
  -45.0000       13.5000      1.00000  0.00     38.410    0
