# Canon EF35-70mm f3.5-4.5
#
# Patent: JP1987-124516
# Converted from photonstophotos.net Optical Bench data
# 18 surfaces, 9 glass elements, f/3.5

name: Canon EF35-70mm f3.5-4.5
focal_length: 36.30

surfaces:
# radius       thickness    ior      abbe     semi_ap   coating
  29.9080        1.5650       1.69680  55.50    32.440    1
  16.4580        7.8770       1.00000  0.00     26.760    0
  -119.3000      1.3610       1.69680  55.50    28.590    1
  91.5090        0.4070       1.00000  0.00     26.170    0
  24.4040        2.6930       1.75520  27.50    25.730    1
  37.4360        23.6590      1.00000  0.00     25.730    0
  30.4410        3.0460       1.69680  55.50    19.360    1
  -104.8490      1.6030       1.00000  0.00     19.360    0
  stop           0.4150       1.00000  0.00     16.665    0
  16.9780        4.2180       1.59551  39.20    17.870    1
  -88.5210       0.9080       1.80518  25.40    17.870    1
  53.2160        0.7990       1.00000  0.00     16.570    0
  -231.6630      2.5230       1.80518  25.40    16.570    1
  15.9570        4.1020       1.00000  0.00     17.870    0
  66.3750        2.5160       1.67270  32.10    15.460    1
  -32.8840       0.7300       1.00000  0.00     15.460    0
  48.4610        1.5140       1.48749  70.20    21.640    1
  33.7770        39.6300      1.00000  0.00     20.230    0
