# Canon TS-E90mm f2.8L Macro
#
# Patent: JP2018-205474
# Converted from photonstophotos.net Optical Bench data
# 21 surfaces, 11 glass elements, f/2.9

name: Canon TS-E90mm f2.8L Macro
focal_length: 88.13

surfaces:
# radius       thickness    ior      abbe     semi_ap   coating
  70.4460        2.0900       1.51742  52.40    36.080    1
  31.6910        4.1600       1.00000  0.00     32.900    0
  59.6420        3.4800       1.83481  42.70    32.300    1
  199.5960       2.1600       1.00000  0.00     32.300    0
  -89.5020       1.7000       1.65412  39.70    31.430    1
  58.5510        0.1600       1.00000  0.00     31.430    0
  40.6850        6.6700       1.91082  35.30    32.220    1
  -144.6590      0.1600       1.00000  0.00     32.220    0
  35.7240        8.4500       1.49700  81.50    30.000    1
  -42.9420       1.9000       1.67300  38.10    28.430    1
  26.7580        6.3000       1.00000  0.00     25.780    0
  stop           5.0700       1.00000  0.00     25.184    0
  -27.8040       1.7000       1.74951  35.30    25.780    1
  -89.9170       3.9700       1.77250  49.60    26.820    1
  -31.4560       0.1600       1.00000  0.00     27.550    0
  68.1570        4.9000       1.59522  67.70    27.610    1
  -85.3980       2.5000       1.00000  0.00     27.610    0
  -189.3340      1.6100       1.57135  53.00    27.360    1
  63.7230        1.9800       1.00000  0.00     27.360    0
  -311.3900      2.3500       1.83400  37.20    28.430    1
  -75.3070       70.3600      1.00000  0.00     28.430    0
