# US 6,246,833 Example 1
#
# Patent: US006246833
# Converted from photonstophotos.net Optical Bench data
# 22 surfaces, 12 glass elements, f/2.9

name: US 6,246,833 Example 1
focal_length: 98.81

surfaces:
# radius       thickness    ior      abbe     semi_ap   coating
  80.3100        7.7200       1.60311  60.60    45.380    1
  -142.3430      0.1500       1.00000  0.00     45.380    0
  46.9790        8.6000       1.48749  70.20    37.960    1
  -70.3600       1.8500       1.83400  37.20    37.960    1
  93.8690        0.1500       1.00000  0.00     30.820    0
  46.9840        5.0200       1.48749  70.20    30.300    1
  376.0530       1.6200       1.00000  0.00     30.300    0
  257.9870       1.4000       1.74950  35.30    26.260    1
  22.6920        4.8000       1.00000  0.00     24.380    0
  -61.2960       1.4000       1.51742  52.40    24.380    1
  26.6800        4.4900       1.84666  23.80    26.520    1
  425.1600       18.8200      1.00000  0.00     26.520    0
  stop           3.0000       1.00000  0.00     27.139    0
  0              18.0900      1.00000  0.00     27.700    0
  202.3420       4.1400       1.69680  55.50    30.140    1
  -50.1570       2.7100       1.00000  0.00     30.140    0
  77.4980        7.7100       1.77250  49.60    30.900    1
  -28.0630       1.6000       1.80518  25.40    30.900    1
  418.3100       5.5500       1.00000  0.00     30.900    0
  -74.4900       8.2800       1.84666  23.80    28.600    1
  -21.5270       1.6000       1.83400  37.20    31.100    1
  323.5650       52.3100      1.00000  0.00     31.100    0
