# Canon EF-S18-55mm f3.5-5.6
#
# Patent: US20070058265
# Converted from photonstophotos.net Optical Bench data
# 21 surfaces, 11 glass elements, f/3.6

name: Canon EF-S18-55mm f3.5-5.6
focal_length: 18.69

surfaces:
# radius       thickness    ior      abbe     semi_ap   coating
  80.1980        3.4000       1.51633  64.10    40.520    1
  1485.5200      0.1500       1.00000  0.00     40.520    0
  74.9160        1.6000       1.62299  58.20    34.980    1
  14.6010        7.9900       1.00000  0.00     25.850    0
  -141.6980      1.2000       1.62299  58.20    25.080    1
  25.7950        0.1500       1.00000  0.00     25.080    0
  21.1790        3.4000       1.80518  25.40    24.700    1
  46.8800        33.6200      1.00000  0.00     24.700    0
  -302.6920      1.9000       1.48749  70.20    15.240    1
  -34.0910       4.2000       1.00000  0.00     15.240    0
  16.6730        0.8000       1.84666  23.90    15.400    1
  12.2770        4.5000       1.48749  70.20    15.400    1
  -73.2940       1.0000       1.00000  0.00     15.400    0
  stop           3.3000       1.00000  0.00     11.798    0
  -29.1610       0.7500       1.63980  34.50    13.790    1
  12.6720        2.6000       1.78472  25.70    13.790    1
  43.5120        7.3400       1.00000  0.00     13.790    0
  -96.2350       1.5000       1.58306  30.20    18.920    1
  -437.2450      0.0300       1.00000  0.00     16.570    0
  417.3400       3.8000       1.48749  70.20    18.920    1
  -18.4740       35.2700      1.00000  0.00     20.690    0
