# Canon EF16-35mm f2.8L III USM
#
# Patent: JP2018-013685
# Converted from photonstophotos.net Optical Bench data
# 30 surfaces, 16 glass elements, f/2.9

name: Canon EF16-35mm f2.8L III USM
focal_length: 16.48

surfaces:
# radius       thickness    ior      abbe     semi_ap   coating
  0              2.8000       1.76385  48.50    55.220    1
  19.7100        10.0600      1.00000  0.00     41.370    0
  0              2.5000       1.85135  40.10    39.750    1
  88.4250        8.0200       1.00000  0.00     33.180    0
  -36.4690       1.4000       1.59282  68.60    32.900    1
  175.5070       0.1500       1.00000  0.00     34.080    0
  72.1760        5.5800       1.90366  31.30    34.700    1
  -95.3270       28.4900      1.00000  0.00     34.660    0
  0              1.4100       1.00000  0.00     27.850    0
  99.3170        2.6600       1.80610  33.30    28.750    1
  -213.6200      0.1500       1.00000  0.00     28.930    0
  51.0980        1.2500       1.84666  23.80    29.430    1
  23.5420        6.8700       1.57501  41.50    28.710    1
  261.5310       4.8400       1.00000  0.00     28.830    0
  61.4980        1.2500       1.84666  23.80    29.480    1
  38.4820        7.2400       1.51633  64.10    29.130    1
  -53.6240       2.2000       1.00000  0.00     29.120    0
  stop           2.9700       1.00000  0.00     17.572    0
  -55.3580       1.0000       1.91082  35.30    24.320    1
  86.9240        1.0400       1.00000  0.00     24.500    0
  42.7540        6.5600       1.80810  22.80    25.290    1
  -32.1520       1.1000       1.91082  35.30    25.130    1
  91.2140        3.0300       1.00000  0.00     25.010    0
  0              9.7100       1.00000  0.00     25.460    0
  34.1480        10.3500      1.49700  81.50    25.890    1
  -20.7760       1.2000       1.83481  42.70    25.530    1
  -28.6920       0.1500       1.00000  0.00     26.620    0
  116.8320       1.0000       1.90366  31.30    26.700    1
  26.3960        6.6100       1.49700  81.50    26.700    1
  -130.2570      38.2100      1.00000  0.00     27.470    0
