# Canon EF-S35mm f2.8 Macro IS STM
#
# Patent: US20180074300
# Converted from photonstophotos.net Optical Bench data
# 18 surfaces, 10 glass elements, f/2.9

name: Canon EF-S35mm f2.8 Macro IS STM
focal_length: 36.10

surfaces:
# radius       thickness    ior      abbe     semi_ap   coating
  34.1650        2.4800       1.85478  24.80    19.450    1
  3300.5130      1.0000       1.48749  70.20    18.700    1
  10.5820        8.4900       1.00000  0.00     15.040    0
  -125.8410      2.2500       1.80400  46.60    14.700    1
  -37.9520       4.5800       1.00000  0.00     15.100    0
  -15.2690       0.9000       1.85478  24.80    14.450    1
  59.1900        4.6300       1.78590  44.20    16.220    1
  -19.6450       0.1800       1.00000  0.00     17.390    0
  40.6620        5.9800       1.58313  59.40    18.250    1
  -17.8490       0.5000       1.00000  0.00     18.300    0
  stop           3.0800       1.00000  0.00     16.490    0
  -98.2080       2.1500       1.95906  17.50    14.710    1
  -23.9660       0.5000       1.80610  33.30    14.400    1
  21.1480        5.4300       1.00000  0.00     13.540    0
  0              12.3700      1.00000  0.00     13.420    0
  99.8570        7.6700       1.62299  58.20    22.560    1
  -19.6030       1.1000       1.67270  32.10    23.570    1
  -33.0230       35.4600      1.00000  0.00     24.530    0
