# Canon EF600mm f4L IS USM
#
# Patent: US006115188
# Converted from photonstophotos.net Optical Bench data
# 32 surfaces, 17 glass elements, f/4.1

name: Canon EF600mm f4L IS USM
focal_length: 585.20

surfaces:
# radius       thickness    ior      abbe     semi_ap   coating
  0              6.0000       1.51633  64.10    142.740   1
  0              1.5000       1.00000  0.00     142.740   0
  231.9020       17.1000      1.49700  81.50    142.740   1
  -822.9010      43.5900      1.00000  0.00     142.740   0
  150.4270       13.9700      1.49700  81.50    118.150   1
  2167.7860      2.5900       1.00000  0.00     118.150   0
  -949.3470      5.9000       1.83481  42.70    116.630   1
  242.0650       40.7200      1.00000  0.00     115.000   0
  114.1540       13.8600      1.43387  95.10    99.130    1
  4153.9060      0.5000       1.00000  0.00     99.130    0
  83.0690        5.0000       1.51633  64.10    90.260    1
  64.6800        45.8600      1.00000  0.00     85.210    0
  543.2820       4.6500       1.80518  25.40    65.660    1
  -253.1370      3.3000       1.83481  42.70    65.660    1
  130.2180       98.9100      1.00000  0.00     61.900    0
  stop           7.0200       1.00000  0.00     40.913    0
  138.0000       2.0000       1.84666  23.90    39.930    1
  65.9240        4.6600       1.60311  60.60    39.930    1
  -335.8940      12.0700      1.00000  0.00     39.930    0
  102.5280       2.7500       1.84666  23.90    34.060    1
  -341.8540      1.6500       1.60311  60.60    34.060    1
  47.1290        3.7700       1.00000  0.00     32.460    0
  -149.4300      1.6000       1.80400  46.60    32.460    1
  105.1500       3.5200       1.00000  0.00     32.500    0
  121.1510       2.8000       1.72000  43.70    35.010    1
  -888.5360      6.9600       1.00000  0.00     35.010    0
  79.3780        4.2700       1.74950  35.00    35.260    1
  -194.5360      1.9000       1.84666  23.90    35.260    1
  218.3800       12.0000      1.00000  0.00     35.260    0
  0              2.0000       1.51633  64.40    43.180    1
  0              64.7700      1.00000  0.00     43.180    0
  0              38.5200      1.00000  0.00     38.180    0
