# US 8,179,617 Example 1
#
# Patent: US008179617
# Converted from photonstophotos.net Optical Bench data
# 29 surfaces, 16 glass elements, f/4.1

name: US 8,179,617 Example 1
focal_length: 17.30

surfaces:
# radius       thickness    ior      abbe     semi_ap   coating
  39.0320        3.5000       1.78472  25.70    65.150    1
  27.7250        6.9300       1.00000  0.00     52.010    0
  31.8650        3.5000       1.58313  59.40    49.960    1
  13.5170        13.1400      1.00000  0.00     37.290    0
  91.8680        2.2000       1.49700  81.50    35.170    1
  15.9640        7.7800       1.00000  0.00     25.450    0
  107.7970       7.2900       1.65412  39.70    23.400    1
  -19.3450       1.4000       1.83481  42.70    21.110    1
  35.2950        1.5000       1.00000  0.00     18.740    0
  44.2570        6.9500       1.65412  39.70    18.390    1
  -13.4180       1.0000       1.77250  49.60    17.440    1
  -62.3980       0.6000       1.00000  0.00     16.760    0
  48.2700        8.0000       1.74950  35.30    15.730    1
  -73.9130       5.9800       1.00000  0.00     14.780    0
  stop           0.5000       1.00000  0.00     13.870    0
  33.0820        2.8800       1.59270  35.30    13.890    1
  -68.2980       0.7000       1.00000  0.00     13.620    0
  -159.7100      1.0000       1.83400  37.20    13.300    1
  13.5050        4.5800       1.56732  42.80    12.870    1
  -20.2350       1.1500       1.00000  0.00     12.860    0
  -15.7070       1.0000       1.83400  37.20    12.510    1
  92.4130        0.1500       1.00000  0.00     13.520    0
  37.2080        4.7800       1.49700  81.50    14.140    1
  -17.2230       0.1500       1.00000  0.00     15.800    0
  323.3330       1.2000       1.83400  37.20    17.380    1
  20.2550        7.4500       1.49700  81.50    18.570    1
  -32.0650       0.1500       1.00000  0.00     21.170    0
  -1491.6790     1.7500       1.80518  25.40    22.680    1
  -136.3180      52.6600      1.00000  0.00     23.310    0
