# Canon EF-M18-150mm f3.5-6.3 IS STM
#
# Patent: US20180074300
# Converted from photonstophotos.net Optical Bench data
# 31 surfaces, 17 glass elements, f/3.6

name: Canon EF-M18-150mm f3.5-6.3 IS STM
focal_length: 18.56

surfaces:
# radius       thickness    ior      abbe     semi_ap   coating
  98.0400        1.6000       1.91082  35.30    40.780    1
  49.0700        5.7900       1.49700  81.50    38.000    1
  -423.7690      0.1500       1.00000  0.00     37.770    0
  45.5090        4.8200       1.59522  67.70    36.590    1
  332.4370       0.6000       1.00000  0.00     35.870    0
  86.9520        1.1000       1.95375  32.30    23.340    1
  13.4840        5.7500       1.00000  0.00     18.510    0
  -31.4600       0.8000       1.77250  49.60    17.990    1
  70.6140        0.1500       1.00000  0.00     17.750    0
  28.2400        4.9500       1.84666  23.90    17.780    1
  -32.5560       0.7000       1.00000  0.00     17.120    0
  -21.8470       0.8500       1.69680  55.50    16.950    1
  -120.0000      24.5800      1.00000  0.00     16.490    0
  stop           0.7000       1.00000  0.00     13.120    0
  13.2040        4.3400       1.58313  59.40    13.740    1
  -61.8700       0.9900       1.00000  0.00     13.160    0
  25.8870        1.1300       1.83481  42.70    12.210    1
  12.7520        2.7500       1.00000  0.00     11.370    0
  23.6170        0.6000       1.90366  31.30    11.200    1
  12.3340        3.0700       1.69680  55.50    10.900    1
  -186.3100      1.5400       1.00000  0.00     10.640    0
  -407.5350      3.1800       1.51633  64.10    11.050    1
  -11.4850       0.7900       2.00069  25.50    11.400    1
  -16.3380       1.4000       1.00000  0.00     11.890    0
  69.6720        1.6300       1.89286  20.40    12.100    1
  -69.6730       0.7000       1.74951  35.30    12.050    1
  15.5700        12.3900      1.00000  0.00     11.920    0
  -13.5800       1.8000       1.53160  55.80    16.540    1
  -20.9930       0.8000       1.00000  0.00     18.700    0
  -66.0480       2.9600       1.76200  40.10    26.440    1
  -31.0140       10.6500      1.00000  0.00     27.000    0
