# US 5,598,299 Example 1
#
# Patent: US005598299
# Converted from photonstophotos.net Optical Bench data
# 24 surfaces, 13 glass elements, f/2.9

name: US 5,598,299 Example 1
focal_length: 100.00

surfaces:
# radius       thickness    ior      abbe     semi_ap   coating
  68.4500        4.5000       1.69680  55.50    37.100    1
  -656.9700      0.2000       1.00000  0.00     37.100    0
  37.3500        3.5000       1.78590  44.20    35.100    1
  70.6200        0.3000       1.00000  0.00     32.500    0
  39.6800        3.5000       1.78590  44.20    32.700    1
  67.5200        1.2000       1.00000  0.00     30.700    0
  121.8400       1.8000       1.80518  25.40    30.700    1
  24.8700        10.1700      1.00000  0.00     26.400    0
  stop           5.8300       1.00000  0.00     22.525    0
  -34.0600       1.8000       1.69895  30.10    23.900    1
  -78.7000       3.5000       1.80610  41.00    23.900    1
  -39.0200       0.2000       1.00000  0.00     23.900    0
  351.9800       2.5000       1.78590  44.20    23.600    1
  -98.3700       2.5000       1.00000  0.00     23.600    0
  -1272.5600     3.5000       1.80518  25.40    23.600    1
  -29.0700       1.6000       1.77250  49.60    24.300    1
  34.9800        3.5000       1.00000  0.00     24.300    0
  -77.4500       1.5000       1.65160  58.50    24.300    1
  77.5800        2.5000       1.00000  0.00     26.900    0
  66.0600        4.5000       1.69680  55.50    32.000    1
  -91.9000       0.2000       1.00000  0.00     32.000    0
  66.5100        1.8000       1.80518  25.40    34.600    1
  31.5300        6.5000       1.60311  60.70    34.600    1
  -199.1100      42.0600      1.00000  0.00     34.600    0
