# Canon EF400mm f2.8L IS USM
#
# Patent: US006115188
# Converted from photonstophotos.net Optical Bench data
# 32 surfaces, 17 glass elements, f/2.9

name: Canon EF400mm f2.8L IS USM
focal_length: 392.15

surfaces:
# radius       thickness    ior      abbe     semi_ap   coating
  0              6.0000       1.51633  64.10    140.200   1
  0              1.5000       1.00000  0.00     140.200   0
  231.6030       19.3000      1.49700  81.50    137.360   1
  -419.3440      22.3400      1.00000  0.00     137.360   0
  113.1140       19.2000      1.49700  81.50    114.820   1
  0              2.6800       1.00000  0.00     114.820   0
  -597.7000      6.2500       1.83481  42.70    111.480   1
  180.5370       10.2400      1.00000  0.00     106.820   0
  94.2880        17.8000      1.43387  95.10    99.160    1
  -3674.8040     1.4000       1.00000  0.00     99.160    0
  64.7000        7.3000       1.51633  64.10    82.160    1
  48.9470        24.3600      1.00000  0.00     72.820    0
  5483.9640      4.7000       1.80518  25.40    65.820    1
  -161.2200      3.2000       1.80400  46.60    65.820    1
  108.0570       98.8300      1.00000  0.00     61.820    0
  stop           9.9400       1.00000  0.00     40.969    0
  125.2280       1.8000       1.84666  23.90    38.920    1
  48.1400        6.5000       1.77250  49.60    38.920    1
  -255.4660      4.6200       1.00000  0.00     38.920    0
  76.0970        4.1000       1.84666  23.90    37.020    1
  -307.4700      1.7000       1.62299  58.20    37.020    1
  37.5460        5.6500       1.00000  0.00     35.430    0
  -133.5310      1.8000       1.80400  46.60    35.430    1
  64.6830        2.8500       1.00000  0.00     37.020    0
  86.1530        5.0000       1.62299  58.20    39.110    1
  -476.1510      0.2000       1.00000  0.00     39.110    0
  55.7770        9.7000       1.67790  55.30    41.210    1
  -98.8800       1.8000       1.88300  40.80    41.210    1
  259.4890       15.0000      1.00000  0.00     39.480    0
  0              2.2000       1.51633  64.10    29.630    1
  0              15.2800      1.00000  0.00     29.630    0
  0              38.9700      1.00000  0.00     33.260    0
