# Canon New FD70-210mm f4
#
# Patent: US004380377
# Converted from photonstophotos.net Optical Bench data
# 22 surfaces, 12 glass elements, f/4.0

name: Canon New FD70-210mm f4
focal_length: 70.55

surfaces:
# radius       thickness    ior      abbe     semi_ap   coating
  144.2960       2.8000       1.80518  25.40    54.000    1
  67.8950        6.6000       1.61272  58.70    54.000    1
  -4571.8250     0.2000       1.00000  0.00     54.000    0
  94.4820        4.7000       1.61272  58.70    51.550    1
  26667.4490     0.5000       1.00000  0.00     51.550    0
  464.3120       1.5000       1.71300  53.90    29.630    1
  40.2850        4.2000       1.00000  0.00     26.417    0
  -45.2020       1.5000       1.71300  53.90    26.417    1
  44.7840        3.4000       1.84666  23.00    29.630    1
  -3270.4210     34.1200      1.00000  0.00     29.630    0
  108.4000       5.8000       1.51633  64.10    30.910    1
  -32.4410       1.5000       1.75520  27.50    30.910    1
  -56.8300       17.6200      1.00000  0.00     30.910    0
  stop           1.0000       1.00000  0.00     29.933    0
  36.1870        4.5000       1.61272  58.70    30.400    1
  797.6790       1.9500       1.00000  0.00     30.400    0
  -213.3570      2.0000       1.80518  25.40    29.060    1
  570.7120       47.3300      1.00000  0.00     29.060    0
  -19.9930       2.0000       1.80610  40.90    24.520    1
  -42.3590       0.3000       1.00000  0.00     27.130    0
  172.9170       3.5000       1.59551  39.20    30.080    1
  -61.7170       42.6900      1.00000  0.00     30.080    0
