# Canon New FD14mm f2.8L
#
# Patent: JP1982-064716
# Converted from photonstophotos.net Optical Bench data
# 25 surfaces, 14 glass elements, f/2.8

name: Canon New FD14mm f2.8L
focal_length: 14.00

surfaces:
# radius       thickness    ior      abbe     semi_ap   coating
  41.9860        3.0380       1.69680  55.50    64.260    1
  25.6060        11.2980      1.00000  0.00     50.120    0
  57.4700        5.7120       1.60311  60.70    46.060    1
  51.1420        0.1400       1.00000  0.00     46.060    0
  30.7720        1.6660       1.69680  55.50    37.660    1
  15.6520        6.9440       1.00000  0.00     28.980    0
  41.5940        1.2740       1.77250  49.60    27.300    1
  18.1580        5.4740       1.00000  0.00     23.100    0
  298.6200       1.4700       1.69680  55.50    22.260    1
  13.1600        9.3240       1.59551  39.20    19.740    1
  -48.7060       2.4780       1.00000  0.00     19.740    0
  52.0940        8.4560       1.54814  45.80    14.560    1
  -10.7800       1.4700       1.77250  49.60    14.560    1
  -14.1540       0.9800       1.00000  0.00     14.560    0
  -14.3780       0.8820       1.77250  49.60    13.860    1
  -28.1540       0.8820       1.00000  0.00     13.860    0
  stop           0.8820       1.00000  0.00     12.706    0
  275.0440       9.8140       1.66680  33.00    14.140    1
  -24.1780       2.1700       1.62004  36.30    14.140    1
  65.1980        0.6300       1.00000  0.00     15.960    0
  -230.5800      0.7840       1.92286  21.30    15.960    1
  29.9180        5.4320       1.48749  70.10    17.920    1
  -18.6060       0.0980       1.00000  0.00     19.740    0
  1429.1060      2.8840       1.80400  46.60    23.800    1
  -35.2940       36.9700      1.00000  0.00     23.800    0
