# Canon EF-M15-45mm f3.5-6.3 IS STM
#
# Patent: JP2016-118658
# Converted from photonstophotos.net Optical Bench data
# 21 surfaces, 10 glass elements, f/3.6

name: Canon EF-M15-45mm f3.5-6.3 IS STM
focal_length: 15.45

surfaces:
# radius       thickness    ior      abbe     semi_ap   coating
  44.5690        1.5000       1.80400  46.60    27.500    1
  12.3530        7.2800       1.00000  0.00     21.060    0
  153.5340       2.0000       1.52996  55.80    20.890    1
  50.4770        0.2000       1.00000  0.00     20.900    0
  38.0460        1.9200       1.92286  18.90    20.500    1
  75.8890        24.4900      1.00000  0.00     20.020    0
  421.1200       1.4800       1.48749  70.20    10.310    1
  -40.2090       1.0000       1.00000  0.00     10.500    0
  12.1120        3.2500       1.69350  53.20    10.850    1
  -204.5840      0.9300       1.84666  23.90    10.240    1
  34.7990        1.8500       1.00000  0.00     9.850     0
  stop           1.7500       1.00000  0.00     9.400     0
  106.0570       1.6700       1.58313  59.40    8.880     1
  -27.8120       1.5000       1.00000  0.00     8.670     0
  49.0410        0.7000       1.90366  31.30    7.100     1
  15.6480        6.2200       1.00000  0.00     7.250     0
  -16.7650       1.3000       1.52996  55.80    11.030    1
  -25.9880       4.0500       1.00000  0.00     12.420    0
  -77.4390       3.9900       1.61405  55.00    24.660    1
  -25.7750       0.2000       1.00000  0.00     25.500    0
  0              10.6000      1.00000  0.00     26.130    0
