# Canon EF-S55-250mm f4-5.6 IS STM
#
# Patent: US20140211029
# Converted from photonstophotos.net Optical Bench data
# 28 surfaces, 15 glass elements, f/4.2

name: Canon EF-S55-250mm f4-5.6 IS STM
focal_length: 56.80

surfaces:
# radius       thickness    ior      abbe     semi_ap   coating
  70.7080        4.5400       1.48749  70.20    41.040    1
  0              0.1500       1.00000  0.00     40.750    0
  96.8010        1.7000       1.65412  39.70    40.080    1
  38.0810        6.3500       1.48749  70.20    38.430    1
  328.5230       5.8700       1.00000  0.00     37.990    0
  -184.5660      0.8000       1.71300  53.90    18.200    1
  19.2330        2.6100       1.80809  22.80    17.720    1
  43.1700        2.0600       1.00000  0.00     17.460    0
  -40.9630       0.8000       1.80400  46.60    17.460    1
  66857.5970     24.9200      1.00000  0.00     17.780    0
  156.4480       2.8800       1.80400  46.60    20.730    1
  -53.2740       2.8400       1.00000  0.00     20.910    0
  30.7170        5.2100       1.49700  81.50    20.380    1
  -48.1440       1.1200       1.90366  31.30    19.660    1
  127.4030       2.6500       1.00000  0.00     19.320    0
  stop           19.9600      1.00000  0.00     19.040    0
  -85.6170       1.0000       1.80610  33.30    17.110    1
  39.7090        0.3600       1.00000  0.00     17.220    0
  57.0070        3.2100       1.72916  54.70    17.250    1
  -41.4420       0.1000       1.00000  0.00     17.460    0
  28.3960        3.2100       1.65844  50.90    17.240    1
  267.0120       4.1000       1.00000  0.00     16.620    0
  -115.8080      1.5600       1.76182  26.50    15.220    1
  -39.3300       2.1600       1.00000  0.00     15.200    0
  -39.1230       0.7000       1.69680  55.50    14.420    1
  28.8660        11.8600      1.00000  0.00     14.320    0
  46.0170        2.6000       1.54072  47.20    18.320    1
  131.7380       38.5700      1.00000  0.00     18.400    0
