# US 8,773,783 Example 1
#
# Patent: US008773783
# Converted from photonstophotos.net Optical Bench data
# 17 surfaces, 10 glass elements, f/1.2

name: US 8,773,783 Example 1
focal_length: 85.00

surfaces:
# radius       thickness    ior      abbe     semi_ap   coating
  131.8110       4.8300       1.84666  23.80    68.550    1
  449.8450       0.1500       1.00000  0.00     68.160    0
  48.3340        13.3000      1.59522  67.70    64.520    1
  129.4020       0.1500       1.00000  0.00     60.800    0
  44.3700        15.4200      1.59522  67.70    54.650    1
  294.0680       0.8800       1.76499  15.00    46.230    1
  1408.1440      2.2500       1.84666  23.80    46.060    1
  24.5970        14.1200      1.00000  0.00     35.900    0
  stop           8.9900       1.00000  0.00     33.980    0
  -27.4890       3.8400       1.76182  26.50    32.920    1
  132.7190       10.5000      1.91082  35.30    37.820    1
  -43.3210       0.1500       1.00000  0.00     39.560    0
  253.9160       3.5800       1.90366  31.30    38.670    1
  -97.6090       0.9900       1.00000  0.00     38.530    0
  198.4610       1.5400       1.65412  39.70    38.570    1
  62.9980        3.5200       1.72916  54.70    38.850    1
  763.4040       38.3500      1.00000  0.00     38.880    0
