# US 8,427,762 Example 5
#
# Patent: US008427762
# Converted from photonstophotos.net Optical Bench data
# 26 surfaces, 15 glass elements, f/2.0

name: US 8,427,762 Example 5
focal_length: 196.00

surfaces:
# radius       thickness    ior      abbe     semi_ap   coating
  244.5430       5.3200       1.80809  22.80    95.610    1
  687.2550       11.1500      1.00000  0.00     95.210    0
  94.5280        13.4900      1.55332  71.70    90.810    1
  549.1750       1.5700       1.00000  0.00     88.940    0
  69.3600        16.6000      1.55332  71.70    80.000    1
  -1621.2110     0.2400       1.00000  0.00     76.730    0
  -1485.6930     4.1000       1.65412  39.70    76.360    1
  54.4250        4.0000       1.00000  0.00     63.480    0
  77.7440        3.5000       1.80610  33.30    63.210    1
  42.6470        13.1100      1.59282  68.60    57.640    1
  143.6870       7.6600       1.00000  0.00     55.050    0
  stop           6.7100       1.00000  0.00     51.670    0
  -549.0220      4.4800       1.84666  23.90    47.480    1
  -213.6670      2.4000       1.51742  52.40    46.330    1
  54.5430        27.6900      1.00000  0.00     42.860    0
  191.7800       2.0000       1.84666  23.90    37.480    1
  34.1200        9.9100       1.83481  42.70    36.170    1
  -317.2930      2.5000       1.00000  0.00     35.300    0
  -1019.6810     8.6000       1.84666  23.90    35.140    1
  -35.3990       2.0300       1.80610  33.30    35.280    1
  62.1630        8.3600       1.00000  0.00     35.410    0
  72.7710        11.1700      1.83400  37.20    40.080    1
  -39.4740       2.3000       1.80400  46.60    40.120    1
  -638.3740      2.4100       1.00000  0.00     40.080    0
  0              2.2000       1.51633  64.10    39.920    1
  0              50.0000      1.00000  0.00     39.920    0
