# Canon TS-E50mm f2.8L Macro
#
# Patent: US010571651
# Converted from photonstophotos.net Optical Bench data
# 22 surfaces, 12 glass elements, f/2.9

name: Canon TS-E50mm f2.8L Macro
focal_length: 51.40

surfaces:
# radius       thickness    ior      abbe     semi_ap   coating
  53.0170        2.6000       1.59270  35.30    49.600    1
  24.8760        13.4500      1.00000  0.00     40.900    0
  -140.4400      2.2000       1.59270  35.30    40.200    1
  46.4020        5.9700       1.00000  0.00     38.600    0
  49.7360        9.3500       1.74950  35.30    39.600    1
  -124.5580      1.0100       1.00000  0.00     39.800    0
  71.4100        2.0000       1.65412  39.70    38.800    1
  28.9810        6.9000       1.00000  0.00     32.300    0
  33.5910        5.0000       1.85478  24.80    32.000    1
  83.6900        7.6100       1.00000  0.00     31.000    0
  79.8360        8.4000       1.49700  81.50    28.300    1
  -25.1380       1.9000       1.80000  29.80    27.800    1
  -37.5070       0.2000       1.00000  0.00     28.100    0
  40.0000        7.2000       1.61800  63.40    25.500    1
  -40.0000       1.3000       1.65412  39.70    23.500    1
  30.4970        4.4400       1.00000  0.00     20.800    0
  stop           6.5300       1.00000  0.00     29.800    0
  -19.5250       1.2000       1.95375  32.30    17.600    1
  139.3060       5.5000       1.49700  81.50    18.600    1
  -20.7560       0.4000       1.00000  0.00     21.000    0
  -477.5360      4.3000       2.00100  29.10    25.500    1
  -43.8000       55.9600      1.00000  0.00     27.100    0
