# Canon FL500mm f5.6 Fluorite
#
# Patent: JP1972-008109
# Converted from photonstophotos.net Optical Bench data
# 10 surfaces, 5 glass elements, f/5.6

name: Canon FL500mm f5.6 Fluorite
focal_length: 500.00

surfaces:
# radius       thickness    ior      abbe     semi_ap   coating
  123.7650       15.4150      1.43387  95.10    89.490    1
  -228.9550      16.0250      1.00000  0.00     89.490    0
  -183.4650      4.8200       1.79952  42.30    83.780    1
  944.9250       3.3700       1.00000  0.00     83.780    0
  109.1700       11.5650      1.48749  70.00    84.620    1
  2500.3100      65.3650      1.00000  0.00     84.620    0
  stop           61.6100      1.00000  0.00     49.620    0
  -55.1750       7.4350       1.71300  53.90    32.700    1
  81.9250        17.6300      1.59270  35.40    32.700    1
  -114.8400      125.4400     1.00000  0.00     32.700    0
