# Canon Serenar 85mm f1.5
#
# Patent: US002645973
# Converted from photonstophotos.net Optical Bench data
# 12 surfaces, 7 glass elements, f/1.5

name: Canon Serenar 85mm f1.5
focal_length: 85.00

surfaces:
# radius       thickness    ior      abbe     semi_ap   coating
  69.8700        8.9250       1.62280  56.90    60.480    1
  807.5000       0.1700       1.00000  0.00     60.480    0
  37.4000        7.2250       1.63850  55.50    51.960    1
  68.4250        16.1500      1.51630  64.00    51.960    1
  -157.2500      1.7000       1.68890  31.10    51.960    1
  21.4200        9.1000       1.00000  0.00     30.910    0
  stop           7.0500       1.00000  0.00     30.595    0
  -26.3500       1.2750       1.53170  48.90    30.420    1
  48.6200        8.7550       1.65840  50.80    34.460    1
  -37.4000       0.1700       1.00000  0.00     34.460    0
  127.5000       5.1000       1.63850  55.50    35.320    1
  -71.9100       44.7900      1.00000  0.00     35.320    0
