# JP 2020-139984 Example 1
#
# Patent: JP2020-139984
# Converted from photonstophotos.net Optical Bench data
# 26 surfaces, 13 glass elements, f/2.8

name: JP 2020-139984 Example 1
focal_length: 5.57

surfaces:
# radius       thickness    ior      abbe     semi_ap   coating
  30.9900        1.7500       2.00100  29.10    33.000    1
  10.1540        6.1500       1.00000  0.00     19.520    0
  23.0920        0.9500       1.85400  40.40    18.360    1
  10.9530        7.4700       1.00000  0.00     15.540    0
  -11.0400       1.0000       2.00069  25.50    14.400    1
  13314.1820     0.3200       1.00000  0.00     16.350    0
  -155.5840      3.8500       1.85478  24.80    16.470    1
  -14.6910       1.1900       1.00000  0.00     17.270    0
  -47.1760       3.8000       1.69895  30.10    17.290    1
  -19.5020       2.3900       1.00000  0.00     17.680    0
  0              16.0000      1.87070  40.70    15.510    1
  0              5.5000       1.00000  0.00     11.470    0
  stop           0.5000       1.00000  0.00     9.900     0
  23.2170        1.0000       1.72916  54.70    10.030    1
  19.3380        2.5600       1.48749  70.20    9.910     1
  -29.7740       3.4400       1.00000  0.00     9.840     0
  0              10.0000      1.87070  40.70    8.950     1
  0              2.3500       1.00000  0.00     8.590     0
  -52.6870       1.1500       1.58313  59.40    9.650     1
  -40.1200       0.1000       1.00000  0.00     10.230    0
  17.6660        4.5700       1.43875  94.70    11.080    1
  -11.0290       0.2000       1.00000  0.00     11.510    0
  -20.8760       0.7500       2.00100  29.10    11.250    1
  19.0730        0.9000       1.00000  0.00     11.640    0
  29.5050        4.6000       1.43875  94.70    12.450    1
  -11.3340       13.5000      1.00000  0.00     13.480    0
