# US 8,427,762 Example 6
#
# Patent: US008427762
# Converted from photonstophotos.net Optical Bench data
# 16 surfaces, 8 glass elements, f/1.4

name: US 8,427,762 Example 6
focal_length: 51.70

surfaces:
# radius       thickness    ior      abbe     semi_ap   coating
  79.1280        2.6100       1.80000  29.80    38.730    1
  140.4430       0.1500       1.00000  0.00     37.710    0
  50.9010        5.2500       1.59282  68.60    36.060    1
  672.4580       0.1500       1.00000  0.00     35.240    0
  27.1690        5.1100       1.59282  68.60    32.240    1
  39.7940        2.0500       1.00000  0.00     29.840    0
  107.5830       1.8000       1.58144  40.80    29.680    1
  19.5650        6.9900       1.00000  0.00     25.880    0
  stop           8.7000       1.00000  0.00     25.760    0
  -19.0190       3.4800       1.84666  23.80    25.790    1
  -160.3420      5.9800       1.77250  49.60    31.800    1
  -29.5770       0.1500       1.00000  0.00     33.150    0
  -198.6960      4.9800       1.88300  40.80    35.070    1
  -37.9800       0.1500       1.00000  0.00     35.490    0
  101.1780       3.3800       1.77250  49.60    34.020    1
  -439.7510      39.0000      1.00000  0.00     34.260    0
