# Canon EF16-35mm f2.8L II USM
#
# Patent: JP2014-041222
# Converted from photonstophotos.net Optical Bench data
# 31 surfaces, 17 glass elements, f/2.9

name: Canon EF16-35mm f2.8L II USM
focal_length: 16.60

surfaces:
# radius       thickness    ior      abbe     semi_ap   coating
  379.9440       2.2000       1.77250  49.60    54.360    1
  20.8650        9.4100       1.00000  0.00     37.710    0
  109.4680       1.6000       1.80400  46.60    36.710    1
  36.4280        0.1600       1.51640  52.20    34.040    1
  43.8280        5.5500       1.00000  0.00     34.040    0
  -138.1030      1.6000       1.83400  37.20    34.600    1
  103.5860       0.1400       1.00000  0.00     34.600    0
  44.9210        4.5000       1.84265  25.22    33.500    1
  3876.7150      26.2900      1.00000  0.00     33.500    0
  58.1670        1.3100       1.80518  25.40    26.940    1
  24.5280        5.2000       1.54072  47.20    26.940    1
  -1684.0720     0.1500       1.00000  0.00     26.940    0
  88.4560        2.5400       1.80400  46.60    26.720    1
  -210.8520      4.5800       1.00000  0.00     26.720    0
  67.4240        3.7500       1.62299  58.20    27.640    1
  -79.0250       0.9300       1.00000  0.00     27.640    0
  stop           1.9000       1.00000  0.00     16.886    0
  -154.8520      1.3900       1.88300  40.80    23.140    1
  106.7250       2.3300       1.00000  0.00     21.470    0
  -38.9710       1.1100       1.76200  40.10    21.470    1
  23.7740        5.5300       1.84666  23.90    24.640    1
  -111.5040      1.2300       1.00000  0.00     24.640    0
  0              9.9900       1.00000  0.00     23.380    0
  35.1700        8.4900       1.49700  81.50    26.260    1
  -21.1480       1.2500       1.84265  0.00     26.260    1
  -32.8850       0.2000       1.00000  0.00     26.260    0
  233.9980       1.2000       1.83400  37.20    28.580    1
  21.9490        6.9900       1.49700  81.50    26.400    1
  -128.5600      0.2000       1.00000  0.00     28.580    0
  132.1800       2.9000       1.58313  59.40    29.420    1
  -164.4050      39.2300      1.00000  0.00     29.420    0
