# Canon 8.8-220mm f2.8-5.6{PowerShot G3X]
#
# Patent: JP2016-148731
# Converted from photonstophotos.net Optical Bench data
# 35 surfaces, 19 glass elements, f/2.9

name: Canon 8.8-220mm f2.8-5.6{PowerShot G3X]
focal_length: 9.06

surfaces:
# radius       thickness    ior      abbe     semi_ap   coating
  80.2350        1.4300       1.91082  35.30    39.800    1
  46.9580        5.3500       1.49700  81.50    38.800    1
  -4780.8480     0.0500       1.00000  0.00     38.600    0
  48.1000        4.4500       1.49700  81.50    37.600    1
  496.7350       0.9600       1.00000  0.00     37.100    0
  1544.5530      0.8000       1.83481  42.70    20.600    1
  11.3960        5.6000       1.00000  0.00     15.900    0
  -16.6010       0.7000       1.58313  59.40    15.500    1
  38.7320        0.2000       1.00000  0.00     15.400    0
  30.5550        1.9000       1.94595  18.00    15.500    1
  -435.2640      28.3300      1.00000  0.00     15.400    0
  0              0.1000       1.00000  0.00     11.080    0
  21.8560        2.1000       1.85135  40.10    13.000    1
  -315.9730      0.0800       1.00000  0.00     13.000    0
  25.2000        2.0000       1.69350  53.20    13.000    1
  -96.0510       0.5000       2.00100  29.10    13.000    1
  18.5520        0.5700       1.00000  0.00     12.800    0
  34.2340        2.1000       1.60311  60.60    13.000    1
  -34.2340       0.2500       1.00000  0.00     13.000    0
  stop           4.6500       1.00000  0.00     10.200    0
  -30.9530       0.5000       1.85135  40.10    12.600    1
  18.6680        1.8000       1.80518  25.50    13.500    1
  127.2980       9.5300       1.00000  0.00     13.500    0
  147.1310       2.0000       1.59282  68.60    14.100    1
  -28.6770       0.1000       1.00000  0.00     14.500    0
  39.0350        0.6000       2.00100  29.10    15.100    1
  14.1290        4.0500       1.51742  52.40    15.000    1
  -59.7210       0.1000       1.00000  0.00     15.500    0
  16.9740        3.5500       1.48749  70.20    16.700    1
  -136.9870      5.1600       1.00000  0.00     16.600    0
  587.2650       0.6000       1.85135  40.10    13.100    1
  10.4450        3.4500       1.69895  30.10    14.000    1
  51.9700        9.1300       1.00000  0.00     14.000    0
  0              0.8000       1.51633  64.10    20.000    1
  0              0.8000       1.00000  0.00     20.000    0
