# Canon EF-S18-135mm f3.5-5.6 IS STM
#
# Patent: US20130088622
# Converted from photonstophotos.net Optical Bench data
# 29 surfaces, 16 glass elements, f/3.6

name: Canon EF-S18-135mm f3.5-5.6 IS STM
focal_length: 18.60

surfaces:
# radius       thickness    ior      abbe     semi_ap   coating
  0              1.5000       1.00000  0.00     59.010    0
  107.7320       1.9000       1.84666  23.80    52.250    1
  60.3910        7.5700       1.49700  81.50    50.770    1
  -1239.6870     0.1500       1.00000  0.00     50.450    0
  53.1280        6.0900       1.60311  60.60    48.380    1
  238.3290       0.9000       1.00000  0.00     47.560    0
  164.3190       1.4500       1.83481  42.70    30.190    1
  15.2950        6.8500       1.00000  0.00     22.890    0
  -53.7900       1.2000       1.77250  49.60    22.600    1
  50.6840        0.8800       1.00000  0.00     22.140    0
  29.8170        5.5700       1.84666  23.80    22.370    1
  -59.5490       1.1000       1.77250  49.60    21.650    1
  91.9920        25.4400      1.00000  0.00     20.770    0
  57.6060        1.9500       1.80518  25.40    14.140    1
  -73.2340       2.6500       1.00000  0.00     14.180    0
  -35.6710       0.7000       1.90366  31.30    13.670    1
  150.4400       6.6700       1.00000  0.00     13.920    0
  30.3810        3.4000       1.60311  60.60    15.020    1
  -41.4830       0.8300       1.00000  0.00     14.950    0
  stop           3.3000       1.00000  0.00     14.520    0
  25.3730        4.9500       1.60311  60.60    14.260    1
  -21.0350       0.7500       1.84666  23.80    13.480    1
  86.5980        3.5600       1.00000  0.00     13.180    0
  -136.9780      0.7000       1.74950  35.30    12.810    1
  12.3870        2.5800       1.84666  23.80    12.870    1
  30.3970        5.2200       1.00000  0.00     12.840    0
  47.1130        1.0000       1.72151  29.20    15.430    1
  31.9410        3.5800       1.59551  39.20    15.840    1
  -38.6220       35.6000      1.00000  0.00     16.430    0
