# Canon EF28-200mm f3.5-5.6 USM
#
# Patent: JP2001-350095
# Converted from photonstophotos.net Optical Bench data
# 30 surfaces, 17 glass elements, f/3.6

name: Canon EF28-200mm f3.5-5.6 USM
focal_length: 28.92

surfaces:
# radius       thickness    ior      abbe     semi_ap   coating
  101.6830       1.5000       1.84666  23.90    60.560    1
  55.5650        8.3200       1.62299  58.20    57.760    1
  496.7830       0.1500       1.00000  0.00     57.760    0
  54.2650        6.1200       1.62299  58.20    54.140    1
  176.8500       2.3400       1.00000  0.00     54.140    0
  64.2930        0.0500       1.51421  51.40    27.220    1
  56.0130        1.1500       1.83400  37.20    27.220    1
  14.0520        5.4300       1.00000  0.00     20.400    0
  -54.2750       1.0000       1.83481  42.70    20.400    1
  37.4010        0.1200       1.00000  0.00     20.400    0
  25.0790        3.8500       1.84666  23.90    18.840    1
  -45.6110       1.0600       1.00000  0.00     18.840    0
  -21.1020       0.9000       1.80400  46.60    17.440    1
  93.5840        1.7900       1.84666  23.90    19.280    1
  -172.7650      18.5400      1.00000  0.00     19.280    0
  stop           0.7100       1.00000  0.00     17.142    0
  31.7040        4.3600       1.51823  58.90    19.220    1
  -29.4220       0.1500       1.00000  0.00     19.220    0
  33.8680        4.9300       1.51742  52.40    18.800    1
  -19.6360       0.9000       1.84666  23.90    18.800    1
  -103.8290      1.6200       1.00000  0.00     18.800    0
  -36.5080       2.5900       1.72825  28.50    17.680    1
  -15.7080       0.9000       1.88300  40.80    17.680    1
  -157.5100      8.3400       1.00000  0.00     17.680    0
  76.0730        6.0200       1.58313  59.40    22.940    1
  -20.7780       4.7000       1.00000  0.00     22.940    0
  666.8320       2.2300       1.51823  58.90    22.220    1
  -56.6410       2.3000       1.00000  0.00     22.220    0
  -18.9820       1.2000       1.80610  40.90    21.450    1
  -88.1690       38.2400      1.00000  0.00     23.220    0
