# Canon EF500mm f4L IS USM
#
# Patent: US006115188
# Converted from photonstophotos.net Optical Bench data
# 32 surfaces, 17 glass elements, f/4.1

name: Canon EF500mm f4L IS USM
focal_length: 490.56

surfaces:
# radius       thickness    ior      abbe     semi_ap   coating
  0              5.0000       1.51633  64.10    120.580   1
  0              1.5000       1.00000  0.00     120.580   0
  239.7980       14.3000      1.49700  81.50    122.280   1
  -585.8000      48.8500      1.00000  0.00     122.280   0
  117.9160       14.4000      1.49700  81.50    99.040    1
  -4012.4780     1.7800       1.00000  0.00     99.040    0
  -597.6560      5.0000       1.83481  42.70    98.400    1
  193.6010       19.1600      1.00000  0.00     94.120    0
  98.8850        13.8000      1.43387  95.10    87.720    1
  -2042.6190     1.5000       1.00000  0.00     87.720    0
  69.1440        8.0000       1.51633  64.10    76.200    1
  52.1290        20.5200      1.00000  0.00     70.020    0
  734.7850       4.0000       1.80518  25.40    61.020    1
  -217.9500      3.0000       1.83481  42.70    61.020    1
  138.3540       93.5500      1.00000  0.00     61.020    0
  stop           17.6500      1.00000  0.00     35.887    0
  164.0330       1.7000       1.84666  23.90    32.720    1
  44.4380        5.4000       1.83481  42.70    32.720    1
  -496.4760      1.5000       1.00000  0.00     32.720    0
  95.3320        3.3000       1.84666  23.90    31.920    1
  -205.4600      1.6000       1.67790  55.30    31.920    1
  38.8540        4.4500       1.00000  0.00     30.850    0
  -96.3650       1.7000       1.73400  51.50    30.850    1
  96.3670        3.2300       1.00000  0.00     31.120    0
  143.9810       4.0000       1.69680  55.50    33.240    1
  -389.6550      0.3000       1.00000  0.00     33.240    0
  62.5740        7.6000       1.51742  52.40    34.840    1
  -62.5740       1.8000       1.72000  43.70    34.840    1
  -235.6930      30.0000      1.00000  0.00     34.840    0
  0              2.2000       1.51633  64.10    50.420    1
  0              31.3400      1.00000  0.00     50.420    0
  0              39.6100      1.00000  0.00     39.760    0
