# Canon EF200mm f2L IS USM
#
# Patent: JP2008-145584
# Converted from photonstophotos.net Optical Bench data
# 30 surfaces, 17 glass elements, f/2.0

name: Canon EF200mm f2L IS USM
focal_length: 194.99

surfaces:
# radius       thickness    ior      abbe     semi_ap   coating
  469.6730       6.2300       1.48749  70.20    109.620   1
  -105940.0000   0.5200       1.00000  0.00     109.620   0
  91.9260        18.4900      1.43387  95.10    102.960   1
  -15019.2810    1.9400       1.00000  0.00     102.960   0
  82.8680        17.1200      1.49700  81.50    89.300    1
  -583.6530      0.1000       1.00000  0.00     85.620    0
  -545.8800      4.4000       1.65412  39.70    85.620    1
  159.3730       1.4900       1.00000  0.00     73.300    0
  92.9750        5.0000       1.69680  55.50    71.960    1
  37.3600        14.8500      1.49700  81.50    59.620    1
  135.8090       14.8700      1.00000  0.00     71.620    0
  -1035.9160     3.9700       1.84666  23.80    49.960    1
  -101.5790      3.0000       1.77250  49.60    49.960    1
  63.7130        26.4800      1.00000  0.00     49.960    0
  stop           4.4400       1.00000  0.00     40.765    0
  124.2420       2.1000       1.65412  39.70    41.960    1
  41.6660        9.3800       1.77250  49.60    41.960    1
  -320.1080      2.7500       1.00000  0.00     41.960    0
  -392.9170      1.9000       1.69680  55.50    38.300    1
  63.9480        3.9300       1.00000  0.00     38.300    0
  -114.5970      4.0100       1.84666  23.80    35.300    1
  -40.9430       1.9000       1.54072  47.20    35.300    1
  81.9900        3.0300       1.00000  0.00     35.300    0
  104.8090       8.0100       1.72916  54.70    40.300    1
  -41.1240       2.0000       1.80518  25.40    40.300    1
  -347.9880      0.2000       1.00000  0.00     40.300    0
  72.3650        3.7300       1.80400  46.60    42.300    1
  518.3480       3.2700       1.00000  0.00     42.300    0
  0              2.0000       1.51633  64.10    41.620    1
  0              60.3600      1.00000  0.00     41.620    0
