# Canon New FD35-105mm f3.5-4.5
#
# Patent: JP1986-212814
# Converted from photonstophotos.net Optical Bench data
# 26 surfaces, 14 glass elements, f/3.5

name: Canon New FD35-105mm f3.5-4.5
focal_length: 36.35

surfaces:
# radius       thickness    ior      abbe     semi_ap   coating
  199.2270       2.2500       1.80518  25.40    52.220    1
  61.8050        7.9400       1.60311  60.70    47.580    1
  -130.4690      0.1200       1.00000  0.00     47.580    0
  35.0750        4.4100       1.60311  60.70    38.410    1
  74.3040        1.4720       1.00000  0.00     38.410    0
  326.8090       1.2000       1.80400  45.60    27.080    1
  16.9020        5.1000       1.00000  0.00     21.010    0
  -40.0420       1.1500       1.83481  42.70    21.010    1
  90.9020        0.2300       1.00000  0.00     23.320    0
  34.0000        4.5000       1.80518  25.40    22.060    1
  -33.3220       0.7900       1.00000  0.00     22.060    0
  -23.8140       1.1500       1.80400  46.50    21.540    1
  -92.8500       20.0260      1.00000  0.00     23.500    0
  stop           0.0000       1.00000  0.00     19.185    0
  52.4450        2.5600       1.65160  58.60    23.100    1
  -160.3820      0.1000       1.00000  0.00     23.100    0
  35.7070        3.0400       1.72000  50.20    21.880    1
  278.1250       0.1000       1.00000  0.00     21.880    0
  21.7650        7.2700       1.54072  47.20    20.380    1
  -80.4790       3.2100       1.84666  23.90    20.380    1
  16.0540        2.8600       1.00000  0.00     16.680    0
  53.4600        3.1900       1.59551  39.20    16.130    1
  -39.5540       0.0000       1.00000  0.00     16.130    0
  -21.1130       1.1100       1.80400  46.60    20.460    1
  1540.5910      5.1400       1.63930  44.90    23.510    1
  -20.3240       39.9900      1.00000  0.00     23.510    0
