# Canon RF200-800mm F6.3-9 IS USM
#
# Patent: US20240134166
# Converted from photonstophotos.net Optical Bench data
# 29 surfaces, 17 glass elements, f/6.4

name: Canon RF200-800mm F6.3-9 IS USM
focal_length: 203.00

surfaces:
# radius       thickness    ior      abbe     semi_ap   coating
  208.1400       8.3000       1.48749  70.20    86.900    1
  -575.2270      39.2000      1.00000  0.00     86.900    0
  117.4000       11.3500      1.49700  81.50    73.420    1
  -270.7330      2.7000       1.61340  44.30    73.420    1
  154.4130       39.4900      1.00000  0.00     69.040    0
  -1313.3960     3.5000       1.80518  25.40    33.700    1
  -65.3320       1.4000       1.77250  49.60    33.700    1
  114.6810       2.0800       1.00000  0.00     33.700    0
  -137.2930      1.4000       1.83481  42.70    32.150    1
  893.6580       43.8900      1.00000  0.00     32.150    0
  48.8390        8.0500       1.49700  81.50    33.260    1
  -79.1680       0.5500       1.00000  0.00     33.260    0
  301.4660       1.3500       1.77250  49.60    31.520    1
  27.9720        5.7700       1.54072  47.20    31.520    1
  776.9930       0.4800       1.00000  0.00     31.520    0
  93.6770        6.1400       1.51823  58.90    30.320    1
  -33.6630       1.3000       1.77250  49.60    30.320    1
  -558.8260      6.0400       1.00000  0.00     30.320    0
  stop           46.3200      1.00000  0.00     26.043    0
  71.1790        1.3000       2.00069  25.50    23.940    1
  35.2390        4.6500       1.61340  44.30    23.940    1
  -67.5010       21.3800      1.00000  0.00     23.940    0
  112.6610       2.5600       1.51742  52.40    21.880    1
  -88.3410       1.2200       1.00000  0.00     21.880    0
  -100.2060      0.9000       1.59522  67.70    21.880    1
  29.7280        26.7400      1.00000  0.00     20.120    0
  -43.8000       1.3000       1.49700  81.50    26.480    1
  43.8000        4.3000       1.72047  34.70    29.500    1
  -576.9930      37.9800      1.00000  0.00     29.500    0
