# Canon EF24mm f1.4L II USM
#
# Patent: US20100033848
# Converted from photonstophotos.net Optical Bench data
# 24 surfaces, 13 glass elements, f/1.4

name: Canon EF24mm f1.4L II USM
focal_length: 24.54

surfaces:
# radius       thickness    ior      abbe     semi_ap   coating
  64.5880        2.9000       1.83481  42.70    54.540    1
  27.1340        8.5900       1.00000  0.00     43.790    0
  78.6330        3.3500       1.58373  59.00    43.490    1
  26.5880        6.9100       1.00000  0.00     39.290    0
  104.8990       5.1500       1.88300  40.80    39.120    1
  -104.8990      0.8900       1.00000  0.00     38.770    0
  -72.9640       2.1000       1.49700  81.50    38.690    1
  46.3940        5.9500       1.83481  42.70    35.930    1
  -224.1280      3.7800       1.00000  0.00     35.240    0
  37.1650        6.8500       1.83400  37.20    27.970    1
  -46.7160       1.5000       1.60342  38.00    26.110    1
  19.6540        5.0700       1.00000  0.00     23.040    0
  -76.6880       1.3000       1.65412  39.70    23.110    1
  76.6880        0.2000       1.00000  0.00     23.760    0
  26.7810        6.5500       1.49700  81.50    25.160    1
  -64.4370       3.4000       1.00000  0.00     25.150    0
  stop           6.6400       1.00000  0.00     24.160    0
  -18.5790       3.5500       1.48749  70.20    23.650    1
  -15.4810       1.6000       1.84666  23.80    24.360    1
  -42.8690       0.2000       1.00000  0.00     28.100    0
  103.5870       8.2000       1.61800  63.40    30.900    1
  -28.2000       0.2000       1.00000  0.00     31.600    0
  -116.6410      6.0000       1.85100  40.40    32.830    1
  -33.7900       38.4800      1.00000  0.00     34.920    0
