# Canon RF24-105mm F4-7.1 IS STM
#
# Patent: US20210003831
# Converted from photonstophotos.net Optical Bench data
# 27 surfaces, 14 glass elements, f/4.1

name: Canon RF24-105mm F4-7.1 IS STM
focal_length: 24.72

surfaces:
# radius       thickness    ior      abbe     semi_ap   coating
  56.9620        6.4000       1.60311  60.60    49.840    1
  421.7150       1.4400       1.00000  0.00     49.840    0
  142.3740       1.2000       1.90366  31.30    35.320    1
  15.9940        8.2900       1.00000  0.00     26.580    0
  -85.0620       1.0000       1.60311  60.60    26.380    1
  30.5590        0.1700       1.00000  0.00     29.490    0
  24.8800        4.9000       1.84666  23.90    27.830    1
  162.2070       24.9400      1.00000  0.00     27.830    0
  25.5510        2.3000       1.90366  31.30    15.380    1
  0              0.8200       1.00000  0.00     15.380    0
  16.6610        4.5000       1.60311  60.60    16.100    1
  -40.4100       0.7000       1.90366  31.30    16.100    1
  14.7960        3.2100       1.00000  0.00     11.460    0
  stop           1.8200       1.00000  0.00     10.728    0
  23.2940        0.7000       1.91082  35.30    13.410    1
  13.7320        4.0000       1.60311  60.60    13.410    1
  -56.3100       0.8000       1.00000  0.00     13.410    0
  30.8330        1.9000       1.60311  60.60    12.730    1
  0              2.5000       1.00000  0.00     12.730    0
  42.2060        0.7000       1.91082  35.30    14.100    1
  16.9890        15.0400      1.00000  0.00     12.380    0
  -51.4980       2.0000       1.53110  55.90    24.480    1
  -800.0000      1.1600       1.00000  0.00     27.450    0
  144.4300       3.6000       1.84666  23.90    35.310    1
  -116.5690      11.1200      1.00000  0.00     35.310    0
  0              1.5000       1.51633  64.10    45.300    1
  0              1.1200       1.00000  0.00     45.300    0
