# Canon EF-M28mm f3.5 Macro IS STM
#
# Patent: US20160313535
# Converted from photonstophotos.net Optical Bench data
# 24 surfaces, 11 glass elements, f/3.6

name: Canon EF-M28mm f3.5 Macro IS STM
focal_length: 27.74

surfaces:
# radius       thickness    ior      abbe     semi_ap   coating
  -197.6650      0.5000       1.58313  59.50    11.800    1
  8.0090         3.0300       1.00000  0.00     10.740    0
  34.7920        1.8400       1.80518  25.40    10.400    1
  -34.7920       2.5500       1.00000  0.00     10.400    0
  -39.3990       1.2200       1.77250  49.60    11.800    1
  -24.0940       1.6700       1.00000  0.00     11.800    0
  -23.5190       0.6000       1.95375  32.30    11.720    1
  82.4400        0.9500       1.00000  0.00     11.720    0
  0              1.9000       1.00000  0.00     11.360    0
  stop           0.6100       1.00000  0.00     12.577    0
  16.9400        5.2300       1.51823  58.90    15.080    1
  -16.9400       2.7500       1.00000  0.00     15.080    0
  -12.9320       0.6500       1.90366  31.30    14.440    1
  -143.7390      0.1500       1.00000  0.00     14.720    0
  26.2150        4.2300       1.49700  81.50    16.480    1
  -18.2920       0.1500       1.00000  0.00     16.480    0
  64.4320        2.9700       1.58313  59.50    15.500    1
  -17.2340       0.2900       1.00000  0.00     15.500    0
  0              0.9400       1.00000  0.00     15.040    0
  51.5160        1.2200       1.95906  17.50    14.160    1
  332.1480       0.4500       1.83481  42.70    14.160    1
  16.9900        29.2800      1.00000  0.00     14.160    0
  0              1.0000       1.51633  64.10    24.720    1
  0              12.2800      1.00000  0.00     24.720    0
