# Canon FD50mm f1.8 SC
#
# Patent: JP1988-081312
# Converted from photonstophotos.net Optical Bench data
# 11 surfaces, 6 glass elements, f/1.8

name: Canon FD50mm f1.8 SC
focal_length: 50.00

surfaces:
# radius       thickness    ior      abbe     semi_ap   coating
  37.5540        3.1000       1.80610  40.70    29.160    1
  142.5890       0.2900       1.00000  0.00     29.160    0
  20.9910        7.6600       1.60342  38.00    25.570    1
  0              1.4600       1.75520  27.50    25.570    1
  14.6650        5.5000       1.00000  0.00     19.030    0
  stop           7.3800       1.00000  0.00     18.687    0
  -14.3360       1.0700       1.72825  28.30    19.100    1
  436.2580       4.8500       1.80610  40.70    21.450    1
  -18.8600       0.1000       1.00000  0.00     21.450    0
  274.1010       2.9100       1.80610  40.70    23.960    1
  -44.7810       34.8100      1.00000  0.00     23.960    0
