# Canon EF70-300mm f4-5.6L IS USM
#
# Patent: JP2013-140404
# Converted from photonstophotos.net Optical Bench data
# 34 surfaces, 19 glass elements, f/4.2

name: Canon EF70-300mm f4-5.6L IS USM
focal_length: 72.20

surfaces:
# radius       thickness    ior      abbe     semi_ap   coating
  92.4440        6.5000       1.48749  70.20    57.000    1
  54691.3620     0.1500       1.00000  0.00     56.400    0
  97.8670        2.4000       1.61340  44.30    54.820    1
  43.7150        9.8200       1.49700  81.50    51.650    1
  337.7200       2.7800       1.00000  0.00     50.750    0
  -358.0520      1.3000       1.83481  42.70    24.400    1
  48.8790        3.3600       1.00000  0.00     23.700    0
  -47.5730       1.2000       1.63854  55.40    23.700    1
  57.0470        2.9000       1.84666  23.80    24.520    1
  -351.6960      26.4700      1.00000  0.00     24.700    0
  119.2930       4.2800       1.49700  81.50    26.130    1
  -55.2820       0.1500       1.00000  0.00     26.120    0
  79.9130        4.6900       1.60311  60.60    25.430    1
  -46.7950       1.3000       1.85026  32.30    24.870    1
  -361.5770      1.0000       1.00000  0.00     24.400    0
  stop           6.0100       1.00000  0.00     24.400    0
  -40.0840       1.2000       1.70154  41.20    22.800    1
  37.9140        3.8100       1.80518  25.40    23.470    1
  -151.4340      16.3900      1.00000  0.00     23.600    0
  -236.0250      2.9000       1.69680  55.50    25.200    1
  -45.4120       0.1500       1.00000  0.00     25.610    0
  91.4230        4.7700       1.60311  60.60    25.800    1
  -33.8740       1.2000       1.84666  23.80    25.720    1
  -204.4840      0.1500       1.00000  0.00     25.900    0
  56.1810        2.3200       1.77250  49.60    25.890    1
  166.9870       11.9700      1.00000  0.00     25.600    0
  105.0840       1.2000       1.88300  40.80    24.650    1
  30.3460        4.6900       1.00000  0.00     23.940    0
  -141.5210      2.9900       1.80518  25.40    24.460    1
  -35.7890       3.6400       1.00000  0.00     24.790    0
  -31.1580       1.2000       1.88300  40.80    24.300    1
  177.0550       2.1400       1.00000  0.00     25.600    0
  62.6320        3.4200       1.69895  30.10    28.290    1
  -205.7700      46.7400      1.00000  0.00     28.630    0
