# Canon EF100mm f2.8 Macro
#
# Patent: JP1991-141313
# Converted from photonstophotos.net Optical Bench data
# 20 surfaces, 10 glass elements, f/2.9

name: Canon EF100mm f2.8 Macro
focal_length: 100.00

surfaces:
# radius       thickness    ior      abbe     semi_ap   coating
  82.8300        4.2000       1.60311  60.70    39.200    1
  557.6000       3.6000       1.00000  0.00     39.200    0
  62.4300        4.2000       1.78590  44.20    36.020    1
  159.8500       0.1500       1.00000  0.00     36.020    0
  38.6700        6.4100       1.78590  44.20    33.440    1
  59.0700        2.8600       1.00000  0.00     29.160    0
  128.4600       1.8000       1.80518  25.40    27.500    1
  28.9200        5.4500       1.00000  0.00     25.020    0
  stop           5.0800       1.00000  0.00     23.469    0
  -26.3100       1.8000       1.69895  30.10    24.700    1
  -173.9800      4.5000       1.80610  40.90    26.600    1
  -36.7400       0.1500       1.00000  0.00     26.600    0
  230.0700       4.0000       1.78590  44.20    27.200    1
  -62.6400       2.5000       1.00000  0.00     27.200    0
  425.2900       3.7000       1.80518  25.40    24.480    1
  -66.0800       1.8300       1.00000  0.00     24.480    0
  -60.9700       1.5000       1.76200  40.10    24.420    1
  37.3000        14.0900      1.00000  0.00     24.420    0
  44.7800        5.5000       1.51633  64.10    33.680    1
  363.2600       42.4200      1.00000  0.00     33.680    0
