# Canon RF-S7.8mm F4 STM Dual Fisheye
#
# Patent: US20250093761
# Converted from photonstophotos.net Optical Bench data
# 18 surfaces, 9 glass elements, f/3.9

name: Canon RF-S7.8mm F4 STM Dual Fisheye
focal_length: 7.85

surfaces:
# radius       thickness    ior      abbe     semi_ap   coating
  0              2.0000       1.51633  64.10    12.430    1
  0              4.2800       1.00000  0.00     12.430    0
  18.4620        0.6000       2.00069  25.50    10.760    1
  5.6060         1.9700       1.00000  0.00     7.620     0
  -18.9750       0.6500       1.49700  81.70    8.260     1
  7.3900         3.5500       1.91082  35.20    8.260     1
  -20.0000       1.5000       1.00000  0.00     8.260     0
  48.4670        0.6500       1.90043  37.40    6.360     1
  6.9600         1.6900       1.00000  0.00     5.140     0
  795.0390       2.8900       1.53172  48.80    6.390     1
  -7.3090        3.3800       1.00000  0.00     6.390     0
  stop           5.4000       1.00000  0.00     4.395     0
  0              3.0000       1.00000  0.00     4.740     0
  795.0390       3.3100       1.48749  70.20    9.510     1
  -8.6160        1.8500       1.00000  0.00     9.510     0
  29.0700        4.1300       1.49700  81.70    9.550     1
  -6.9740        0.6500       2.00100  29.10    9.550     1
  -17.0990       14.0000      1.00000  0.00     9.550     0
