# Canon RF50mm F1.2 L USM
#
# Patent: US20190265441
# Converted from photonstophotos.net Optical Bench data
# 25 surfaces, 15 glass elements, f/1.2

name: Canon RF50mm F1.2 L USM
focal_length: 51.10

surfaces:
# radius       thickness    ior      abbe     semi_ap   coating
  80.1100        9.6700       1.80400  46.58    41.000    1
  -68.2430       1.6400       1.68893  31.07    41.000    1
  52.8620        0.2000       1.00000  0.00     38.290    0
  42.1840        7.4700       2.00100  29.13    38.400    1
  2510.5800      0.7000       1.00000  0.00     38.400    0
  99.9790        1.6000       1.65412  39.68    35.200    1
  24.5080        7.4500       1.00000  0.00     31.520    0
  -101.9190      1.3400       1.66565  35.64    31.510    1
  34.7990        5.5600       1.95375  32.32    31.510    1
  516.0530       2.4400       1.00000  0.00     31.510    0
  stop           2.5800       1.00000  0.00     30.871    0
  -1398.2320     10.0200      1.49700  81.54    31.900    1
  -20.9850       1.2900       1.73800  32.26    31.900    1
  251.1430       0.4400       1.00000  0.00     31.900    0
  87.5660        7.2900       1.76385  48.51    32.900    1
  -43.4470       1.2800       1.66565  35.64    32.900    1
  105.6920       1.7900       1.00000  0.00     32.900    0
  161.6950       7.9600       1.88300  40.80    33.500    1
  -42.4230       1.9500       1.00000  0.00     33.500    0
  54.4740        8.7700       1.88300  40.80    36.700    1
  -60.5310       1.5400       1.59551  39.24    36.700    1
  40.5600        7.1400       1.00000  0.00     36.100    0
  -58.1700       1.2100       1.67300  38.15    36.100    1
  105.9850       5.0800       1.80400  46.58    36.100    1
  -216.1910      14.6000      1.00000  0.00     36.100    0
