# Canon EF24-105mm f4L IS II USM
#
# Patent: US20170374291
# Converted from photonstophotos.net Optical Bench data
# 33 surfaces, 18 glass elements, f/4.1

name: Canon EF24-105mm f4L IS II USM
focal_length: 24.69

surfaces:
# radius       thickness    ior      abbe     semi_ap   coating
  178.4340       1.8000       1.84666  23.90    63.440    1
  68.2150        7.8400       1.72916  54.70    60.970    1
  751.1880       0.1500       1.00000  0.00     60.970    0
  50.1470        5.9600       1.77250  49.60    55.660    1
  104.4810       2.5300       1.00000  0.00     53.770    0
  115.9790       1.6000       1.85135  40.10    33.350    1
  14.2220        7.0700       1.00000  0.00     22.380    0
  -37.0110       1.1000       1.91082  35.30    22.380    1
  69.6050        0.1500       1.00000  0.00     24.570    0
  40.8870        4.5000       1.89286  20.40    23.030    1
  -40.8870       0.8900       1.00000  0.00     23.030    0
  -25.7110       1.1000       1.83481  42.70    21.160    1
  -73.0360       21.8500      1.00000  0.00     23.030    0
  0              0.2000       1.00000  0.00     22.480    0
  45.0630        4.2000       1.59522  67.70    28.560    1
  -180.8130      3.1500       1.00000  0.00     28.560    0
  stop           0.2000       1.00000  0.00     15.867    0
  30.5710        1.4000       2.00069  25.50    28.020    1
  16.7290        9.8000       1.63854  55.40    26.100    1
  -315.5020      0.2000       1.00000  0.00     26.100    0
  47.1740        4.9000       1.58313  59.40    26.100    1
  -62.4280       2.0100       1.00000  0.00     26.100    0
  -44.4090       3.6500       1.84666  23.90    17.380    1
  -16.5180       1.0000       1.76802  49.20    19.930    1
  37.5560        11.5000      1.00000  0.00     19.930    0
  46.3720        1.3000       1.83220  40.10    29.290    1
  24.1510        10.5000      1.53775  74.70    29.290    1
  -30.8020       0.2000       1.00000  0.00     29.290    0
  -123.1960      7.6000       1.48749  70.20    29.340    1
  -19.6980       1.6000       2.00100  29.10    29.340    1
  -38.4890       38.5500      1.00000  0.00     31.770    0
  0              1.2000       1.51633  64.10    49.720    1
  0              0.6900       1.00000  0.00     49.720    0
