# Canon FL200mm F3.5
#
# Patent: JP1952-005234
# Converted from photonstophotos.net Optical Bench data
# 13 surfaces, 7 glass elements, f/3.5

name: Canon FL200mm F3.5
focal_length: 200.00

surfaces:
# radius       thickness    ior      abbe     semi_ap   coating
  84.0000        10.6000      1.62280  0.00     57.200    1
  -107.5000      2.0000       1.64770  0.00     57.200    1
  280.6400       20.5600      1.00000  0.00     57.200    0
  60.0000        4.0000       1.56470  0.00     48.370    1
  81.7400        43.2000      1.00000  0.00     48.370    0
  87.0000        1.2000       1.52940  0.00     33.560    1
  33.4000        5.9000       1.00000  0.00     29.600    0
  stop           4.1000       1.00000  0.00     26.329    0
  -39.0000       1.6000       1.54810  0.00     26.090    1
  87.0000        4.0000       1.65840  0.00     33.140    1
  -100.0000      0.4000       1.00000  0.00     33.140    0
  116.0000       4.6000       1.67000  0.00     33.560    1
  -129.6200      91.3000      1.00000  0.00     33.560    0
