# Canon EF20-35mm f3.5-4.5 USM
#
# Patent: JP1994-230281
# Converted from photonstophotos.net Optical Bench data
# 24 surfaces, 12 glass elements, f/3.5

name: Canon EF20-35mm f3.5-4.5 USM
focal_length: 20.60

surfaces:
# radius       thickness    ior      abbe     semi_ap   coating
  80.5900        4.1000       1.62299  58.20    52.680    1
  202.0400       0.1000       1.00000  0.00     52.680    0
  48.1400        1.7000       1.78590  44.20    40.980    1
  21.6100        8.2900       1.00000  0.00     33.760    0
  39.8500        1.4000       1.80610  41.00    29.080    1
  16.6500        4.6500       1.00000  0.00     23.410    0
  141.2900       1.3000       1.77250  49.60    25.800    1
  32.4800        2.8000       1.00000  0.00     25.800    0
  25.8100        3.0000       1.84666  23.80    22.780    1
  70.1100        16.8000      1.00000  0.00     22.780    0
  77.9100        2.2000       1.58313  59.40    13.780    1
  -77.9000       1.7800       1.00000  0.00     13.780    0
  stop           0.9200       1.00000  0.00     13.132    0
  34.1700        6.9000       1.62606  39.20    14.360    1
  -39.8900       3.5000       1.00000  0.00     12.760    0
  -15.9000       2.5000       1.84666  23.80    11.560    1
  -417.0400      3.8000       1.78590  44.20    15.940    1
  -20.5000       0.2000       1.00000  0.00     15.940    0
  82.4700        1.2000       1.83400  37.20    17.480    1
  25.2300        1.6500       1.00000  0.00     16.270    0
  -111.9600      2.5000       1.51633  64.20    16.270    1
  -25.6100       0.2000       1.00000  0.00     17.480    0
  -343.4000      2.1500       1.51633  64.20    21.340    1
  -47.3100       37.7500      1.00000  0.00     21.340    0
