# Canon EF135mm f2L USM
#
# Patent: JP2018-049102
# Converted from photonstophotos.net Optical Bench data
# 19 surfaces, 10 glass elements, f/2.1

name: Canon EF135mm f2L USM
focal_length: 133.50

surfaces:
# radius       thickness    ior      abbe     semi_ap   coating
  106.1490       9.0000       1.48749  70.20    67.590    1
  -290.9970      0.5000       1.00000  0.00     66.920    0
  51.2440        9.5000       1.49700  81.50    59.330    1
  231.4990       3.0000       1.00000  0.00     57.970    0
  -630.0360      3.5000       1.83400  37.20    57.440    1
  93.2500        2.5000       1.00000  0.00     53.740    0
  60.0050        8.0000       1.49700  81.50    52.210    1
  -624.7460      0.5000       1.00000  0.00     51.400    0
  29.2650        3.2000       1.71736  29.50    42.320    1
  24.3080        12.5000      1.00000  0.00     37.960    0
  stop           2.2800       1.00000  0.00     35.510    0
  -2278.3220     4.5000       1.84666  23.90    33.900    1
  -55.7870       2.0000       1.71999  50.20    33.150    1
  41.8210        22.5200      1.00000  0.00     29.870    0
  -30.5660       2.5000       1.74077  27.80    25.940    1
  196.2470       8.5000       1.77250  49.60    28.920    1
  -39.6080       0.5000       1.00000  0.00     32.220    0
  106.6310       6.0000       1.83400  37.20    35.490    1
  -195.1730      54.1200      1.00000  0.00     36.070    0
