# Canon EF70-300mm f4-5.6 IS USM
#
# Patent: JP2007-003600
# Converted from photonstophotos.net Optical Bench data
# 26 surfaces, 15 glass elements, f/4.1

name: Canon EF70-300mm f4-5.6 IS USM
focal_length: 72.40

surfaces:
# radius       thickness    ior      abbe     semi_ap   coating
  275.7950       2.6000       1.74950  35.30    52.780    1
  67.2720        6.8500       1.48749  70.20    51.910    1
  -602.5210      0.2000       1.00000  0.00     51.910    0
  84.3630        6.1500       1.51633  64.10    50.220    1
  -263.6960      5.1400       1.00000  0.00     50.220    0
  -137.7710      1.4000       1.71300  53.90    27.860    1
  64.7980        3.6400       1.00000  0.00     26.720    0
  -41.2700       1.1000       1.60311  60.60    26.720    1
  61.1280        2.9000       1.84666  23.90    27.860    1
  -366.7190      30.3700      1.00000  0.00     27.860    0
  60.1280        4.6000       1.49700  81.50    29.590    1
  -73.8250       0.2000       1.00000  0.00     29.590    0
  59.5780        4.7000       1.48749  70.20    29.480    1
  -59.5780       1.5000       1.83400  37.20    29.480    1
  0              4.4000       1.00000  0.00     29.480    0
  stop           4.3100       1.00000  0.00     24.948    0
  -55.5800       2.8000       1.51633  64.10    24.260    1
  -122.9750      23.9100      1.00000  0.00     25.520    0
  155.0000       4.4000       1.60311  60.60    27.910    1
  -39.3200       1.8000       1.80518  25.40    27.910    1
  -76.8350       0.2000       1.00000  0.00     27.910    0
  63.1850        2.8000       1.58913  61.10    28.010    1
  0              19.9100      1.00000  0.00     28.010    0
  -47.0060       1.5000       1.77250  49.60    24.600    1
  43.0750        2.9000       1.80518  25.40    27.130    1
  180.0000       42.5300      1.00000  0.00     27.130    0
