# Canon EF-S18-135mm f3.5-5.6 IS
#
# Patent: JP2010-237453
# Converted from photonstophotos.net Optical Bench data
# 29 surfaces, 16 glass elements, f/3.6

name: Canon EF-S18-135mm f3.5-5.6 IS
focal_length: 18.60

surfaces:
# radius       thickness    ior      abbe     semi_ap   coating
  137.8531       1.8500       1.80610  33.30    52.320    1
  45.4911        9.5400       1.48749  70.20    47.560    1
  -278.4042      0.1500       1.00000  0.00     46.300    0
  44.2107        6.0900       1.60311  60.60    41.900    1
  369.7268       2.1200       1.00000  0.00     41.080    0
  157.0679       1.2000       1.83481  42.70    24.590    1
  13.8006        5.0700       1.00000  0.00     19.030    0
  -47.2647       0.9000       1.83400  37.30    18.790    1
  32.2118        0.1500       1.00000  0.00     18.170    0
  22.4354        6.9900       1.80518  25.40    18.270    1
  -22.4354       0.3500       1.00000  0.00     17.210    0
  -19.6809       0.8500       1.77250  49.60    16.790    1
  167.2205       22.9900      1.00000  0.00     16.010    0
  stop           0.5800       1.00000  0.00     13.600    0
  57.2229        2.9400       1.60311  60.60    13.890    1
  -40.8774       0.1500       1.00000  0.00     14.050    0
  29.7581        4.4700       1.48749  70.20    13.940    1
  -16.5648       1.0000       1.78472  25.70    13.490    1
  -29.1284       2.9900       1.00000  0.00     13.540    0
  -37.9840       2.1600       1.80518  25.40    12.060    1
  -13.8435       0.8000       1.70154  41.20    12.240    1
  86.0297        2.7400       1.00000  0.00     12.670    0
  -22.8912       1.1000       1.80400  46.60    13.300    1
  -355.6464      6.2200       1.00000  0.00     14.290    0
  70.7389        5.9000       1.49700  81.50    19.960    1
  -21.0937       2.1000       1.00000  0.00     21.070    0
  88.8055        9.8100       1.58313  59.50    21.900    1
  -14.5774       2.0000       1.83400  37.30    21.920    1
  -45.0731       39.3600      1.00000  0.00     23.500    0
