# Canon EF-S17-85mm f4-5.6 IS USM
#
# Patent: US20060023317
# Converted from photonstophotos.net Optical Bench data
# 30 surfaces, 17 glass elements, f/4.1

name: Canon EF-S17-85mm f4-5.6 IS USM
focal_length: 17.55

surfaces:
# radius       thickness    ior      abbe     semi_ap   coating
  103.7700       1.4000       1.84670  23.90    52.980    1
  47.2880        7.7500       1.60310  60.60    49.040    1
  0              0.1200       1.00000  0.00     49.040    0
  42.1520        5.6000       1.73400  51.50    45.220    1
  133.1360       2.1500       1.00000  0.00     38.460    0
  154.6430       1.2000       1.77250  49.60    24.360    1
  10.2220        5.0200       1.00000  0.00     16.160    0
  -92.7410       1.0000       1.88300  40.80    17.920    1
  26.5830        0.1500       1.00000  0.00     15.740    0
  16.8200        5.5000       1.80520  25.40    16.720    1
  -42.0340       0.0500       1.00000  0.00     15.840    0
  -39.1230       1.0000       1.80400  46.60    15.840    1
  52.2750        14.2500      1.00000  0.00     15.840    0
  stop           4.2800       1.00000  0.00     9.272     0
  47.3840        0.8000       1.72000  50.20    12.120    1
  13.4230        2.8500       1.48750  70.20    12.120    1
  -69.5380       0.1500       1.00000  0.00     12.120    0
  22.2860        4.3000       1.48750  70.20    12.900    1
  -11.9030       0.9000       1.68890  31.10    12.900    1
  -18.2970       0.8000       1.00000  0.00     13.120    0
  -64.2820       2.0000       1.84670  23.90    13.120    1
  -17.7060       0.8000       1.76200  40.10    13.120    1
  79.5720        8.7000       1.00000  0.00     13.760    0
  -17.2030       1.2000       1.60310  60.60    15.740    1
  -31.3650       8.5100       1.00000  0.00     18.240    0
  45.3420        8.2500       1.58310  59.40    26.400    1
  -18.9400       2.0100       1.00000  0.00     26.400    0
  -28.0570       3.5000       1.48750  70.20    24.720    1
  -17.0510       2.1000       1.84670  23.90    24.720    1
  -34.3640       38.0800      1.00000  0.00     26.560    0
