# US 8,223,439 Example 1
#
# Patent: US008223439
# Converted from photonstophotos.net Optical Bench data
# 19 surfaces, 11 glass elements, f/2.8

name: US 8,223,439 Example 1
focal_length: 15.50

surfaces:
# radius       thickness    ior      abbe     semi_ap   coating
  64.5000        2.7000       1.80400  46.60    55.200    1
  18.5000        10.0300      1.00000  0.00     34.000    0
  38.3540        2.3000       1.48749  70.20    30.000    1
  12.7310        6.0600       1.00000  0.00     21.400    0
  -270.9740      1.2000       1.49700  81.50    21.400    1
  24.7380        4.6800       1.80610  33.30    19.500    1
  -39.2770       0.5000       1.00000  0.00     18.300    0
  -42.3820       2.7200       1.53667  48.80    15.800    1
  -14.4850       3.0300       1.83510  42.00    14.100    1
  72.8400        7.3000       1.00000  0.00     15.800    0
  stop           0.0000       1.00000  0.00     15.770    0
  30.7930        7.1000       1.63570  35.60    18.200    1
  -41.6410       3.3400       1.00000  0.00     18.200    0
  -250.0830      1.2000       1.83400  37.20    17.800    1
  26.9240        4.3700       1.49700  81.50    17.800    1
  -23.3340       0.1200       1.00000  0.00     17.800    0
  38.1960        5.7500       1.49700  81.50    19.700    1
  -15.3510       2.1000       1.80610  33.30    19.700    1
  -39.0050       42.1200      1.00000  0.00     21.800    0
