# Canon EF-M18-55mm f3.5-5.6 IS STM
#
# Patent: US20130335830
# Converted from photonstophotos.net Optical Bench data
# 29 surfaces, 15 glass elements, f/3.6

name: Canon EF-M18-55mm f3.5-5.6 IS STM
focal_length: 18.58

surfaces:
# radius       thickness    ior      abbe     semi_ap   coating
  46.6690        1.7000       1.84666  23.90    34.950    1
  35.5240        4.6000       1.69680  55.50    32.800    1
  204.8200       0.6000       1.00000  0.00     32.070    0
  34.3780        1.2000       1.83481  42.70    24.230    1
  10.6580        6.3700       1.00000  0.00     17.970    0
  -54.8190       1.0000       1.85135  40.10    17.470    1
  40.4590        0.1500       1.00000  0.00     16.980    0
  21.2740        2.6000       1.92286  18.90    17.000    1
  74.8460        12.8800      1.00000  0.00     16.480    0
  16.7940        1.4000       1.77250  49.60    9.650     1
  36.8190        3.2100       1.00000  0.00     9.470     0
  -16.3630       0.5500       1.88300  40.80    9.400     1
  -55.6230       2.4800       1.00000  0.00     9.670     0
  14.0810        3.8000       1.69680  55.50    10.950    1
  -14.0810       0.8000       1.84666  23.90    10.700    1
  -24.6380       0.8000       1.00000  0.00     10.610    0
  stop           2.0000       1.00000  0.00     9.860     0
  23.9870        2.0000       1.58313  59.40    9.090     1
  82.5910        2.8000       1.00000  0.00     9.360     0
  -42.9100       0.6000       1.90366  31.30    10.050    1
  26.9910        6.0000       1.00000  0.00     10.430    0
  25.0690        2.0000       1.52996  55.80    17.500    1
  25.5880        1.9900       1.00000  0.00     18.050    0
  -201.8960      2.0000       1.84666  23.90    18.310    1
  -43.2030       11.3800      1.00000  0.00     18.900    0
  0              1.2100       1.51633  64.10    30.000    1
  0              1.1000       1.00000  0.00     30.000    0
  0              0.5000       1.51633  64.10    30.000    1
  0              0.5000       1.00000  0.00     30.000    0
