# Canon RF5.2mm F2.8 L Dual Fisheye
#
# Patent: US20220221688
# Converted from photonstophotos.net Optical Bench data
# 23 surfaces, 12 glass elements, f/2.9

name: Canon RF5.2mm F2.8 L Dual Fisheye
focal_length: 5.13

surfaces:
# radius       thickness    ior      abbe     semi_ap   coating
  37.8350        1.9000       1.85150  40.80    38.260    1
  11.0440        5.8900       1.00000  0.00     21.360    0
  16.9360        1.0500       2.00100  29.10    19.710    1
  10.3960        7.2600       1.00000  0.00     16.440    0
  -14.3480       0.8500       1.85150  40.80    15.400    1
  78.5120        1.8300       1.00000  0.00     15.940    0
  -171.5220      3.9000       1.91650  31.60    16.520    1
  -16.1200       6.9900       1.00000  0.00     17.010    0
  0              13.4000      1.51633  64.10    10.840    1
  0              2.0500       1.00000  0.00     7.720     0
  stop           1.6500       1.00000  0.00     8.010     0
  32.4370        0.5000       1.90043  37.40    8.290     1
  11.7360        3.0000       1.54072  47.20    8.250     1
  -19.1890       0.1500       1.00000  0.00     8.460     0
  0              13.4000      1.51633  64.10    8.420     1
  0              2.1700       1.00000  0.00     12.340    0
  40.4490        2.0000       1.80809  22.80    14.040    1
  -112.0280      0.1500       1.00000  0.00     14.230    0
  19.7060        4.2500       1.49700  81.60    14.550    1
  -26.9910       0.3200       1.00000  0.00     14.290    0
  -125.2990      0.7500       2.00069  25.50    13.720    1
  9.8860         6.9000       1.49700  81.60    13.060    1
  -22.1120       13.2100      1.00000  0.00     14.220    0
