# Canon RF70-200mm F2.8 L IS USM
#
# Patent: JP2021-056407
# Converted from photonstophotos.net Optical Bench data
# 31 surfaces, 17 glass elements, f/2.9

name: Canon RF70-200mm F2.8 L IS USM
focal_length: 72.13

surfaces:
# radius       thickness    ior      abbe     semi_ap   coating
  99.6180        7.7000       1.49700  81.50    70.220    1
  581.4390       0.2000       1.00000  0.00     70.220    0
  107.6810       2.4000       1.61340  44.30    67.280    1
  51.4600        12.7000      1.43875  94.70    67.280    1
  0              1.5000       1.00000  0.00     67.280    0
  0              3.6700       1.00000  0.00     35.020    0
  -617.9500      1.4500       1.59282  68.60    34.400    1
  66.5150        3.7900       1.00000  0.00     33.110    0
  -81.6980       1.3000       1.76385  48.50    33.110    1
  42.7500        4.4000       1.85478  24.80    34.240    1
  285.1710       10.4100      1.00000  0.00     34.240    0
  stop           0.5000       1.00000  0.00     25.337    0
  52.3350        7.0500       1.49700  81.50    35.640    1
  -87.6070       9.5700       1.00000  0.00     35.640    0
  -34.3500       1.2000       1.59270  35.30    31.300    1
  51.8210        5.0000       1.72825  28.50    31.440    1
  -93.9440       9.6900       1.00000  0.00     31.600    0
  126.8640       1.3500       2.05090  26.90    32.080    1
  45.3740        6.2500       1.49700  81.50    32.080    1
  -64.4720       0.1500       1.00000  0.00     32.080    0
  114.5770       5.8000       1.49700  81.50    33.780    1
  -44.9040       1.3500       2.05090  26.90    33.780    1
  -77.7080       0.1500       1.00000  0.00     33.780    0
  61.7350        4.4500       1.90043  37.40    34.780    1
  -412.1920      13.8000      1.00000  0.00     34.780    0
  159.9220       1.2000       1.61800  63.40    32.400    1
  27.9650        17.0600      1.00000  0.00     32.000    0
  -113.4310      3.2000       1.85478  24.80    34.780    1
  -46.3330       6.5400       1.00000  0.00     34.780    0
  -23.3010       1.9000       1.58313  59.40    35.380    1
  -70.3810       15.8600      1.00000  0.00     37.160    0
