# Canon EF24-85mm f3.5-4.5 USM
#
# Patent: JP1997-304697
# Converted from photonstophotos.net Optical Bench data
# 30 surfaces, 16 glass elements, f/3.6

name: Canon EF24-85mm f3.5-4.5 USM
focal_length: 24.84

surfaces:
# radius       thickness    ior      abbe     semi_ap   coating
  120.4400       1.2000       1.84666  23.80    55.640    1
  56.5400        6.4600       1.69679  55.50    53.320    1
  374.2600       0.1200       1.00000  0.00     55.380    0
  45.9900        4.8800       1.69679  55.50    47.720    1
  110.9400       2.1600       1.00000  0.00     45.400    0
  72.4800        0.0500       1.51640  52.20    26.480    1
  72.3500        1.1500       1.80400  46.60    26.480    1
  12.3700        5.3400       1.00000  0.00     19.380    0
  -71.8500       2.0800       1.80517  25.40    19.380    1
  -25.4200       0.8000       1.88299  40.80    19.380    1
  35.5900        0.1100       1.00000  0.00     19.380    0
  24.0700        2.2100       1.84665  23.90    17.200    1
  177.1800       13.6300      1.00000  0.00     17.200    0
  stop           0.2000       1.00000  0.00     12.874    0
  24.9700        0.8000       1.84666  23.80    15.680    1
  15.3900        3.6000       1.48749  70.20    15.680    1
  -80.7300       0.1000       1.00000  0.00     15.680    0
  30.0500        2.2300       1.71299  53.80    15.540    1
  -109.9000      0.3900       1.00000  0.00     15.540    0
  0              1.6600       1.00000  0.00     14.120    0
  -47.4000       2.4100       1.84666  23.80    15.860    1
  -16.5200       0.2200       1.00000  0.00     15.860    0
  -15.3800       0.8000       1.80609  41.00    15.860    1
  62.3200        9.4100       1.00000  0.00     17.560    0
  291.1100       5.3600       1.48749  70.20    22.580    1
  -17.5800       0.1200       1.00000  0.00     22.580    0
  61.1300        3.4900       1.75699  47.80    23.920    1
  -49.3100       2.0700       1.00000  0.00     23.160    0
  -21.1900       1.1000       1.84665  23.90    23.160    1
  -142.4600      37.9100      1.00000  0.00     25.160    0
