# Canon EF-S18-200mm f3.5-5.6 IS
#
# Patent: JP2009-175324
# Converted from photonstophotos.net Optical Bench data
# 29 surfaces, 16 glass elements, f/3.6

name: Canon EF-S18-200mm f3.5-5.6 IS
focal_length: 18.60

surfaces:
# radius       thickness    ior      abbe     semi_ap   coating
  137.3360       2.0000       1.80610  33.30    58.260    1
  54.8130        9.3500       1.49700  81.50    54.040    1
  -433.4620      0.1500       1.00000  0.00     58.400    0
  54.0240        6.2000       1.60311  60.60    49.120    1
  383.4500       2.1600       1.00000  0.00     49.120    0
  80.1260        1.2000       1.83481  42.70    25.760    1
  13.3690        5.9800       1.00000  0.00     18.540    0
  -31.4960       0.9000       1.77250  49.60    18.540    1
  72.9630        0.1500       1.00000  0.00     19.760    0
  26.2290        5.6000       1.80518  25.40    19.220    1
  -26.2290       0.3800       1.00000  0.00     19.220    0
  -22.0000       0.8500       1.77250  49.60    19.220    1
  91.5490        24.9900      1.00000  0.00     20.300    0
  stop           0.5700       1.00000  0.00     14.217    0
  32.2100        3.1000       1.58313  59.40    16.220    1
  -83.8300       0.1500       1.00000  0.00     16.220    0
  25.6670        0.9000       1.80518  25.40    16.620    1
  14.7620        4.9000       1.48749  70.20    15.520    1
  -40.1160       2.6300       1.00000  0.00     16.480    0
  -81.0120       0.7000       1.71300  53.90    12.740    1
  13.5520        2.2000       1.80610  33.30    12.740    1
  34.8020        3.0500       1.00000  0.00     12.270    0
  -20.3470       1.1000       1.83481  42.70    14.500    1
  -49.0820       6.0000       1.00000  0.00     14.500    0
  38.0320        6.2500       1.49700  81.50    22.460    1
  -23.5010       3.4100       1.00000  0.00     22.460    0
  160.1670       8.7000       1.58313  59.40    23.360    1
  -14.2170       2.0100       1.83481  42.70    23.360    1
  -51.0960       38.1900      1.00000  0.00     23.360    0
