# Canon Extender RF1.4X
#
# Patent: US20200271904
# Converted from photonstophotos.net Optical Bench data
# 11 surfaces, 7 glass elements

name: Canon Extender RF1.4X
focal_length: 50.00

surfaces:
# radius       thickness    ior      abbe     semi_ap   coating
  0              3.3200       1.85478  24.80    30.280    1
  -58.2560       3.2200       1.00000  0.00     30.280    0
  -56.5950       1.3000       1.77250  49.60    29.840    1
  68.5170        6.4300       1.60342  38.00    29.840    1
  -42.3220       1.3000       2.00100  29.10    29.840    1
  -351.5820      3.5500       1.00000  0.00     29.840    0
  -61.0100       9.5400       1.51742  52.40    30.360    1
  -20.1820       1.6500       1.95375  32.30    32.120    1
  -73.9110       2.8500       1.00000  0.00     36.660    0
  -70.9830       7.3600       1.63980  34.50    38.580    1
  -28.5450       0.0000       1.00000  0.00     41.120    0
