# Canon EF-S55-250mm f4-5.6 IS
#
# Patent: US007471462
# Converted from photonstophotos.net Optical Bench data
# 23 surfaces, 12 glass elements, f/4.2

name: Canon EF-S55-250mm f4-5.6 IS
focal_length: 56.90

surfaces:
# radius       thickness    ior      abbe     semi_ap   coating
  80.9951        4.7504       1.51633  64.14    45.360    1
  -808.5600      0.1500       1.00000  0.00     45.360    0
  77.5434        2.6000       1.80100  34.97    42.520    1
  41.9649        5.6768       1.49700  81.54    39.340    1
  338.8565       7.1933       1.00000  0.00     42.400    0
  -209.1280      1.4000       1.71300  53.87    20.780    1
  19.2357        3.2026       1.84666  23.93    20.780    1
  44.5511        2.3218       1.00000  0.00     20.070    0
  -43.5451       1.1000       1.80400  46.57    20.070    1
  278.5068       31.4741      1.00000  0.00     20.240    0
  52.2629        2.9962       1.63854  55.38    22.680    1
  -95.0852       0.1500       1.00000  0.00     22.680    0
  47.0386        2.8998       1.60311  60.64    22.680    1
  -231.0370      1.5691       1.00000  0.00     22.680    0
  stop           0.4980       1.00000  0.00     19.975    0
  30.2435        2.7892       1.48749  70.23    20.320    1
  226.3014       0.6007       1.00000  0.00     20.320    0
  -125.2910      3.0215       1.84666  23.78    18.940    1
  49.0520        11.4273      1.00000  0.00     18.940    0
  65.3741        2.0138       1.83400  37.16    14.840    1
  23.6429        8.7009       1.00000  0.00     14.840    0
  47.7313        2.3647       1.68893  31.07    17.980    1
  -173.9070      52.4500      1.00000  0.00     17.980    0
