# Canon RF15-35mm F2.8 L IS USM
#
# Patent: US20200257181
# Converted from photonstophotos.net Optical Bench data
# 30 surfaces, 16 glass elements, f/2.9

name: Canon RF15-35mm F2.8 L IS USM
focal_length: 15.45

surfaces:
# radius       thickness    ior      abbe     semi_ap   coating
  3000.0000      2.8500       1.58313  59.40    55.040    1
  16.5260        10.5700      1.00000  0.00     37.840    0
  -809.3270      2.2500       1.85400  40.40    36.450    1
  91.8280        5.5600       1.00000  0.00     31.480    0
  -53.2560       1.2000       1.59522  67.70    31.180    1
  68.5280        0.1500       1.00000  0.00     30.870    0
  43.5870        5.0300       1.85478  24.80    31.100    1
  -485.2440      25.3200      1.00000  0.00     30.620    0
  63.6070        2.6700       1.84666  23.90    24.640    1
  -1472.9640     0.1500       1.00000  0.00     24.780    0
  52.7370        1.0000       1.92286  20.90    25.070    1
  22.9960        5.4100       1.53172  48.80    24.620    1
  489.9760       8.2400       1.00000  0.00     24.900    0
  stop           13.7100      1.00000  0.00     16.520    0
  27.7330        1.2000       2.00069  25.50    27.720    1
  19.6410        9.2900       1.53775  74.70    26.540    1
  -78.8820       1.6000       1.00000  0.00     26.330    0
  -67.5580       4.3100       1.92286  20.90    21.980    1
  -20.9480       0.7700       1.83400  37.20    22.480    1
  136.1260       3.5200       1.00000  0.00     23.780    0
  0              7.0400       1.00000  0.00     25.930    0
  30.4870        11.2000      1.49700  81.60    34.860    1
  -50.1820       0.1500       1.00000  0.00     34.680    0
  40.9280        11.0000      1.49700  81.60    31.470    1
  -25.8000       1.2000       2.05090  26.90    29.510    1
  208.8350       4.5400       1.00000  0.00     29.480    0
  -73.6690       2.1000       1.85400  40.40    29.550    1
  -1000.0000     0.1500       1.00000  0.00     32.110    0
  216.0360       3.4000       1.92286  20.90    34.250    1
  -127.5380      14.0000      1.00000  0.00     34.880    0
