# Canon EF50mm F1.4 USM
#
# Patent: JP1994-242370
# Converted from photonstophotos.net Optical Bench data
# 14 surfaces, 7 glass elements, f/1.4

name: Canon EF50mm F1.4 USM
focal_length: 52.70

surfaces:
# radius       thickness    ior      abbe     semi_ap   coating
  53.7113        5.6047       1.77250  49.60    39.560    1
  385.5100       1.0698       1.00000  0.00     39.560    0
  26.8991        5.2273       1.83481  42.70    33.600    1
  42.4783        1.1768       1.00000  0.00     31.620    0
  65.6689        1.8956       1.64769  33.80    31.620    1
  18.2663        8.8386       1.00000  0.00     26.780    0
  stop           7.1000       1.00000  0.00     25.867    0
  -19.0832       1.9768       1.80518  25.40    27.100    1
  536.2473       6.4658       1.75700  47.80    32.120    1
  -34.4205       0.1628       1.00000  0.00     32.120    0
  -84.8976       4.3614       1.88300  40.80    33.200    1
  -31.4998       0.1528       1.00000  0.00     33.200    0
  131.1081       3.0571       1.80400  46.60    32.240    1
  -131.1102      39.6000      1.00000  0.00     32.240    0
