# Canon EF70-200mm f2.8L IS II USM
#
# Patent: US20090296231
# Converted from photonstophotos.net Optical Bench data
# 43 surfaces, 23 glass elements, f/2.9

name: Canon EF70-200mm f2.8L IS II USM
focal_length: 72.14

surfaces:
# radius       thickness    ior      abbe     semi_ap   coating
  314.5750       2.8000       1.74950  35.30    73.780    1
  117.5420       0.9600       1.00000  0.00     71.260    0
  141.1390       8.3600       1.49700  81.50    71.260    1
  -300.6570      0.1500       1.00000  0.00     71.740    0
  75.1240        6.8100       1.49700  81.50    66.960    1
  218.6090       10.6800      1.00000  0.00     66.960    0
  51.3820        2.3000       1.80518  25.40    54.500    1
  43.1800        1.4300       1.00000  0.00     51.080    0
  50.6110        8.6000       1.49700  81.50    50.560    1
  33115.6080     1.5800       1.00000  0.00     50.560    0
  -1003.9930     1.4000       1.80400  46.60    35.040    1
  34.3330        5.7900       1.00000  0.00     32.540    0
  -81.9090       1.4000       1.49700  81.50    32.540    1
  36.9140        5.3900       1.84666  23.90    33.180    1
  341.1760       2.8400       1.00000  0.00     33.180    0
  -57.9980       1.4000       1.69680  55.50    34.860    1
  3742.4800      28.8100      1.00000  0.00     34.860    0
  169.9340       4.8800       1.67790  55.30    35.720    1
  -93.9610       0.1500       1.00000  0.00     35.720    0
  594.7970       6.2800       1.43387  95.10    35.200    1
  -45.3320       0.0900       1.00000  0.00     35.200    0
  -44.3170       1.6000       1.80100  35.00    35.200    1
  -93.1960       18.3200      1.00000  0.00     35.300    0
  stop           0.4000       1.00000  0.00     35.319    0
  52.8600        3.5500       1.80400  46.60    36.560    1
  160.4640       0.2000       1.00000  0.00     36.560    0
  51.2300        3.5200       1.77250  49.60    34.480    1
  82.6220        1.7000       1.00000  0.00     33.160    0
  4742.1700      1.6000       1.74000  28.30    33.160    1
  37.2780        7.5800       1.49700  81.50    33.160    1
  -114.0570      3.2000       1.00000  0.00     33.160    0
  205.8490       3.6500       1.80518  25.40    30.100    1
  -72.0040       1.4000       1.58313  59.40    30.100    1
  33.6730        4.8700       1.00000  0.00     29.030    0
  -69.3000       1.4000       1.74400  44.80    29.030    1
  1788.3560      3.4600       1.00000  0.00     30.100    0
  181.7470       3.8300       1.80400  46.60    33.500    1
  -82.1960       3.1600       1.00000  0.00     33.500    0
  265.5580       8.9100       1.48749  70.20    36.340    1
  -27.9960       2.0000       1.83400  37.20    33.820    1
  -193.2400      5.0000       1.00000  0.00     36.000    0
  81.3840        3.3100       1.83400  37.20    39.600    1
  307.3880       54.1000      1.00000  0.00     39.600    0
