# Canon EF28-70mm f3.5-4.5 II
#
# Patent: JP1989-189622
# Converted from photonstophotos.net Optical Bench data
# 21 surfaces, 10 glass elements, f/3.6

name: Canon EF28-70mm f3.5-4.5 II
focal_length: 29.09

surfaces:
# radius       thickness    ior      abbe     semi_ap   coating
  48.6100        1.9000       1.83400  37.20    37.500    1
  18.9400        8.2000       1.00000  0.00     30.250    0
  -181.4400      2.0000       1.58313  59.40    30.250    1
  48.3300        1.9000       1.00000  0.00     30.250    0
  35.6900        3.7000       1.80518  25.40    29.880    1
  151.9200       32.4820      1.00000  0.00     29.880    0
  37.8300        3.1000       1.65160  58.60    22.120    1
  312.5600       1.9000       1.00000  0.00     22.120    0
  stop           0.7000       1.00000  0.00     16.695    0
  24.5900        3.8500       1.48749  70.20    22.730    1
  50.9700        0.2800       1.00000  0.00     21.510    0
  20.6900        4.4000       1.48749  70.20    21.410    1
  64.8100        1.0700       1.00000  0.00     20.530    0
  -211.3100      2.9000       1.84666  23.90    20.530    1
  17.7000        2.4000       1.00000  0.00     16.970    0
  140.4700       2.6000       1.75520  27.50    18.940    1
  -27.6100       0.2750       1.00000  0.00     18.940    0
  0              2.4000       1.00000  0.00     15.260    0
  -45.0000       1.8000       1.83400  37.20    26.560    1
  -70.9700       2.3000       1.60311  60.70    26.560    1
  -41.7900       42.3400      1.00000  0.00     26.560    0
