# US 2019/0041606 Example 4
#
# Patent: US20190041606
# Converted from photonstophotos.net Optical Bench data
# 31 surfaces, 17 glass elements, f/4.1

name: US 2019/0041606 Example 4
focal_length: 588.00

surfaces:
# radius       thickness    ior      abbe     semi_ap   coating
  285.1760       12.6900      1.59349  67.00    146.680   1
  -4767.6570     161.0400     1.00000  0.00     146.680   0
  122.0170       15.5800      1.43387  95.10    89.480    1
  -233.1750      0.0000       1.00000  0.00     87.980    0
  -238.3840      1.6000       1.80610  33.27    87.980    1
  141.0210       0.1500       1.00000  0.00     85.700    0
  93.1820        10.3400      1.43387  95.10    84.940    1
  377.9790       45.0300      1.00000  0.00     84.940    0
  80.8110        5.7600       1.84666  23.88    66.200    1
  182.5240       0.1500       1.00000  0.00     66.200    0
  120.3970       2.0000       1.80420  46.50    63.100    1
  44.7030        13.4500      1.43700  95.10    63.100    1
  642.6250       15.3500      1.00000  0.00     63.100    0
  stop           3.4900       1.00000  0.00     45.904    0
  491.7500       1.6000       1.59349  67.00    45.100    1
  62.3670        38.0600      1.00000  0.00     45.100    0
  325.0830       1.5000       1.89286  20.36    33.620    1
  59.2750        4.6400       1.73800  32.26    32.400    1
  -214.4660      1.0000       1.00000  0.00     32.400    0
  74.2200        4.0000       1.80518  25.46    32.400    1
  -119.9870      1.3000       1.59349  67.00    32.400    1
  41.2900        4.1300       1.00000  0.00     29.240    0
  -102.0970      1.3000       1.81600  46.62    29.000    1
  85.8860        3.7900       1.00000  0.00     29.000    0
  68.8600        5.1300       1.85478  24.80    29.980    1
  2687.0620      30.0800      1.00000  0.00     29.980    0
  99.6010        9.5300       1.66565  35.64    34.340    1
  -56.2960       1.5000       1.89286  20.36    34.340    1
  979.3040       5.2500       1.00000  0.00     34.340    0
  0              2.2000       1.51633  64.14    43.800    1
  0              73.9000      1.00000  0.00     43.800    0
