# Canon Serenar 100mm f3.5
#
# Patent: DE01022027
# Converted from photonstophotos.net Optical Bench data
# 10 surfaces, 5 glass elements, f/3.5

name: Canon Serenar 100mm f3.5
focal_length: 100.00

surfaces:
# radius       thickness    ior      abbe     semi_ap   coating
  40.0000        6.0000       1.62280  56.90    28.960    1
  -40.4000       1.4000       1.62000  36.30    28.960    1
  143.0000       6.6500       1.00000  0.00     27.130    0
  30.2500        2.0000       1.60310  60.70    24.780    1
  44.5000        11.3400      1.00000  0.00     24.780    0
  stop           4.6600       1.00000  0.00     18.173    0
  -140.0000      1.5000       1.52630  51.00    18.580    1
  20.3100        9.3000       1.00000  0.00     15.000    0
  41.2500        2.0000       1.62370  47.00    19.010    1
  -785.8900      48.9500      1.00000  0.00     19.010    0
