# US 6,891,684 Example 1
#
# Patent: US006891684
# Converted from photonstophotos.net Optical Bench data
# 22 surfaces, 12 glass elements, f/2.8

name: US 6,891,684 Example 1
focal_length: 51.60

surfaces:
# radius       thickness    ior      abbe     semi_ap   coating
  115.0077       1.9968       1.61272  58.72    30.300    1
  21.7841        9.7510       1.00000  0.00     27.200    0
  85.7879        4.0000       1.80440  39.59    25.600    1
  -72.7021       0.1522       1.00000  0.00     25.600    0
  32.8481        4.9190       1.65160  58.55    23.300    1
  -43.3562       1.8496       1.84666  23.78    23.300    1
  1385.4551      1.3503       1.00000  0.00     23.300    0
  -166.0843      1.3714       1.88300  40.76    21.800    1
  31.3143        3.7429       1.00000  0.00     21.600    0
  -33.5462       2.0000       1.64000  60.07    21.600    1
  31.0358        6.5369       1.83481  42.72    25.100    1
  -28.1816       13.0166      1.00000  0.00     25.000    0
  stop           16.8035      1.00000  0.00     22.600    0
  213.3581       3.1675       1.60311  60.40    27.200    1
  -47.3715       0.3955       1.00000  0.00     26.000    0
  40.2507        5.5967       1.56384  60.67    26.900    1
  -37.0585       1.1831       1.84666  23.78    26.900    1
  -1788.0038     0.9172       1.00000  0.00     26.900    0
  221.1427       1.1784       1.77225  49.60    26.600    1
  24.5132        0.6379       1.00000  0.00     26.600    0
  24.5899        3.3605       1.76182  26.52    27.300    1
  35.8034        37.9121      1.00000  0.00     27.300    0
