# Canon EF85mm f1.8 USM
#
# Patent: JP1993-157964
# Converted from photonstophotos.net Optical Bench data
# 17 surfaces, 9 glass elements, f/1.8

name: Canon EF85mm f1.8 USM
focal_length: 85.00

surfaces:
# radius       thickness    ior      abbe     semi_ap   coating
  185.3600       4.4000       1.65160  58.50    53.200    1
  -427.6600      0.2000       1.00000  0.00     53.200    0
  63.5800        4.6000       1.77250  49.60    47.520    1
  156.3200       0.1500       1.00000  0.00     47.520    0
  33.9900        8.2000       1.71300  53.80    42.380    1
  241.9800       0.1600       1.00000  0.00     40.420    0
  278.0900       3.2000       1.71736  29.50    40.420    1
  26.4100        8.8200       1.00000  0.00     32.320    0
  stop           3.5900       1.00000  0.00     29.989    0
  -101.4800      2.4000       1.80518  25.40    29.480    1
  -52.9000       1.5000       1.51633  64.20    28.500    1
  36.3600        16.3000      1.00000  0.00     26.980    0
  -9058.5900     2.0000       1.80518  25.40    29.280    1
  41.8500        12.4000      1.80610  41.00    29.280    1
  -410.7700      0.2000       1.00000  0.00     34.960    0
  73.0600        5.4000       1.77250  49.60    37.240    1
  -122.0500      38.9100      1.00000  0.00     37.240    0
