# Canon RF24-50mm F4.5-6.3 IS STM
#
# Patent: US20230213739
# Converted from photonstophotos.net Optical Bench data
# 18 surfaces, 8 glass elements, f/4.6

name: Canon RF24-50mm F4.5-6.3 IS STM
focal_length: 24.71

surfaces:
# radius       thickness    ior      abbe     semi_ap   coating
  238.7560       1.4000       1.63854  55.40    37.980    1
  18.4790        7.2100       1.00000  0.00     29.500    0
  994.6730       3.7000       1.53110  55.90    36.360    1
  56.3990        0.3000       1.00000  0.00     36.360    0
  28.0040        3.6000       1.69895  30.10    28.540    1
  65.2310        27.8500      1.00000  0.00     28.540    0
  21.6440        3.0000       1.90366  31.30    13.480    1
  -709.1020      2.6000       1.00000  0.00     13.480    0
  -102.7070      0.7000       1.84666  23.90    10.860    1
  16.1640        0.3700       1.00000  0.00     10.640    0
  26.5830        2.0500       1.77250  49.60    11.460    1
  -76.9390       2.0000       1.00000  0.00     11.460    0
  stop           6.1500       1.00000  0.00     9.168     0
  0              10.0400      1.00000  0.00     8.880     0
  -65.9610       2.9500       1.48749  70.20    19.270    1
  -21.2050       11.2400      1.00000  0.00     19.270    0
  -90.4040       3.5000       1.53110  55.90    23.900    1
  -1111.7790     16.4400      1.00000  0.00     26.700    0
