# Canon RF20mm F1.4L VCM
#
# Patent: US20250389929
# Converted from photonstophotos.net Optical Bench data
# 28 surfaces, 16 glass elements, f/1.5

name: Canon RF20mm F1.4L VCM
focal_length: 20.60

surfaces:
# radius       thickness    ior      abbe     semi_ap   coating
  52.4230        1.4000       1.60311  60.60    46.050    1
  19.6910        5.0300       1.00000  0.00     34.440    0
  29.3990        2.0000       1.58313  59.40    35.210    1
  17.8900        16.4300      1.00000  0.00     30.390    0
  -23.4090       1.2000       1.43875  94.70    27.280    1
  -99.8190       0.5000       1.00000  0.00     29.320    0
  167.0770       8.8600       1.75500  52.30    30.060    1
  -20.2870       1.0500       1.85478  24.80    30.060    1
  -46.5750       0.2500       1.00000  0.00     33.720    0
  70.9460        5.4200       1.90043  37.40    32.820    1
  -70.9460       0.9600       1.00000  0.00     32.820    0
  184.4890       1.1000       1.54072  47.20    38.680    1
  50.5920        4.9900       1.00000  0.00     31.240    0
  stop           2.1800       1.00000  0.00     27.296    0
  124.1130       3.8000       2.00069  25.50    31.410    1
  -86.9250       0.7000       1.57060  20.10    30.740    1
  -58.1100       1.1000       1.66565  35.60    30.740    1
  92.7030        9.0500       1.00000  0.00     26.110    0
  -31.8320       5.0200       1.49700  81.70    23.000    1
  -16.4280       1.0000       1.77047  29.70    25.660    1
  -103.1880      0.2000       1.00000  0.00     28.470    0
  40.2610        8.1100       1.49700  81.70    30.540    1
  -34.3150       2.7500       1.00000  0.00     30.540    0
  87.4890        5.7600       1.80400  46.50    35.070    1
  -54.3200       2.2000       1.00000  0.00     35.070    0
  326.7110       6.9500       1.59282  68.60    33.620    1
  -29.7930       1.0500       1.66565  35.60    33.620    1
  59.8780        18.4400      1.00000  0.00     36.450    0
