# Canon EF28-80mm f3.5-5.6 II
#
# Patent: US005899585
# Converted from photonstophotos.net Optical Bench data
# 21 surfaces, 10 glass elements, f/3.5

name: Canon EF28-80mm f3.5-5.6 II
focal_length: 28.98

surfaces:
# radius       thickness    ior      abbe     semi_ap   coating
  117.5250       2.7000       1.51633  64.10    44.720    1
  689.0190       0.1500       1.00000  0.00     44.720    0
  57.3040        1.5000       1.70154  41.20    37.060    1
  17.4590        9.7900       1.00000  0.00     29.430    0
  -64.5910       1.3000       1.62299  58.20    29.430    1
  54.4890        0.1700       1.00000  0.00     29.740    0
  31.2740        3.8200       1.76182  26.50    27.780    1
  160.0620       32.8800      1.00000  0.00     27.780    0
  32.6990        2.9800       1.63854  55.40    19.480    1
  -89.6010       0.9900       1.00000  0.00     19.480    0
  stop           0.2000       1.00000  0.00     17.525    0
  22.3210        2.1700       1.66672  48.30    18.820    1
  58.7700        0.9800       1.00000  0.00     18.820    0
  -122.8380      10.4600      1.78472  25.70    17.610    1
  17.6360        0.8900       1.00000  0.00     15.250    0
  34.8540        2.6700       1.58144  40.80    15.250    1
  -37.8180       3.0100       1.00000  0.00     15.250    0
  -64.4380       1.3000       1.63854  55.40    23.660    1
  83.2020        1.9400       1.00000  0.00     23.660    0
  -709.4020      2.7700       1.66672  48.30    24.840    1
  -42.4150       37.7000      1.00000  0.00     24.840    0
