# Canon EF35-80mm f4-5.6 III
#
# Patent: JP1992-019706
# Converted from photonstophotos.net Optical Bench data
# 17 surfaces, 8 glass elements, f/4.0

name: Canon EF35-80mm f4-5.6 III
focal_length: 36.29

surfaces:
# radius       thickness    ior      abbe     semi_ap   coating
  40.4500        1.5000       1.69680  55.50    29.360    1
  17.1100        6.6700       1.00000  0.00     24.880    0
  -84.2900       1.2000       1.69680  55.50    24.880    1
  282.4800       1.2600       1.00000  0.00     24.880    0
  25.8300        2.4800       1.80518  25.40    23.360    1
  39.1200        27.0600      1.00000  0.00     23.360    0
  30.5400        3.2800       1.62299  58.10    17.210    1
  -63.7600       1.3000       1.00000  0.00     17.210    0
  stop           0.3000       1.00000  0.00     15.976    0
  18.0600        2.8900       1.53172  48.90    16.210    1
  73.9400        0.7400       1.00000  0.00     15.460    0
  -89.4500       6.7000       1.80518  25.40    15.460    1
  17.1900        4.3900       1.00000  0.00     13.280    0
  82.4500        2.3600       1.64769  33.80    13.960    1
  -33.1600       4.1700       1.00000  0.00     13.960    0
  62.4600        2.0000       1.49171  57.40    20.840    1
  38.5200        40.4200      1.00000  0.00     20.840    0
