# Canon EF55-200mm f4.5-5.6 USM
#
# Patent: JP1999-133304
# Converted from photonstophotos.net Optical Bench data
# 27 surfaces, 13 glass elements, f/4.7

name: Canon EF55-200mm f4.5-5.6 USM
focal_length: 56.92

surfaces:
# radius       thickness    ior      abbe     semi_ap   coating
  134.2170       2.2000       1.80518  25.40    44.100    1
  58.2460        0.4200       1.00000  0.00     42.340    0
  64.7450        3.8700       1.62299  58.20    42.340    1
  316.7420       0.1500       1.00000  0.00     42.340    0
  59.4760        4.6200       1.62299  58.20    40.600    1
  14919.9280     1.8500       1.00000  0.00     40.600    0
  -121.6150      1.0000       1.83400  37.20    21.380    1
  25.7850        4.7700       1.00000  0.00     20.140    0
  35.8450        3.0700       1.74077  27.80    18.840    1
  -58.5070       0.1100       1.00000  0.00     18.840    0
  -51.0910       0.9500       1.71300  53.90    18.840    1
  131.2060       30.1300      1.00000  0.00     18.840    0
  stop           6.4800       1.00000  0.00     17.747    0
  -22.1430       1.4000       1.79952  42.20    19.020    1
  -27.7050       0.1500       1.00000  0.00     20.020    0
  -42.3400       2.2800       1.51633  54.10    21.100    1
  -23.9190       0.1500       1.00000  0.00     21.100    0
  1600.0000      2.4200       1.51633  54.10    21.000    1
  -50.0240       0.5000       1.00000  0.00     21.000    0
  43.2400        3.7600       1.51633  54.10    21.100    1
  -43.2400       0.1100       1.00000  0.00     21.100    0
  -40.0440       1.1000       1.84666  23.80    21.100    1
  -97.2060       24.8600      1.00000  0.00     21.100    0
  -850.7070      1.6600       1.76182  26.50    22.200    1
  -67.9490       0.2100       1.00000  0.00     21.540    0
  -102.2340      1.1200       1.79952  42.20    21.540    1
  37.6280        40.5500      1.00000  0.00     21.540    0
