# Canon EF24-105mm F4L IS USM
#
# Patent: JP2020-118775
# Converted from photonstophotos.net Optical Bench data
# 35 surfaces, 20 glass elements, f/4.1

name: Canon EF24-105mm F4L IS USM
focal_length: 24.93

surfaces:
# radius       thickness    ior      abbe     semi_ap   coating
  162.0880       1.8000       1.84666  23.90    63.320    1
  63.1180        8.4400       1.60311  60.60    58.020    1
  0              0.1500       1.00000  0.00     60.540    0
  47.8270        6.1100       1.80400  46.60    55.300    1
  108.6320       2.4700       1.00000  0.00     53.220    0
  137.3160       0.0500       1.52421  51.40    27.880    1
  78.8400        1.2000       1.83481  42.70    27.880    1
  13.9220        6.4700       1.00000  0.00     20.640    0
  -29.3850       1.0000       1.88300  40.80    20.640    1
  57.6490        0.1500       1.00000  0.00     20.020    0
  36.5450        5.2600       1.80518  25.40    21.560    1
  -26.8850       0.6700       1.00000  0.00     21.560    0
  -20.0370       1.2100       1.77250  49.60    19.140    1
  -46.8200       19.5500      1.00000  0.00     22.240    0
  0              0.0000       1.00000  0.00     21.290    0
  31.4360        3.5200       1.43875  94.90    24.480    1
  -824.3590      1.1400       1.00000  0.00     24.480    0
  stop           0.0600       1.00000  0.00     14.968    0
  28.8500        1.3000       1.78472  25.70    25.440    1
  16.8160        7.7700       1.48749  70.20    23.540    1
  -70.4160       0.1500       1.00000  0.00     24.520    0
  54.9910        4.0100       1.58313  59.40    24.550    1
  -67.7240       2.0000       1.00000  0.00     24.550    0
  -57.4140       3.1900       1.84666  23.90    18.080    1
  -16.6140       0.8000       1.76200  40.10    18.080    1
  62.8520        2.7800       1.00000  0.00     18.140    0
  -83.5050       2.2900       1.80518  25.40    19.300    1
  -28.7640       1.0000       1.83400  37.20    19.300    1
  803.1600       9.8000       1.00000  0.00     21.020    0
  140.2010       0.0800       1.52421  51.40    28.600    1
  198.0130       6.2800       1.58913  61.10    28.600    1
  -26.4800       0.1500       1.00000  0.00     28.600    0
  -325.6170      6.7200       1.48749  70.20    29.060    1
  -21.0880       2.0000       1.84666  23.90    28.680    1
  -68.8030       40.1100      1.00000  0.00     31.210    0
