# Canon EF11-24mm f4L USM
#
# Patent: US20150146085
# Converted from photonstophotos.net Optical Bench data
# 30 surfaces, 16 glass elements, f/4.1

name: Canon EF11-24mm f4L USM
focal_length: 11.33

surfaces:
# radius       thickness    ior      abbe     semi_ap   coating
  100.4020       3.1000       1.77250  49.60    83.990    1
  32.7870        10.7000      1.00000  0.00     62.100    0
  42.2070        3.2000       1.58443  59.40    59.670    1
  20.1330        10.9600      1.00000  0.00     49.610    0
  100.0370       2.6000       1.85000  40.30    46.090    1
  47.7530        5.7700       1.00000  0.00     36.380    0
  313.5410       1.3000       1.59522  67.70    35.840    1
  24.1460        7.5400       1.00000  0.00     30.950    0
  -76.8110       1.1500       1.43875  94.90    30.840    1
  64.1030        0.8900       1.00000  0.00     30.460    0
  39.3270        6.4000       1.72047  34.70    30.670    1
  -123.6150      26.4700      1.00000  0.00     29.970    0
  0              9.5100       1.00000  0.00     17.720    0
  stop           1.7400       1.00000  0.00     18.910    0
  20.9140        1.1000       2.00100  29.10    20.110    1
  15.6000        7.4700       1.57501  41.50    19.380    1
  -34.5310       2.0400       1.00000  0.00     19.130    0
  -26.2920       0.9000       1.91082  35.30    18.240    1
  68.3460        2.2800       1.80518  25.40    18.570    1
  -87.6630       3.2900       1.00000  0.00     18.720    0
  0              0.0000       1.00000  0.00     18.980    0
  29.7270        0.9500       1.88300  40.80    19.070    1
  14.1640        6.3300       1.51742  52.40    18.300    1
  -97.0920       0.9500       1.83481  42.70    18.400    1
  117.8190       0.1500       1.00000  0.00     18.520    0
  22.6770        6.4200       1.49700  81.50    19.060    1
  -27.2530       0.2000       1.00000  0.00     19.640    0
  -210.6160      1.1000       1.88300  40.80    19.590    1
  16.5070        7.0000       1.58313  59.40    19.720    1
  -89.0250       39.8800      1.00000  0.00     20.890    0
