# Canon FD400mm f4.5 SSC
#
# Patent: US004045128
# Converted from photonstophotos.net Optical Bench data
# 12 surfaces, 6 glass elements, f/4.5

name: Canon FD400mm f4.5 SSC
focal_length: 400.00

surfaces:
# radius       thickness    ior      abbe     semi_ap   coating
  275.3224       14.5000      1.48749  70.10    93.280    1
  -131.0104      8.9360       1.00000  0.00     93.280    0
  -112.2528      5.0000       1.80610  40.90    88.560    1
  -1033.3596     0.5000       1.00000  0.00     88.560    0
  163.8580       13.0000      1.48749  70.10    88.400    1
  -222.4844      100.0200     1.00000  0.00     88.400    0
  34.1476        5.0000       1.58913  61.10    42.160    1
  30.7464        9.0000       1.00000  0.00     38.920    0
  145.2136       3.0000       1.75520  27.50    37.920    1
  435.7940       2.5000       1.71300  53.90    37.920    1
  76.2564        35.0000      1.00000  0.00     37.920    0
  stop           123.5800     1.00000  0.00     27.628    0
