# Canon RF70-200mm F4 L IS USM
#
# Patent: US20210033835
# Converted from photonstophotos.net Optical Bench data
# 29 surfaces, 16 glass elements, f/4.1

name: Canon RF70-200mm F4 L IS USM
focal_length: 72.27

surfaces:
# radius       thickness    ior      abbe     semi_ap   coating
  90.6440        5.0000       1.48749  70.20    49.910    1
  729.4570       0.1500       1.00000  0.00     49.910    0
  118.5360       1.7200       1.61340  44.30    48.040    1
  44.4440        7.6300       1.49700  81.50    45.970    1
  701.8850       1.0400       1.00000  0.00     48.040    0
  0              1.5500       1.00000  0.00     26.120    0
  61.5030        1.4500       1.51633  64.10    26.510    1
  30.4440        4.9000       1.00000  0.00     23.560    0
  -46.6930       1.4500       1.54072  47.20    23.560    1
  42.4600        2.4000       2.00069  25.50    25.920    1
  129.5620       14.1500      1.00000  0.00     25.920    0
  stop           0.2700       1.00000  0.00     18.504    0
  30.8080        5.4600       1.49700  81.50    26.800    1
  -114.5600      5.4200       1.00000  0.00     26.800    0
  -34.8910       0.7600       1.76385  48.50    21.310    1
  21.9460        5.0600       1.80610  40.70    22.090    1
  -157.2490      9.2100       1.00000  0.00     22.090    0
  215.8660       0.8600       2.05090  26.90    26.230    1
  32.6380        6.4600       1.49700  81.50    25.040    1
  -41.2830       0.1500       1.00000  0.00     26.230    0
  40.5480        4.6300       1.83481  42.70    29.300    1
  -194.1060      18.9100      1.00000  0.00     29.300    0
  -110.3860      0.9000       1.83481  42.70    26.320    1
  32.5430        3.0400       1.72825  28.50    26.320    1
  77.9180        15.9400      1.00000  0.00     26.320    0
  -27.0780       1.5500       1.49700  81.50    30.960    1
  -77.2780       0.1500       1.00000  0.00     33.410    0
  133.6940       2.8700       1.85478  24.80    36.770    1
  -465.6630      14.4400      1.00000  0.00     36.770    0
