# Canon EF70-200mm f4L USM
#
# Patent: JP2000-284174
# Converted from photonstophotos.net Optical Bench data
# 30 surfaces, 16 glass elements, f/4.1

name: Canon EF70-200mm f4L USM
focal_length: 72.04

surfaces:
# radius       thickness    ior      abbe     semi_ap   coating
  154.1990       3.7000       1.48790  70.20    53.000    1
  439.0520       13.5800      1.00000  0.00     53.000    0
  101.8820       2.1000       1.72151  29.20    50.260    1
  59.9500        0.0800       1.00000  0.00     48.080    0
  60.7440        5.8500       1.49700  81.50    48.080    1
  354.5640       0.1500       1.00000  0.00     48.080    0
  84.7610        5.0000       1.49700  81.50    46.720    1
  -1942.7110     1.9000       1.00000  0.00     46.720    0
  -209.2430      1.4000       1.80400  46.60    25.820    1
  36.6050        4.0000       1.00000  0.00     25.820    0
  -74.3310       1.4000       1.51633  64.10    26.690    1
  37.4930        3.9000       1.84666  23.90    26.690    1
  0              1.4200       1.00000  0.00     26.690    0
  -63.5040       1.4000       1.74950  35.30    26.690    1
  -164.7530      28.6200      1.00000  0.00     26.730    0
  193.0170       5.8000       1.62299  58.20    29.500    1
  -29.9750       1.5000       1.76200  40.10    29.240    1
  -69.2140       15.4000      1.00000  0.00     29.240    0
  stop           1.2000       1.00000  0.00     29.079    0
  38.7450        4.8000       1.60311  60.60    29.840    1
  -656.1470      0.2000       1.00000  0.00     29.840    0
  36.5050        5.0000       1.49700  81.50    27.920    1
  -153.2900      1.9400       1.80610  40.90    27.920    1
  36.7110        32.6000      1.00000  0.00     24.860    0
  -771.7490      3.5000       1.60311  60.60    30.220    1
  -62.3780       8.6600       1.00000  0.00     30.220    0
  -27.5170       1.6000       1.69797  55.50    30.220    1
  -62.6460       0.1500       1.00000  0.00     31.640    0
  111.0260       3.0000       1.59270  35.30    33.060    1
  0              53.4300      1.00000  0.00     33.060    0
