# Canon EF-S10-18mm f4.5-5.6 IS STM
#
# Patent: JP2015-031869
# Converted from photonstophotos.net Optical Bench data
# 26 surfaces, 14 glass elements, f/4.6

name: Canon EF-S10-18mm f4.5-5.6 IS STM
focal_length: 10.30

surfaces:
# radius       thickness    ior      abbe     semi_ap   coating
  55.9990        1.2000       1.77250  49.60    43.520    1
  18.9390        0.2100       1.00000  0.00     33.380    0
  18.7940        3.0000       1.52996  55.80    33.380    1
  12.3020        13.9700      1.00000  0.00     29.000    0
  27.0780        0.8500       1.77250  49.60    20.180    1
  11.7340        5.8600       1.00000  0.00     17.190    0
  -18.5560       0.8600       1.59522  67.70    17.190    1
  -193.3880      0.1500       1.00000  0.00     17.190    0
  43.6370        3.3500       1.72047  34.70    17.640    1
  -36.1620       18.1200      1.00000  0.00     17.640    0
  -51.1340       1.2200       1.48749  70.20    9.940     1
  -31.1610       1.2900       1.00000  0.00     9.940     0
  24.6700        0.8000       1.91082  35.30    9.620     1
  10.2750        2.9800       1.60342  38.00    9.620     1
  -52.1440       2.1700       1.00000  0.00     9.620     0
  stop           4.0400       1.00000  0.00     8.821     0
  -69.1480       0.8000       1.83481  42.70    11.260    1
  10.2230        3.3300       1.64769  33.80    11.260    1
  -84.5300       0.1500       1.00000  0.00     11.260    0
  16.4450        4.2200       1.49700  81.50    12.120    1
  -16.4450       1.2500       1.00000  0.00     12.120    0
  -43.8610       0.7000       1.91082  35.30    12.460    1
  54.8420        3.8000       1.00000  0.00     12.460    0
  83.1840        0.8000       1.91082  35.30    16.720    1
  12.8790        7.1400       1.58313  59.40    15.080    1
  -19.5880       35.3500      1.00000  0.00     16.720    0
