# Canon EF180mm f3.5L Macro USM
#
# Patent: JP1997-211319
# Converted from photonstophotos.net Optical Bench data
# 27 surfaces, 14 glass elements, f/3.6

name: Canon EF180mm f3.5L Macro USM
focal_length: 180.00

surfaces:
# radius       thickness    ior      abbe     semi_ap   coating
  -256.8600      3.6100       1.48749  70.20    59.180    1
  -133.1900      0.2000       1.00000  0.00     59.180    0
  136.3300       9.0500       1.49700  81.60    56.620    1
  -92.3400       2.1200       1.00000  0.00     56.620    0
  -87.0600       2.7000       1.80100  35.00    54.060    1
  -222.5700      0.2000       1.00000  0.00     54.060    0
  47.2700        5.7500       1.49700  81.60    48.300    1
  122.8500       8.8800       1.00000  0.00     48.300    0
  38.7300        2.9000       1.80518  25.40    39.560    1
  31.0900        3.7000       1.00000  0.00     36.360    0
  76.6700        3.9300       1.48749  70.20    36.360    1
  8088.0600      2.2000       1.00000  0.00     37.640    0
  -647.8900      1.8000       1.88300  40.80    34.660    1
  46.0700        4.2500       1.00000  0.00     31.760    0
  -90.9900       1.6000       1.48749  70.20    31.760    1
  48.3700        4.2000       1.84666  23.90    32.520    1
  525.9800       32.3100      1.00000  0.00     33.380    0
  stop           17.5400      1.00000  0.00     30.424    0
  41.7200        4.9600       1.76200  40.10    30.910    1
  0              0.1500       1.00000  0.00     30.910    0
  98.3900        4.7000       1.49700  81.60    30.600    1
  -69.9800       3.3200       1.59270  35.30    29.100    1
  28.9100        28.1500      1.00000  0.00     29.100    0
  -31.1400       3.0000       1.83400  37.20    33.980    1
  -34.9400       0.1500       1.00000  0.00     35.260    0
  72.1500        4.6000       1.48749  70.20    38.040    1
  -2065.0800     67.5400      1.00000  0.00     38.040    0
