# Canon RF24-240mm F4-6.3 IS USM
#
# Patent: US20200142167
# Converted from photonstophotos.net Optical Bench data
# 37 surfaces, 21 glass elements, f/4.1

name: Canon RF24-240mm F4-6.3 IS USM
focal_length: 24.72

surfaces:
# radius       thickness    ior      abbe     semi_ap   coating
  131.3990       1.8500       1.90366  31.30    56.830    1
  68.5610        8.4900       1.49700  81.50    55.440    1
  -730.6530      0.1500       1.00000  0.00     55.120    0
  68.7920        6.4800       1.61800  63.40    53.520    1
  664.4370       1.3400       1.00000  0.00     52.760    0
  243.5280       1.2800       1.85150  40.80    27.590    1
  20.5830        4.7300       1.00000  0.00     22.380    0
  -56.3810       1.0900       1.85150  40.80    21.970    1
  45.8180        0.4600       1.00000  0.00     20.780    0
  35.8710        4.5100       1.92286  20.90    20.580    1
  -61.2470       0.8400       1.00000  0.00     19.640    0
  -32.3680       1.0300       1.77250  49.60    19.450    1
  821.4720       22.2500      1.00000  0.00     18.640    0
  stop           0.3500       1.00000  0.00     13.260    0
  27.0340        3.0500       1.76182  26.50    17.030    1
  -852.6800      0.1500       1.00000  0.00     16.920    0
  19.8400        3.5300       1.58144  40.80    16.650    1
  0              0.8200       2.00100  29.10    15.950    1
  20.5220        2.7000       1.00000  0.00     15.210    0
  35.8030        0.8000       2.00069  25.50    15.500    1
  18.8880        3.9900       1.72000  43.70    15.260    1
  -63.4510       2.2700       1.00000  0.00     15.190    0
  -26.0360       0.8000       2.00100  29.10    14.800    1
  -164.7610      8.4600       1.00000  0.00     15.100    0
  45.6280        2.4200       1.53110  55.90    21.580    1
  246.5550       0.9000       1.00000  0.00     22.570    0
  -170.5190      1.2500       1.85478  24.80    22.750    1
  170.5890       5.5300       1.59282  68.60    23.820    1
  -26.6470       0.1500       1.00000  0.00     25.080    0
  45.5380        6.1900       1.49700  81.50    27.280    1
  -45.7880       3.7300       1.00000  0.00     27.380    0
  93.2450        1.8100       1.80518  25.40    25.570    1
  304.6300       1.1000       1.63854  55.40    25.270    1
  23.5080        15.5400      1.00000  0.00     24.120    0
  -53.5900       1.2800       1.83481  42.70    27.190    1
  53.8540        4.8800       1.84666  23.80    29.260    1
  -109.5970      15.7800      1.00000  0.00     30.000    0
