# Canon RF14-35mm F4 L IS USM
#
# Patent: US20220171174
# Converted from photonstophotos.net Optical Bench data
# 29 surfaces, 16 glass elements, f/4.1

name: Canon RF14-35mm F4 L IS USM
focal_length: 14.42

surfaces:
# radius       thickness    ior      abbe     semi_ap   coating
  53.5990        1.4000       1.77250  49.60    43.820    1
  18.1130        5.2200       1.00000  0.00     32.210    0
  22.0750        2.2000       1.58313  59.40    31.650    1
  10.6280        10.8700      1.00000  0.00     26.460    0
  -44.7450       1.0000       1.49700  81.50    26.190    1
  57.0180        0.2000       1.00000  0.00     25.970    0
  34.4640        5.0000       1.83400  37.20    26.180    1
  -232.2060      27.7600      1.00000  0.00     25.600    0
  stop           0.3000       1.00000  0.00     11.360    0
  28.1900        0.9000       1.95375  32.30    18.710    1
  16.9280        4.3900       1.63980  34.50    18.370    1
  92.1740        0.1500       1.00000  0.00     18.460    0
  22.7810        0.9000       1.91082  35.30    18.810    1
  13.8650        7.0800       1.51633  64.10    18.090    1
  -77.7160       1.3300       1.00000  0.00     18.160    0
  -101.1660      0.7000       1.72047  34.70    18.030    1
  22.5400        2.3700       2.00069  25.50    18.090    1
  52.6610        4.1400       1.00000  0.00     17.960    0
  27.7580        0.9000       1.80400  46.50    18.260    1
  13.2900        6.7800       1.49700  81.50    17.640    1
  -85.1290       0.2000       1.00000  0.00     17.860    0
  31.2080        6.9900       1.49700  81.50    19.270    1
  -21.1240       1.4000       1.00000  0.00     20.010    0
  97.7370        0.7500       1.80400  46.50    19.320    1
  22.0200        7.4600       1.00000  0.00     18.890    0
  -83.8920       1.6000       1.85400  40.40    21.100    1
  1997.5300      3.7800       1.00000  0.00     22.210    0
  -426.9070      5.1200       1.48749  70.20    38.120    1
  -49.5750       14.9900      1.00000  0.00     38.850    0
