# JP 2018-049102 Example 2
#
# Patent: JP2018-049102
# Converted from photonstophotos.net Optical Bench data
# 26 surfaces, 14 glass elements, f/3.5

name: JP 2018-049102 Example 2
focal_length: 180.00

surfaces:
# radius       thickness    ior      abbe     semi_ap   coating
  100.5760       8.1800       1.48749  70.20    51.430    1
  -110.5390      10.3600      1.00000  0.00     51.110    0
  -73.1470       2.0000       1.80000  29.80    46.150    1
  221.5750       1.2000       1.00000  0.00     46.360    0
  110.1930       7.3200       1.49700  81.50    46.920    1
  -89.1310       0.5000       1.00000  0.00     46.930    0
  78.0030        3.8600       1.84666  23.80    45.020    1
  296.6570       0.5000       1.00000  0.00     44.430    0
  61.5500        1.6200       1.83400  37.20    42.160    1
  30.8470        8.2800       1.48749  70.20    38.940    1
  431.7270       2.8600       1.00000  0.00     38.310    0
  -419.0850      1.6000       1.77250  0.00     36.400    1
  54.6220        4.6900       1.00000  0.00     34.680    0
  -96.5490       1.6000       1.65160  58.50    34.650    1
  51.3840        4.4300       1.84666  23.80    35.090    1
  1016.2850      26.2200      1.00000  0.00     35.070    0
  stop           24.3500      1.00000  0.00     35.160    0
  41.7490        6.2400       1.71300  53.90    35.260    1
  -474.7070      1.2000       1.00000  0.00     34.500    0
  59.8970        7.0500       1.49700  81.50    31.810    1
  -45.1250       2.0100       1.56732  42.80    30.280    1
  24.8550        24.1200      1.00000  0.00     26.700    0
  -31.6730       2.5000       1.77250  49.60    30.170    1
  -38.7960       5.0000       1.00000  0.00     31.850    0
  53.8110        3.3300       1.63854  55.40    35.720    1
  93.3880        64.0100      1.00000  0.00     35.570    0
