# Canon EF35mm f2
#
# Patent: JP1992-015611
# Converted from photonstophotos.net Optical Bench data
# 13 surfaces, 7 glass elements, f/2.0

name: Canon EF35mm f2
focal_length: 35.51

surfaces:
# radius       thickness    ior      abbe     semi_ap   coating
  28.2500        1.5000       1.58913  61.20    30.030    1
  15.7900        15.2800      1.00000  0.00     24.940    0
  37.8400        10.5400      1.80610  40.90    24.580    1
  -19.7700       1.5300       1.64769  33.80    24.580    1
  -142.0500      3.0900       1.00000  0.00     24.580    0
  stop           3.5400       1.00000  0.00     19.759    0
  -27.5400       1.9400       1.67270  32.10    19.930    1
  45.8100        2.0000       1.00000  0.00     19.050    0
  -46.1600       1.1000       1.78472  25.70    19.050    1
  276.8300       3.5800       1.77250  49.60    19.930    1
  -24.1500       0.1000       1.00000  0.00     20.350    0
  134.6700       3.2000       1.77250  49.60    22.510    1
  -46.1900       37.8300      1.00000  0.00     22.510    0
