# Canon EF35-135mm f3.5-4.5
#
# Patent: US004690513
# Converted from photonstophotos.net Optical Bench data
# 30 surfaces, 16 glass elements, f/3.6

name: Canon EF35-135mm f3.5-4.5
focal_length: 36.30

surfaces:
# radius       thickness    ior      abbe     semi_ap   coating
  271.0500       2.0000       1.80518  25.40    51.050    1
  58.0000        7.0000       1.65160  58.60    46.170    1
  -169.6600      0.1000       1.00000  0.00     45.360    0
  43.5100        4.3000       1.69680  55.50    39.700    1
  135.4500       0.6900       1.00000  0.00     39.000    0
  90.9000        1.2000       1.88300  40.80    26.380    1
  18.9900        5.5000       1.00000  0.00     22.180    0
  -34.5700       1.0000       1.88300  40.80    22.180    1
  82.0000        1.6500       1.00000  0.00     22.180    0
  47.2300        4.3600       1.84666  23.90    22.020    1
  -36.7500       0.8700       1.00000  0.00     22.020    0
  -25.3500       1.0000       1.77250  49.60    22.020    1
  -90.1700       22.0000      1.00000  0.00     22.980    0
  stop           1.3500       1.00000  0.00     20.078    0
  37.7400        3.0000       1.48749  70.10    24.400    1
  269.8200       0.1000       1.00000  0.00     24.400    0
  37.1700        3.2000       1.61700  62.80    26.010    1
  223.5600       0.1000       1.00000  0.00     26.010    0
  27.9600        2.9000       1.48749  70.10    24.610    1
  65.9300        0.1000       1.00000  0.00     24.610    0
  22.9200        4.9000       1.49700  81.60    22.050    1
  -120.9400      6.6700       1.83400  37.20    21.340    1
  13.7300        2.5400       1.00000  0.00     16.560    0
  24.1400        3.5000       1.58267  46.40    17.560    1
  -70.6100       1.0000       1.84666  23.90    17.560    1
  -91.5200       0.2800       1.00000  0.00     17.560    0
  0              3.9700       1.00000  0.00     13.840    0
  -31.4200       1.2000       1.76200  40.10    21.740    1
  -660.3500      4.5000       1.48749  70.10    25.140    1
  -24.3400       42.1200      1.00000  0.00     25.140    0
