# Canon EF-M11-22mm f4-5.6 IS STM
#
# Patent: US20140098253
# Converted from photonstophotos.net Optical Bench data
# 22 surfaces, 12 glass elements, f/4.0

name: Canon EF-M11-22mm f4-5.6 IS STM
focal_length: 11.00

surfaces:
# radius       thickness    ior      abbe     semi_ap   coating
  50.2140        2.3000       1.58313  59.40    32.100    1
  8.8900         9.1300       1.00000  0.00     20.520    0
  -43.8230       1.2000       1.77250  49.60    19.850    1
  16.6920        2.5600       1.00000  0.00     18.100    0
  24.8410        3.7000       1.91082  35.30    18.760    1
  -110.6300      19.6500      1.00000  0.00     18.470    0
  -130.2320      1.2800       1.69680  55.50    9.090     1
  -36.8760       3.5000       1.00000  0.00     9.230     0
  stop           2.0000       1.00000  0.00     9.620     0
  11.2110        4.4900       1.51742  52.40    10.000    1
  -14.7650       0.8000       1.88300  40.80    9.350     1
  14.9500        0.4000       1.00000  0.00     9.190     0
  11.8190        4.1400       1.53172  48.80    9.500     1
  -17.1010       0.6700       1.00000  0.00     10.230    0
  31.5220        6.7100       1.49700  81.50    10.510    1
  -7.2270        0.6700       1.85400  40.40    10.440    1
  -26.5460       1.3000       1.00000  0.00     11.290    0
  43.1660        0.8000       1.83400  37.20    12.110    1
  18.1390        5.7800       1.00000  0.00     12.200    0
  62.5460        6.8500       1.62588  35.70    16.560    1
  -12.1500       1.0000       1.83481  42.70    17.500    1
  -50.3630       11.0400      1.00000  0.00     19.500    0
