# Canon RF24-70mm F2.8 L IS USM
#
# Patent: US20190278068
# Converted from photonstophotos.net Optical Bench data
# 37 surfaces, 21 glass elements, f/2.9

name: Canon RF24-70mm F2.8 L IS USM
focal_length: 24.72

surfaces:
# radius       thickness    ior      abbe     semi_ap   coating
  232.3570       2.1000       1.80809  22.80    68.690    1
  90.3810        5.7800       1.77250  49.60    65.950    1
  323.7130       0.1500       1.00000  0.00     65.380    0
  59.1390        7.0500       1.72916  54.70    60.670    1
  166.9840       0.8000       1.00000  0.00     59.460    0
  67.8020        1.4000       1.88300  40.80    38.530    1
  18.6630        8.6700       1.00000  0.00     29.190    0
  -115.1640      1.2000       1.49700  81.50    28.340    1
  21.4120        3.8700       1.85478  24.80    24.870    1
  47.6530        4.1700       1.00000  0.00     23.860    0
  -48.0390       1.0000       1.72916  54.70    22.680    1
  425.7820       0.2900       1.00000  0.00     22.040    0
  93.5680        6.0300       1.59270  35.30    21.730    1
  -24.5180       1.0500       1.83481  42.70    22.500    1
  -71.9570       16.1500      1.00000  0.00     23.850    0
  stop           0.4000       1.00000  0.00     18.197    0
  78.0590        4.3100       1.76385  48.50    26.860    1
  -59.4470       0.1500       1.00000  0.00     27.130    0
  40.1550        7.4000       1.49700  81.50    26.920    1
  -33.8070       1.1000       2.00069  25.50    26.270    1
  -143.9190      2.2600       1.00000  0.00     26.330    0
  -63.1490       1.6500       1.58313  59.40    26.060    1
  45.8250        1.9200       1.76182  26.50    26.270    1
  84.2510        11.0800      1.00000  0.00     26.240    0
  26.3930        8.2800       1.49700  81.50    27.410    1
  -69.3600       0.3500       1.00000  0.00     27.250    0
  39.3350        1.1500       1.73800  32.30    26.900    1
  26.8990        7.0300       1.53775  74.70    26.140    1
  -73.8790       0.1500       1.00000  0.00     25.500    0
  -602.9440      1.7000       1.85400  40.40    25.280    1
  131.9410       2.1600       1.00000  0.00     24.900    0
  60.2090        0.9000       1.80400  46.60    25.510    1
  23.8780        12.9600      1.00000  0.00     25.060    0
  -52.7140       1.7000       1.58313  59.40    29.850    1
  -3211.2850     0.1500       1.00000  0.00     32.970    0
  317.2770       3.2300       2.00100  29.10    35.270    1
  -114.7000      14.3700      1.00000  0.00     35.820    0
