# US 8,970,966 Example 1
#
# Patent: US008970966
# Converted from photonstophotos.net Optical Bench data
# 11 surfaces, 6 glass elements, f/2.8

name: US 8,970,966 Example 1
focal_length: 45.00

surfaces:
# radius       thickness    ior      abbe     semi_ap   coating
  20.4320        3.4400       1.83481  42.70    18.660    1
  209.3040       1.2000       1.62004  36.30    17.290    1
  12.8150        0.4400       1.00000  0.00     14.900    0
  14.2040        2.3900       1.83481  42.70    14.940    1
  17.6050        2.8300       1.00000  0.00     14.190    0
  stop           3.3500       1.00000  0.00     12.950    0
  -14.2840       1.0000       1.72825  28.50    14.020    1
  456.1360       2.2800       1.83481  42.70    15.260    1
  -29.7370       0.3200       1.00000  0.00     15.720    0
  -105.9140      2.7500       1.83481  42.70    16.010    1
  -20.2440       37.9900      1.00000  0.00     16.310    0
