# Canon EF-S17-55mm f2.8 IS USM
#
# Patent: JP2007-108398
# Converted from photonstophotos.net Optical Bench data
# 35 surfaces, 21 glass elements, f/2.9

name: Canon EF-S17-55mm f2.8 IS USM
focal_length: 17.50

surfaces:
# radius       thickness    ior      abbe     semi_ap   coating
  217.3730       1.9000       1.84666  23.90    65.660    1
  74.6770        8.6500       1.60311  60.60    62.970    1
  -799.5380      0.1500       1.00000  0.00     62.970    0
  48.9820        7.0300       1.71300  53.90    56.590    1
  122.5530       3.3000       1.00000  0.00     56.590    0
  74.2900        0.0500       1.51640  52.20    29.820    1
  59.9960        1.2000       1.80400  46.60    29.820    1
  12.2770        6.8100       1.00000  0.00     20.320    0
  -37.4000       1.0000       1.83481  42.70    20.320    1
  37.4000        0.1500       1.00000  0.00     20.320    0
  27.2090        4.9300       1.83400  37.20    20.610    1
  -36.4930       0.5300       1.00000  0.00     20.610    0
  -25.9120       0.9000       1.80400  46.60    18.730    1
  25.9120        3.6000       1.80518  25.40    20.730    1
  -225.9090      17.2000      1.00000  0.00     20.730    0
  0              0.0000       1.00000  0.00     19.000    0
  254.8060       3.5000       1.58913  61.10    20.720    1
  -39.8910       1.0000       1.00000  0.00     20.720    0
  stop           2.3200       1.00000  0.00     15.763    0
  36.3780        8.5400       1.58313  59.40    22.780    1
  -16.4180       2.5000       1.84666  23.90    22.780    1
  -26.1920       2.2000       1.00000  0.00     22.780    0
  -51.8070       2.6100       1.84666  23.90    18.560    1
  -18.8900       0.8000       1.69680  55.50    18.560    1
  61.9770        5.0500       1.00000  0.00     18.560    0
  -28.3040       1.2000       1.84666  23.90    17.780    1
  -85.9240       1.9800       1.58913  61.10    21.610    1
  -39.8140       9.7200       1.00000  0.00     21.610    0
  129.1620       0.0800       1.51640  52.20    26.200    1
  154.4260       1.3200       1.83400  37.20    26.200    1
  36.1570        6.4700       1.49700  81.50    26.200    1
  -36.1570       0.1500       1.00000  0.00     26.200    0
  64.8040        8.2000       1.49700  81.50    28.210    1
  -23.7820       1.7000       1.74950  35.30    30.430    1
  -38.9360       35.2900      1.00000  0.00     30.430    0
