# JP 2018-031935 Example 2
#
# Patent: JP2018-031935
# Converted from photonstophotos.net Optical Bench data
# 27 surfaces, 14 glass elements, f/2.1

name: JP 2018-031935 Example 2
focal_length: 15.34

surfaces:
# radius       thickness    ior      abbe     semi_ap   coating
  52.8720        1.5200       1.95906  17.50    43.110    1
  44.7100        6.6600       1.59282  68.60    40.700    1
  -1223.1920     0.6900       1.00000  0.00     39.230    0
  168.8390       1.1000       1.85400  40.40    31.420    1
  16.4640        7.4800       1.00000  0.00     23.660    0
  -52.7240       0.7600       1.77250  49.60    23.370    1
  70.1640        0.1700       1.00000  0.00     23.270    0
  29.1940        2.8500       1.95906  17.50    23.610    1
  81.7290        24.1600      1.00000  0.00     23.230    0
  37.7350        1.8700       1.85400  40.40    16.700    1
  71.1560        0.1200       1.00000  0.00     16.610    0
  13.8910        5.8400       1.59282  68.60    17.530    1
  -66.2080       0.1200       1.00000  0.00     16.680    0
  26.7490        0.6800       1.80809  22.80    15.230    1
  12.2990        2.4800       1.00000  0.00     13.970    0
  677.5080       2.6400       1.55332  71.70    13.890    1
  -20.3980       1.6900       1.00000  0.00     13.640    0
  stop           8.1400       1.00000  0.00     11.938    0
  -6411.0350     3.0100       1.67270  32.10    14.550    1
  -17.3910       1.1000       1.00000  0.00     14.820    0
  -14.5100       0.6800       1.85400  40.40    14.570    1
  125.0740       2.5800       1.00000  0.00     15.570    0
  0              2.0500       1.54400  60.00    49.710    1
  0              0.6000       1.55900  58.60    49.710    1
  0              1.0900       1.00000  0.00     49.710    0
  0              0.5000       1.52300  58.60    49.710    1
  0              3.8200       1.00000  0.00     49.710    0
