# Canon EF35-350mm f3.5-5.6L USM
#
# Patent: US005189557
# Converted from photonstophotos.net Optical Bench data
# 38 surfaces, 21 glass elements, f/3.6

name: Canon EF35-350mm f3.5-5.6L USM
focal_length: 36.29

surfaces:
# radius       thickness    ior      abbe     semi_ap   coating
  174.6030       3.0000       1.83400  37.20    67.240    1
  84.2830        0.1200       1.00000  0.00     67.240    0
  84.3480        9.3000       1.49700  81.60    67.240    1
  -330.5690      0.1500       1.00000  0.00     67.240    0
  72.7460        7.0000       1.49700  81.60    63.080    1
  354.0960       1.8100       1.00000  0.00     63.080    0
  105.8890       1.9000       1.88300  40.80    38.490    1
  30.7520        5.0000       1.00000  0.00     32.440    0
  -374.4610      1.5000       1.80400  46.60    32.440    1
  35.5980        4.1000       1.69895  30.10    29.200    1
  -3452.1350     2.6000       1.00000  0.00     29.200    0
  -43.2260       1.6000       1.83481  42.70    27.750    1
  43.2260        3.9000       1.84666  23.90    27.750    1
  -179.1630      38.3800      1.00000  0.00     27.750    0
  stop           1.1000       1.00000  0.00     23.608    0
  178.5650       2.5000       1.65160  58.50    25.700    1
  -86.7030       0.1500       1.00000  0.00     25.700    0
  44.2300        5.1000       1.51112  60.50    26.830    1
  -44.2300       0.1200       1.00000  0.00     26.830    0
  -43.1310       1.5000       1.68893  31.10    26.830    1
  -1170.9510     2.7800       1.00000  0.00     26.830    0
  -55.7450       2.0000       1.65160  58.50    27.900    1
  31.5340        3.6000       1.85026  32.30    27.900    1
  160.7880       18.4800      1.00000  0.00     27.900    0
  -385.1050      1.5000       1.84666  23.90    30.100    1
  84.5840        5.3000       1.51633  64.10    30.100    1
  -44.3210       0.1500       1.00000  0.00     30.100    0
  71.0350        4.4000       1.60311  60.70    31.210    1
  -78.9230       0.1500       1.00000  0.00     31.210    0
  42.6740        6.8000       1.48749  70.20    31.310    1
  -42.6740       1.5000       1.83481  42.70    31.310    1
  -3581.2580     6.3600       1.00000  0.00     31.310    0
  -367.0860      1.5000       1.83481  42.70    30.080    1
  38.7860        3.3000       1.00000  0.00     28.190    0
  -157.3280      1.5000       1.80610  40.90    28.190    1
  79.2220        0.8000       1.00000  0.00     30.080    0
  59.2280        4.8000       1.69895  30.10    32.010    1
  -70.1300       56.1300      1.00000  0.00     32.010    0
