# US 2019/0243111 Example 8
#
# Patent: US20190243111
# Converted from photonstophotos.net Optical Bench data
# 44 surfaces, 25 glass elements, f/1.1

name: US 2019/0243111 Example 8
focal_length: 51.50

surfaces:
# radius       thickness    ior      abbe     semi_ap   coating
  172.6850       2.4000       1.95906  17.50    97.200    1
  97.1280        11.6000      1.77250  49.60    93.200    1
  1260.1470      0.0000       1.00000  0.00     93.200    0
  95.8920        7.4500       1.83481  42.70    84.800    1
  284.8320       6.8900       1.00000  0.00     84.800    0
  108.0860       1.5000       1.77250  49.60    53.600    1
  35.1960        11.4200      1.00000  0.00     46.800    0
  -115.7420      1.5000       1.76802  49.20    46.800    1
  90.8690        1.0700       1.00000  0.00     48.800    0
  71.4640        8.0000       2.00069  25.50    51.600    1
  -181.1650      1.5000       1.59282  68.60    51.600    1
  284.8540       8.9000       1.00000  0.00     51.600    0
  -48.1080       1.5000       1.69680  55.50    51.600    1
  -182.5640      9.1900       1.00000  0.00     55.200    0
  stop           6.5000       1.00000  0.00     52.711    0
  70.1440        6.9500       1.55332  71.70    63.200    1
  528.2950       0.8200       1.00000  0.00     63.200    0
  93.4120        4.7500       1.59282  68.60    65.400    1
  233.3930       0.8200       1.00000  0.00     65.400    0
  73.6210        7.8500       1.80400  46.60    65.400    1
  509.4440       0.8200       1.00000  0.00     65.400    0
  52.0960        1.5000       1.68893  31.10    58.800    1
  28.5970        8.5000       1.49700  81.50    51.200    1
  37.4460        19.2900      1.00000  0.00     51.200    0
  -52.2060       10.1000      1.62299  58.20    50.400    1
  -28.5970       1.7000       1.63980  34.50    50.400    1
  -149.1760      2.0200       1.00000  0.00     52.900    0
  57.7170        8.8500       1.59201  67.00    55.200    1
  -413.4170      0.5100       1.00000  0.00     55.200    0
  66.1840        8.8500       1.59201  67.00    56.400    1
  -413.4170      0.5100       1.00000  0.00     56.400    0
  53.5870        8.7000       1.59201  67.00    52.800    1
  -1462.5130     2.4000       1.68893  31.10    52.800    1
  43.5340        7.6200       1.00000  0.00     46.400    0
  -611.5770      1.5000       1.56384  60.70    46.400    1
  29.7600        9.7000       1.85026  32.30    45.600    1
  206.3750       6.7500       1.00000  0.00     45.600    0
  -76.6540       1.5000       1.64769  33.80    43.600    1
  102.6200       0.9000       1.00000  0.00     43.600    0
  42.7430        9.8500       1.63854  55.40    45.600    1
  -463.8920      1.5000       1.61272  58.70    46.000    1
  125.8720       5.3500       1.00000  0.00     46.000    0
  0              1.0000       1.51633  64.10    50.400    1
  0              0.5000       1.00000  0.00     50.400    0
