# Canon EF400mm f2.8L IS II USM
#
# Patent: US20180095255
# Converted from photonstophotos.net Optical Bench data
# 30 surfaces, 16 glass elements, f/2.9

name: Canon EF400mm f2.8L IS II USM
focal_length: 392.18

surfaces:
# radius       thickness    ior      abbe     semi_ap   coating
  292.4650       15.8100      1.48749  70.45    139.320   1
  -517.5240      29.1300      1.00000  0.00     139.320   0
  145.7490       21.8500      1.43387  95.10    120.660   1
  -310.3600      0.0800       1.00000  0.00     119.320   0
  -309.7590      4.3000       1.65412  39.68    119.320   1
  260.2110       26.1700      1.00000  0.00     113.460   0
  90.7930        15.2800      1.43387  95.10    101.180   1
  529.6560       0.2500       1.00000  0.00     101.180   0
  67.7420        6.0000       1.48749  70.23    87.060    1
  52.9930        29.9900      1.00000  0.00     78.260    0
  807.0250       6.6000       1.80810  22.76    68.380    1
  -149.9230      3.2000       1.83400  37.16    68.380    1
  132.0300       81.8200      1.00000  0.00     63.320    0
  stop           3.4300       1.00000  0.00     40.052    0
  365.0290       6.3800       1.65160  58.55    40.620    1
  -64.6030       2.1800       1.84666  23.78    40.620    1
  -140.6110      4.4300       1.00000  0.00     40.620    0
  88.0230        4.8700       1.84666  23.78    37.040    1
  -141.8290      1.7000       1.69680  55.53    37.040    1
  40.3720        5.3300       1.00000  0.00     35.810    0
  -141.7770      1.7000       1.83481  42.71    35.810    1
  95.2260        3.3900       1.00000  0.00     36.360    0
  99.5470        5.5600       1.80400  46.57    39.760    1
  -250.4160      10.0300      1.00000  0.00     39.760    0
  59.5280        7.7200       1.74951  35.33    44.200    1
  -105.4260      2.0000       1.80810  22.76    44.200    1
  107.0150       4.2600       1.00000  0.00     44.200    0
  0              2.2000       1.51633  64.14    42.320    1
  0              22.0900      1.00000  0.00     42.320    0
  0              44.0000      1.00000  0.00     60.000    0
