# Canon Serenar 28mm f3.5
#
# Patent: US002645974
# Converted from photonstophotos.net Optical Bench data
# 11 surfaces, 6 glass elements, f/3.5

name: Canon Serenar 28mm f3.5
focal_length: 28.00

surfaces:
# radius       thickness    ior      abbe     semi_ap   coating
  16.8840        1.9040       1.56380  60.70    11.670    1
  72.6600        0.1400       1.00000  0.00     11.670    0
  13.2160        2.7440       1.62370  47.00    8.920     1
  -84.0000       0.6720       1.59550  39.20    8.920     1
  9.0440         1.4000       1.00000  0.00     6.510     0
  stop           1.4000       1.00000  0.00     6.239     0
  -9.2680        0.4760       1.57850  41.70    7.550     1
  22.3440        3.4720       1.62040  60.30    11.780    1
  -11.9840       0.1120       1.00000  0.00     11.780    0
  0              2.5200       1.62040  60.30    15.570    1
  -24.2480       22.4000      1.00000  0.00     15.570    0
