# Canon RF24mm F1.8 Macro IS STM
#
# Patent: US20220019061
# Converted from photonstophotos.net Optical Bench data
# 21 surfaces, 11 glass elements, f/1.9

name: Canon RF24mm F1.8 Macro IS STM
focal_length: 24.72

surfaces:
# radius       thickness    ior      abbe     semi_ap   coating
  352.2230       1.5700       1.51633  64.10    33.000    1
  16.7340        15.3200      1.00000  0.00     25.690    0
  32.8340        3.8800       1.91082  35.30    20.540    1
  -101.3610      2.4500       1.00000  0.00     20.390    0
  -173.0260      3.8500       1.90043  37.40    19.430    1
  -20.1060       1.0000       1.72825  28.50    19.210    1
  92.1160        2.9200       1.00000  0.00     18.190    0
  stop           3.4000       1.00000  0.00     17.430    0
  70.1430        1.6500       1.67790  55.30    16.240    1
  -252.3970      3.5100       1.00000  0.00     15.950    0
  -15.9580       1.0000       1.85478  24.80    15.030    1
  71.9000        3.9900       1.49700  81.50    19.500    1
  -28.6090       0.1500       1.00000  0.00     18.990    0
  162.2760       5.1500       1.91082  35.30    22.800    1
  -27.6590       0.1500       1.00000  0.00     24.070    0
  -83.0200       2.5000       1.53110  55.90    24.800    1
  -48.6420       2.5600       1.00000  0.00     25.550    0
  -79.7030       2.0900       1.72916  54.70    28.600    1
  -45.7100       10.3000      1.00000  0.00     29.000    0
  -24.0310       2.5500       1.51742  52.40    30.410    1
  -44.9530       11.0000      1.00000  0.00     33.460    0
