# US 6,115,188 Example 7
#
# Patent: US006115188
# Converted from photonstophotos.net Optical Bench data
# 31 surfaces, 16 glass elements, f/2.9

name: US 6,115,188 Example 7
focal_length: 392.63

surfaces:
# radius       thickness    ior      abbe     semi_ap   coating
  230.5940       19.5000      1.49700  81.60    136.220   1
  -485.2360      25.0000      1.00000  0.00     136.220   0
  116.4560       18.5000      1.49700  81.60    114.560   1
  16559.4400     3.1600       1.00000  0.00     114.560   0
  -598.9510      5.0000       1.83481  42.70    112.460   1
  180.8090       5.0000       1.00000  0.00     104.960   0
  101.6030       18.0000      1.43387  95.10    102.880   1
  -1247.7700     0.3000       1.00000  0.00     102.880   0
  61.7160        8.0000       1.51633  64.20    86.640    1
  49.2610        32.0100      1.00000  0.00     75.800    0
  554.7470       5.5000       1.80518  25.40    64.140    1
  -143.6420      3.2000       1.88300  40.80    64.140    1
  113.4290       80.4300      1.00000  0.00     64.140    0
  stop           3.0000       1.00000  0.00     39.787    0
  147.3020       2.0000       1.84666  23.90    39.960    1
  48.4440        7.5000       1.77250  49.60    39.960    1
  -261.7990      2.5000       1.00000  0.00     39.960    0
  94.3520        4.8000       1.84666  23.80    37.880    1
  -180.3380      2.0000       1.69680  55.50    37.880    1
  37.5930        7.0000       1.00000  0.00     36.640    0
  -125.6410      2.0000       1.77250  49.60    36.640    1
  90.5220        3.0000       1.00000  0.00     36.640    0
  71.2380        7.0000       1.48749  70.20    40.380    1
  -100.0000      0.3000       1.00000  0.00     40.380    0
  56.8530        5.5000       1.80400  46.60    42.060    1
  2177.1140      0.9800       1.00000  0.00     42.060    0
  -288.8650      2.5000       1.88300  40.80    42.060    1
  127.6900       10.0000      1.00000  0.00     42.060    0
  0              10.0000      1.00000  0.00     43.720    0
  0              2.0000       1.51633  64.20    46.640    1
  0              52.9100      1.00000  0.00     46.640    0
