# Canon RF100-300mm F2.8L IS USM
#
# Patent: US20260009984
# Converted from photonstophotos.net Optical Bench data
# 43 surfaces, 23 glass elements, f/2.9

name: Canon RF100-300mm F2.8L IS USM
focal_length: 103.00

surfaces:
# radius       thickness    ior      abbe     semi_ap   coating
  318.4120       9.6000       1.48749  70.20    107.660   1
  -861.1080      0.5000       1.00000  0.00     107.660   0
  150.2450       12.2400      1.43387  95.10    102.620   1
  9401.3000      7.0000       1.00000  0.00     102.620   0
  111.0790       14.2100      1.49700  81.50    91.420    1
  -1731.1570     0.2000       1.00000  0.00     91.420    0
  -1429.8190     2.4000       1.61340  44.30    91.420    1
  100.3240       5.8300       1.00000  0.00     78.450    0
  -6502.8910     1.8000       1.58144  40.80    57.050    1
  58.9310        7.6800       1.00000  0.00     47.730    0
  -110.4490      1.6000       1.49700  81.50    47.730    1
  198.7060       0.3000       1.00000  0.00     57.050    0
  101.5870       5.8200       1.85478  24.80    49.580    1
  -370.7110      1.6000       1.00000  0.00     49.580    0
  -131.4510      1.6000       1.76385  48.50    50.280    1
  885.3490       82.3100      1.00000  0.00     51.420    0
  139.6690       5.9400       1.49700  81.50    57.680    1
  -250.1110      0.5000       1.00000  0.00     57.680    0
  79.2860        9.5500       1.49700  81.50    53.420    1
  -110.6810      1.8000       1.78590  44.20    53.420    1
  168.9570       0.5000       1.00000  0.00     53.420    0
  67.9310        6.8800       1.49700  81.50    53.420    1
  8851.4830      3.8900       1.00000  0.00     53.420    0
  stop           17.9400      1.00000  0.00     45.098    0
  18059.6830     4.6300       1.84666  23.80    44.630    1
  -78.3730       1.5000       1.72342  38.00    44.630    1
  50.2310        3.7300       1.00000  0.00     39.020    0
  86.0930        1.5000       1.89286  20.40    39.390    1
  49.2670        6.2200       1.72916  54.70    39.390    1
  -265.1360      0.3000       1.00000  0.00     39.390    0
  77.8300        2.8300       1.80400  46.50    37.980    1
  190.5110       1.5000       1.00000  0.00     37.980    0
  38.8600        2.8300       1.65160  58.50    35.240    1
  55.1330        6.7200       1.00000  0.00     35.240    0
  334.8400       2.7900       1.89286  20.40    31.980    1
  -158.1500      1.5000       1.77250  49.60    31.980    1
  46.6810        5.0100       1.00000  0.00     31.980    0
  57.1040        1.5000       1.75500  52.30    33.200    1
  39.0220        27.9000      1.00000  0.00     33.200    0
  74.3950        11.1100      1.58313  59.40    45.780    1
  -70.2640       8.4900       1.00000  0.00     45.780    0
  -46.6600       1.4000       1.64769  33.80    45.450    1
  -141.7830      35.4500      1.00000  0.00     45.450    0
