# Canon EF100mm f2.8L Macro IS USM
#
# Patent: US007864451
# Converted from photonstophotos.net Optical Bench data
# 29 surfaces, 15 glass elements, f/2.9

name: Canon EF100mm f2.8L Macro IS USM
focal_length: 100.00

surfaces:
# radius       thickness    ior      abbe     semi_ap   coating
  131.9510       5.7000       1.72916  54.70    46.200    1
  -125.3780      0.1500       1.00000  0.00     45.570    0
  44.4950        5.2000       1.72916  54.70    38.190    1
  319.4950       1.5800       1.00000  0.00     36.690    0
  -182.5570      1.8000       1.80100  35.00    36.360    1
  40.7620        0.7800       1.00000  0.00     31.750    0
  38.3430        5.7800       1.49700  81.50    31.130    1
  -140.6910      1.3100       1.00000  0.00     29.820    0
  -248.5190      1.4000       1.72047  34.70    27.190    1
  27.4220        4.3000       1.00000  0.00     24.650    0
  -74.7380       1.3100       1.53172  48.80    24.710    1
  29.8970        4.4000       1.84666  23.90    25.890    1
  1984.0020      21.7300      1.00000  0.00     25.920    0
  0              2.1400       1.00000  0.00     26.830    0
  stop           3.5300       1.00000  0.00     26.920    0
  -64.0280       2.1200       1.80100  35.00    27.000    1
  -49.3580       18.5400      1.00000  0.00     27.350    0
  124.8050       3.8500       1.61800  63.40    28.210    1
  -69.7930       0.4800       1.00000  0.00     28.550    0
  62.2900        5.2800       1.72916  54.70    28.880    1
  -58.3240       1.9300       1.84666  23.90    28.620    1
  177.2510       3.0000       1.00000  0.00     28.170    0
  -252.7150      2.8900       1.84666  23.90    28.050    1
  -68.6690       1.4400       1.71999  50.20    28.090    1
  41.1290        6.9700       1.00000  0.00     28.030    0
  -57.7800       2.4100       1.61340  44.30    29.470    1
  -162.9550      0.1500       1.00000  0.00     31.390    0
  79.4210        4.4000       1.74320  49.30    33.480    1
  -134.4150      48.3500      1.00000  0.00     33.820    0
