# Canon EF40mm f2.8 STM
#
# Patent: US008970966
# Converted from photonstophotos.net Optical Bench data
# 11 surfaces, 6 glass elements, f/2.8

name: Canon EF40mm f2.8 STM
focal_length: 39.00

surfaces:
# radius       thickness    ior      abbe     semi_ap   coating
  38.1850        3.0700       1.83481  42.70    18.640    1
  -93.9180       1.2000       1.53172  48.80    17.400    1
  13.1910        2.2000       1.00000  0.00     13.620    0
  15.2110        2.0100       1.69680  55.50    13.340    1
  28.3800        2.3300       1.00000  0.00     13.020    0
  stop           5.1200       1.00000  0.00     12.840    0
  -11.6370       1.0000       1.69895  30.10    12.470    1
  132.3560       3.3500       1.83481  42.70    13.780    1
  -18.0870       0.1500       1.00000  0.00     14.440    0
  -39.5110       3.0800       1.58313  59.40    15.170    1
  -15.3710       39.0000      1.00000  0.00     16.500    0
