# Canon New FD50-135mm f3.5
#
# Patent: JP1980-121418
# Converted from photonstophotos.net Optical Bench data
# 28 surfaces, 15 glass elements, f/3.5

name: Canon New FD50-135mm f3.5
focal_length: 51.60

surfaces:
# radius       thickness    ior      abbe     semi_ap   coating
  101.4430       2.6500       1.80518  25.40    50.780    1
  53.1020        7.2000       1.60311  60.70    50.780    1
  274.3320       0.1500       1.00000  0.00     50.780    0
  70.9550        5.0000       1.69350  53.20    46.620    1
  769.9240       2.9240       1.00000  0.00     46.620    0
  -321.2880      1.7000       1.77250  49.60    33.110    1
  25.9136        4.6900       1.00000  0.00     26.930    0
  -103.9500      1.9000       1.77250  49.60    26.930    1
  83.5160        1.5100       1.00000  0.00     28.170    0
  45.0168        3.3000       1.80518  25.40    27.640    1
  -801.7770      27.7440      1.00000  0.00     27.640    0
  -71.6020       1.8000       1.60311  60.70    26.780    1
  -346.6220      7.8700       1.00000  0.00     26.780    0
  stop           1.8300       1.00000  0.00     25.669    0
  68.1290        3.6000       1.69680  55.50    27.000    1
  -92.7390       0.1500       1.00000  0.00     27.000    0
  57.3070        5.0000       1.48749  70.10    26.960    1
  -48.0366       1.4000       1.74950  35.30    26.960    1
  271.3350       0.1500       1.00000  0.00     26.960    0
  26.1826        1.5000       1.70154  41.10    25.630    1
  20.2016        5.0000       1.48749  70.10    25.630    1
  52.3936        8.7500       1.00000  0.00     26.780    0
  150.0110       2.9000       1.56965  49.40    26.380    1
  -58.8110       3.5500       1.00000  0.00     26.380    0
  -20.6730       1.7000       1.80610  40.90    26.930    1
  -69.7280       0.1500       1.00000  0.00     27.300    0
  65.9320        3.6800       1.56965  49.40    27.300    1
  0              36.4000      1.00000  0.00     27.300    0
