# Canon TS-E135mm f4L Macro
#
# Patent: JP2018-132674
# Converted from photonstophotos.net Optical Bench data
# 19 surfaces, 11 glass elements, f/4.0

name: Canon TS-E135mm f4L Macro
focal_length: 133.00

surfaces:
# radius       thickness    ior      abbe     semi_ap   coating
  82.4160        8.4800       1.65844  50.90    59.460    1
  -318.2330      0.2000       1.00000  0.00     59.460    0
  51.2840        10.9100      1.49700  81.50    48.780    1
  -107.0290      2.4000       1.91082  35.30    48.780    1
  111.4020       4.0400       1.00000  0.00     48.780    0
  129.5180       1.8000       1.83481  42.70    37.260    1
  33.6120        5.2100       1.00000  0.00     33.630    0
  -202.9340      1.6000       1.65412  39.70    33.630    1
  32.1290        5.3500       2.00100  29.10    32.350    1
  274.7150       22.1500      1.00000  0.00     29.060    0
  stop           19.9400      1.00000  0.00     26.203    0
  115.6700       4.6900       1.69680  55.50    29.060    1
  -67.5400       0.2000       1.00000  0.00     29.060    0
  66.2180        6.4500       1.49700  81.50    30.660    1
  -43.3530       1.6000       1.85478  24.80    30.660    1
  -99.5220       4.3500       1.00000  0.00     30.660    0
  -65.0050       4.1200       1.95375  32.30    30.660    1
  -34.4790       1.9500       1.65160  58.50    30.660    1
  56.1910        78.3300      1.00000  0.00     30.660    0
