# Canon New FD75-200mm f4.5
#
# Patent: JP1985-088917
# Converted from photonstophotos.net Optical Bench data
# 20 surfaces, 11 glass elements, f/4.5

name: Canon New FD75-200mm f4.5
focal_length: 78.40

surfaces:
# radius       thickness    ior      abbe     semi_ap   coating
  89.1000        2.6200       1.80518  25.40    44.020    1
  45.1000        9.3600       1.63930  44.90    44.020    1
  -329.1400      1.5800       1.00000  0.00     44.020    0
  -196.2200      1.4600       1.77250  49.60    23.610    1
  61.2200        2.3700       1.00000  0.00     23.160    0
  -54.2600       2.5200       1.77250  49.60    23.160    1
  27.5800        4.1300       1.84666  23.90    23.610    1
  188.3000       14.9000      1.00000  0.00     23.880    0
  283.1000       3.0200       1.77250  49.60    24.820    1
  -64.7200       0.1500       1.00000  0.00     24.820    0
  40.5900        5.3300       1.64850  53.00    24.990    1
  -38.7400       1.5100       1.80518  25.40    24.990    1
  216.4400       1.0000       1.00000  0.00     25.560    0
  stop           36.7400      1.00000  0.00     23.982    0
  164.7900       4.0300       1.63854  55.40    26.740    1
  -58.6700       8.7500       1.00000  0.00     26.740    0
  -28.2400       2.6300       1.51633  64.10    26.740    1
  -49.9100       0.5000       1.00000  0.00     26.740    0
  -75.6200       2.5200       1.77250  49.60    27.730    1
  -188.3600      57.3300      1.00000  0.00     27.730    0
