# Canon RF50mm F1.8 STM
#
# Patent: US20210263286
# Converted from photonstophotos.net Optical Bench data
# 12 surfaces, 6 glass elements, f/1.9

name: Canon RF50mm F1.8 STM
focal_length: 49.57

surfaces:
# radius       thickness    ior      abbe     semi_ap   coating
  28.6210        4.2000       1.83481  42.70    29.990    1
  68.1360        0.1800       1.00000  0.00     28.480    0
  17.7720        6.7000       1.79952  42.20    23.900    1
  59.5250        1.1000       1.80518  25.40    20.780    1
  11.4270        5.2700       1.00000  0.00     16.780    0
  stop           6.2000       1.00000  0.00     16.240    0
  -16.7260       0.9000       1.67270  32.10    14.950    1
  -29.8290       0.8300       1.00000  0.00     15.460    0
  -25.0000       2.9500       1.53110  55.90    15.520    1
  -18.3730       0.9800       1.00000  0.00     18.140    0
  280.0040       4.6000       1.73400  51.50    24.430    1
  -34.0020       25.6700      1.00000  0.00     25.710    0
