# Canon RF85mm F1.2 L USM (DS)
#
# Patent: US20200012073
# Converted from photonstophotos.net Optical Bench data
# 24 surfaces, 14 glass elements, f/1.2

name: Canon RF85mm F1.2 L USM (DS)
focal_length: 86.53

surfaces:
# radius       thickness    ior      abbe     semi_ap   coating
  71.6550        15.5700      1.61800  63.40    70.200    1
  -149.4560      3.0000       1.72047  34.70    70.200    1
  112.4690       14.3600      1.00000  0.00     64.630    0
  67.3320        5.7500       1.92286  20.90    61.520    1
  141.2360       0.3000       1.00000  0.00     60.600    0
  39.8680        11.4300      1.49700  81.50    55.000    1
  200.8600       6.5100       1.00000  0.00     52.720    0
  75.4840        2.5000       1.85478  24.80    41.240    1
  27.7010        10.6800      1.00000  0.00     35.160    0
  stop           4.5100       1.00000  0.00     33.100    0
  -85.8310       1.5000       1.85478  24.80    31.670    1
  33.3130        9.5000       1.88300  40.80    31.200    1
  -68.5630       2.2800       1.00000  0.00     30.880    0
  -48.4300       1.7000       1.54072  47.20    29.850    1
  58.1690        1.0000       1.60401  20.80    34.000    1
  77.7510        6.9500       1.95375  32.30    34.220    1
  -77.7510       1.6400       1.00000  0.00     35.400    0
  204.8390       7.0000       1.95375  32.30    36.850    1
  -48.0600       2.2000       1.62004  36.30    37.030    1
  97.1640        5.4000       1.00000  0.00     36.400    0
  -52.1010       1.6500       1.68893  31.10    36.440    1
  237.8640       0.1500       1.00000  0.00     38.490    0
  97.8260        4.0000       1.90043  37.40    39.550    1
  -370.2020      14.9100      1.00000  0.00     39.790    0
