# Canon EF70-200mm f4L IS USM
#
# Patent: JP2008-070450
# Converted from photonstophotos.net Optical Bench data
# 36 surfaces, 20 glass elements, f/4.1

name: Canon EF70-200mm f4L IS USM
focal_length: 72.11

surfaces:
# radius       thickness    ior      abbe     semi_ap   coating
  154.3410       3.1000       1.48749  70.23    57.420    1
  705.5580       12.8200      1.00000  0.00     57.420    0
  105.3300       2.1000       1.69895  30.13    50.300    1
  59.6880        0.0800       1.00000  0.00     48.680    0
  60.5220        5.5300       1.43387  95.10    48.680    1
  345.3330       0.1500       1.00000  0.00     48.680    0
  74.9140        5.0300       1.49700  81.54    47.000    1
  -1211.1940     2.3790       1.00000  0.00     47.000    0
  -256.0170      1.2000       1.80400  46.57    27.880    1
  38.1980        4.3300       1.00000  0.00     27.880    0
  -63.8380       1.2500       1.51633  64.14    27.880    1
  41.9580        3.7700       1.84666  23.93    27.880    1
  -251.3080      1.0100       1.00000  0.00     27.460    0
  -69.3730       1.2500       1.80100  34.97    27.460    1
  -320.6530      33.1730      1.00000  0.00     27.880    0
  168.6910       5.9000       1.60311  60.64    29.780    1
  -29.6540       1.4000       1.74950  35.30    29.780    1
  -67.9810       11.0070      1.00000  0.00     29.780    0
  stop           0.3400       1.00000  0.00     28.570    0
  33.6630        3.9400       1.83481  42.72    30.240    1
  92.2560        2.5000       1.00000  0.00     30.240    0
  57.1920        2.1600       1.74950  35.30    28.000    1
  19.4000        6.2000       1.49700  81.54    28.000    1
  136.7530       10.8300      1.00000  0.00     28.000    0
  93.7680        4.5000       1.83400  37.16    25.380    1
  -33.9910       1.2000       1.69680  55.53    25.380    1
  66.0420        1.9800       1.00000  0.00     23.460    0
  -75.5620       1.3000       1.71300  53.87    23.460    1
  42.7800        3.5600       1.00000  0.00     24.760    0
  207.3970       2.5500       1.48749  70.23    27.040    1
  -93.2880       1.1300       1.00000  0.00     27.040    0
  121.5450       7.7200       1.48749  70.23    30.540    1
  -22.7620       2.0400       1.80610  40.92    30.540    1
  -65.2620       8.7300       1.00000  0.00     30.540    0
  75.1230        2.8100       1.83400  37.16    35.400    1
  162.6600       54.4900      1.00000  0.00     35.400    0
