# Canon 50mm f1.2
#
# Patent: US002836102
# Converted from photonstophotos.net Optical Bench data
# 13 surfaces, 7 glass elements, f/1.2

name: Canon 50mm f1.2
focal_length: 50.00

surfaces:
# radius       thickness    ior      abbe     semi_ap   coating
  47.0000        4.5000       1.69350  53.50    46.660    1
  125.9700       0.1100       1.00000  0.00     46.660    0
  34.5000        4.0000       1.71730  47.90    40.620    1
  60.1700        0.4800       1.00000  0.00     40.620    0
  25.4800        10.2400      1.63850  55.50    34.980    1
  -160.8500      2.2000       1.71740  29.50    34.980    1
  13.7200        6.4900       1.00000  0.00     22.550    0
  stop           4.1700       1.00000  0.00     21.411    0
  -21.5100       1.0700       1.51740  52.50    21.670    1
  38.3700        6.2000       1.69350  53.50    23.920    1
  -36.4300       1.0700       1.00000  0.00     23.920    0
  90.7900        3.5900       1.69350  53.50    27.500    1
  -47.1500       21.0600      1.00000  0.00     27.500    0
