# JP 2018-049102 Example 3
#
# Patent: JP2018-049102
# Converted from photonstophotos.net Optical Bench data
# 29 surfaces, 16 glass elements, f/2.9

name: JP 2018-049102 Example 3
focal_length: 390.11

surfaces:
# radius       thickness    ior      abbe     semi_ap   coating
  251.2870       16.4000      1.48749  70.20    136.790   1
  -569.4390      47.7400      1.00000  0.00     136.060   0
  134.3980       21.2800      1.43387  95.10    109.050   1
  -239.4790      0.2400       1.00000  0.00     107.080   0
  -237.5550      4.0000       1.61340  44.30    106.840   1
  178.7700       17.1800      1.00000  0.00     99.740    0
  76.6880        14.2000      1.43387  95.10    91.820    1
  318.5250       1.0300       1.00000  0.00     90.440    0
  60.2630        6.0000       1.51633  64.10    79.970    1
  47.3520        22.0400      1.00000  0.00     71.900    0
  -1630.8210     4.0000       1.92286  18.90    68.720    1
  -301.8100      3.2000       1.65412  39.70    68.020    1
  149.4710       45.5700      1.00000  0.00     64.760    0
  stop           8.3600       1.00000  0.00     50.770    0
  327.7720       2.1800       1.72047  34.70    47.700    1
  40.6380        10.8700      1.72916  54.70    45.590    1
  -927.4650      10.0200      1.00000  0.00     44.660    0
  103.2490       5.9300       1.84666  23.80    41.320    1
  -133.8100      1.7100       1.71300  53.90    40.730    1
  45.7770        5.6200       1.00000  0.00     38.420    0
  -155.2210      1.6700       1.88300  40.80    38.440    1
  121.0680       6.3200       1.00000  0.00     39.250    0
  137.0980       3.3500       1.74951  35.30    43.660    1
  -256.8650      5.5300       1.00000  0.00     43.810    0
  85.0300        7.3400       1.65412  39.70    46.370    1
  -133.7870      2.0000       1.92286  18.90    46.230    1
  -3193.4520     21.5300      1.00000  0.00     46.190    0
  0              2.2000       1.51633  64.10    45.500    1
  0              67.5800      1.00000  0.00     45.450    0
