# Canon RF100-500mm F4.5-7.1 L IS USM
#
# Patent: US20210003832
# Converted from photonstophotos.net Optical Bench data
# 37 surfaces, 21 glass elements, f/4.6

name: Canon RF100-500mm F4.5-7.1 L IS USM
focal_length: 103.00

surfaces:
# radius       thickness    ior      abbe     semi_ap   coating
  119.3580       7.7300       1.49700  81.54    73.280    1
  1275.5640      0.2000       1.00000  0.00     73.280    0
  135.8310       2.7000       1.61340  44.27    69.520    1
  64.6130        10.4000      1.43875  94.66    66.800    1
  613.3720       7.5600       1.00000  0.00     66.620    0
  677.1140       1.5000       1.69680  55.53    33.520    1
  59.3960        4.3100       1.00000  0.00     31.390    0
  -57.6920       1.5000       1.49700  81.54    31.390    1
  72.7060        3.0100       1.76182  26.52    33.520    1
  663.1790       27.1800      1.00000  0.00     33.520    0
  51.8860        6.5400       1.49700  81.54    36.420    1
  -93.0650       0.2000       1.00000  0.00     36.420    0
  55.5440        5.6500       1.59270  35.31    33.860    1
  -76.9620       1.8000       1.95375  32.32    33.860    1
  93.6080        5.0000       1.00000  0.00     33.860    0
  stop           12.7400      1.00000  0.00     24.584    0
  -38.4430       1.1000       1.49700  81.54    27.880    1
  -176.8820      15.6000      1.00000  0.00     27.880    0
  -332.8980      4.0100       1.68893  31.07    29.340    1
  -39.0410       0.2000       1.00000  0.00     29.340    0
  109.9300       4.8800       1.51823  58.90    27.080    1
  -35.2520       1.3000       2.05090  26.94    27.080    1
  -212.8240      0.2000       1.00000  0.00     27.080    0
  46.3700        3.4100       1.49700  81.54    28.920    1
  0              15.5300      1.00000  0.00     28.920    0
  119.4060       2.8600       1.64769  33.79    25.760    1
  -76.8320       1.2000       1.77250  49.60    25.760    1
  38.6430        14.9800      1.00000  0.00     25.760    0
  57.2410        5.7900       1.48749  70.23    33.980    1
  -74.3540       19.0400      1.00000  0.00     33.980    0
  -92.8340       1.4000       1.59282  68.63    35.500    1
  46.3550        4.5900       1.00000  0.00     30.750    0
  -64.6220       1.4000       1.49700  81.54    30.750    1
  61.4740        4.8700       1.72047  34.71    35.500    1
  -208.8370      19.4800      1.00000  0.00     35.500    0
  0              1.0000       1.51633  64.14    54.770    1
  0              1.0000       1.00000  0.00     54.770    0
