# Canon FD24mm f1.4 SSC Aspherical
#
# Patent: US003992085
# Converted from photonstophotos.net Optical Bench data
# 19 surfaces, 10 glass elements, f/1.4

name: Canon FD24mm f1.4 SSC Aspherical
focal_length: 24.50

surfaces:
# radius       thickness    ior      abbe     semi_ap   coating
  50.1930        1.5000       1.58913  61.10    51.100    1
  22.5690        11.0000      1.00000  0.00     39.240    0
  428.2400       4.0000       1.58913  61.10    43.100    1
  -102.5300      2.0000       1.00000  0.00     43.100    0
  44.5840        3.0000       1.80518  25.40    31.930    1
  152.2760       1.5000       1.58913  61.10    31.930    1
  18.2880        10.4370      1.00000  0.00     25.500    0
  28.7950        7.0000       1.71300  54.00    27.720    1
  -39.2640       0.2000       1.00000  0.00     27.720    0
  -117.8700      1.5000       1.58921  41.10    26.200    1
  35.3700        3.4030       1.00000  0.00     23.740    0
  stop           7.2780       1.00000  0.00     23.264    0
  -15.8540       1.0000       1.80518  25.40    23.000    1
  99.0940        4.5000       1.77250  49.60    27.540    1
  -33.4870       0.1500       1.00000  0.00     28.560    0
  -133.5530      5.0000       1.77250  49.60    31.340    1
  -25.5300       0.1500       1.00000  0.00     31.340    0
  -79.9190       6.0000       1.77250  49.60    35.710    1
  -27.8160       36.5000      1.00000  0.00     35.710    0
