# Canon RF10-20mm F4 L IS STM
#
# Patent: US20240045184
# Converted from photonstophotos.net Optical Bench data
# 29 surfaces, 16 glass elements, f/4.1

name: Canon RF10-20mm F4 L IS STM
focal_length: 10.33

surfaces:
# radius       thickness    ior      abbe     semi_ap   coating
  37.0000        3.0000       1.58313  59.40    63.080    1
  17.8140        12.2000      1.00000  0.00     48.090    0
  52.5820        1.2300       1.91082  35.20    43.110    1
  17.8490        5.5400       1.00000  0.00     31.050    0
  30.0370        1.1500       1.59282  68.60    33.340    1
  18.7280        9.8600       1.00000  0.00     27.810    0
  -28.5610       1.1000       1.43875  94.70    27.480    1
  33.0650        4.9900       1.88300  40.80    27.480    1
  -88.9170       24.0600      1.00000  0.00     27.480    0
  stop           3.1800       1.00000  0.00     9.493     0
  76.5380        1.8600       1.72047  34.70    15.690    1
  -170.6860      4.9700       1.00000  0.00     15.690    0
  21.2360        0.6900       1.80810  22.80    18.200    1
  10.2230        4.6700       1.67300  38.30    15.710    1
  101.5060       0.8000       1.00000  0.00     14.400    0
  -48.7630       0.5500       1.88300  40.80    14.400    1
  13.4970        2.7300       1.92286  20.90    15.740    1
  39.9630        0.3500       1.00000  0.00     15.740    0
  19.5400        5.5500       1.49700  81.50    18.660    1
  -31.0430       0.1500       1.00000  0.00     18.660    0
  18.5660        0.6400       2.05090  26.90    21.380    1
  11.0890        7.9900       1.49700  81.50    18.840    1
  -43.6320       0.3500       1.00000  0.00     18.840    0
  22.2040        0.9000       1.88300  40.80    20.540    1
  16.5760        5.5600       1.00000  0.00     18.960    0
  -26.6670       1.9000       1.85400  40.40    19.740    1
  -55.4450       3.3600       1.00000  0.00     22.540    0
  -497.4950      7.3600       1.49700  81.50    38.990    1
  -33.4230       12.1300      1.00000  0.00     38.990    0
