# US 7,164,544 Example 1
#
# Patent: US007164544
# Converted from photonstophotos.net Optical Bench data
# 28 surfaces, 16 glass elements, f/4.1

name: US 7,164,544 Example 1
focal_length: 294.00

surfaces:
# radius       thickness    ior      abbe     semi_ap   coating
  0              3.3000       1.58600  58.60    74.000    1
  0              0.1500       1.00000  0.00     74.000    0
  150.4010       8.0400       1.60311  60.60    75.100    1
  -313.6920      0.1500       1.00000  0.00     75.100    0
  66.3270        8.1500       1.60311  60.60    68.500    1
  201.4530       4.2200       1.63555  22.70    65.990    1
  -356.3980      0.3300       1.00000  0.00     65.990    0
  -330.1800      3.4000       1.84666  23.80    67.000    1
  95.6620        0.1500       1.00000  0.00     60.700    0
  48.3610        7.9500       1.48749  70.20    60.000    1
  122.2040       4.8800       1.00000  0.00     58.000    0
  48.0490        3.0000       1.77250  49.60    49.500    1
  33.1560        11.7700      1.00000  0.00     43.800    0
  stop           4.0000       1.00000  0.00     40.299    0
  217.3770       2.6900       1.84666  23.80    38.900    1
  -291.1130      2.0000       1.88300  40.80    38.900    1
  81.7080        31.5400      1.00000  0.00     35.300    0
  51.0630        1.6000       1.84666  23.80    29.800    1
  21.4170        6.7100       1.59551  39.20    28.900    1
  -114.1520      0.1500       1.00000  0.00     28.900    0
  97.8430        3.5800       1.84666  23.80    27.700    1
  -57.1750       1.5000       1.77250  23.80    27.700    1
  25.8190        8.4200       1.00000  0.00     25.400    0
  -34.2890       1.5000       1.77250  23.80    26.600    1
  -117.0340      0.4400       1.00000  0.00     29.000    0
  56.4610        11.4200      1.51633  64.10    30.800    1
  -17.9940       1.8000       1.48749  70.20    30.800    1
  -70.7080       70.1300      1.00000  0.00     33.700    0
