# Canon RF35mm F1.8 Macro IS STM
#
# Patent: US20190113711
# Converted from photonstophotos.net Optical Bench data
# 21 surfaces, 11 glass elements, f/1.9

name: Canon RF35mm F1.8 Macro IS STM
focal_length: 36.00

surfaces:
# radius       thickness    ior      abbe     semi_ap   coating
  800.0000       1.0000       1.80810  22.80    27.800    1
  33.2960        1.9200       1.00000  0.00     25.640    0
  103.8010       3.1100       2.00100  29.10    25.570    1
  -86.9010       4.0900       1.00000  0.00     25.070    0
  -47.6740       1.3000       1.51742  52.40    20.440    1
  17.3670        5.7300       1.90043  37.40    21.600    1
  777.6740       3.7200       1.00000  0.00     21.260    0
  stop           3.6200       1.00000  0.00     20.160    0
  64.4970        2.1200       1.69680  55.50    19.040    1
  -262.9340      3.5600       1.00000  0.00     18.690    0
  -35.9630       1.3000       1.58313  59.40    17.100    1
  -93.5500       0.1300       1.00000  0.00     17.190    0
  -84.9880       6.2600       1.88300  40.80    17.290    1
  -12.7010       1.0000       1.85478  24.80    18.970    1
  135.0000       5.2700       1.00000  0.00     22.770    0
  800.0000       7.3500       1.90043  37.40    31.720    1
  -28.7990       0.9500       1.00000  0.00     33.140    0
  -109.5180      2.8600       1.69680  55.50    34.060    1
  -53.0920       11.7900      1.00000  0.00     34.380    0
  -29.7660       1.7000       1.59270  35.30    33.780    1
  -114.3000      11.6600      1.00000  0.00     36.270    0
