# Canon EF35mm f1.4L USM
#
# Patent: JP1999-211978
# Converted from photonstophotos.net Optical Bench data
# 21 surfaces, 11 glass elements, f/1.4

name: Canon EF35mm f1.4L USM
focal_length: 34.30

surfaces:
# radius       thickness    ior      abbe     semi_ap   coating
  400.0000       2.8000       1.58313  59.40    52.800    1
  40.5440        6.9100       1.00000  0.00     45.600    0
  606.1810       2.3000       1.58313  59.40    45.600    1
  50.2820        10.3100      1.00000  0.00     44.620    0
  61.6870        6.5000       1.71300  53.80    43.960    1
  -188.0400      5.2000       1.00000  0.00     43.960    0
  47.4770        5.0600       1.71300  53.80    36.320    1
  -490.9800      0.2000       1.00000  0.00     36.320    0
  31.2990        3.0000       1.51633  64.30    32.280    1
  25.3820        9.2700       1.00000  0.00     30.960    0
  -72.8200       3.7700       1.83481  42.70    28.780    1
  -27.2130       1.5000       1.63980  34.50    28.780    1
  -1242.1610     3.7000       1.00000  0.00     28.780    0
  stop           7.0700       1.00000  0.00     25.335    0
  -18.9610       1.6000       1.80514  25.40    25.940    1
  759.5600       3.3000       1.83481  42.70    29.760    1
  -65.3460       0.2000       1.00000  0.00     29.760    0
  -172.7000      5.9400       1.77250  49.60    31.720    1
  -30.3210       0.2000       1.00000  0.00     31.720    0
  -160.5980      6.8100       1.77250  49.60    36.460    1
  -32.4180       38.6500      1.00000  0.00     36.460    0
