# Canon 500D (72mm)
#
# Patent: JP1995-318802
# Converted from photonstophotos.net Optical Bench data
# 3 surfaces, 2 glass elements

name: Canon 500D (72mm)
focal_length: 501.15

surfaces:
# radius       thickness    ior      abbe     semi_ap   coating
  332.2380       5.8000       1.60311  60.70    71.090    1
  -227.7900      3.7000       1.63980  34.50    71.090    1
  -1861.8660     496.0000     1.00000  0.00     71.090    0
