# Canon EF15mm f2.8 Fisheye
#
# Patent: JP1988-017421
# Converted from photonstophotos.net Optical Bench data
# 16 surfaces, 8 glass elements, f/2.8

name: Canon EF15mm f2.8 Fisheye
focal_length: 15.30

surfaces:
# radius       thickness    ior      abbe     semi_ap   coating
  78.0600        2.5000       1.60311  60.70    63.450    1
  15.9000        11.8300      1.00000  0.00     32.420    0
  22.2200        2.5000       1.61700  62.80    27.780    1
  13.2700        7.5400       1.00000  0.00     21.380    0
  127.8800       5.3400       1.60311  60.70    19.910    1
  22.3500        1.8500       1.00000  0.00     15.220    0
  32.0400        6.7100       1.84666  23.90    13.460    1
  -190.2200      3.8400       1.00000  0.00     13.460    0
  stop           3.5300       1.00000  0.00     13.318    0
  -289.7700      2.7200       1.51112  60.50    14.420    1
  -29.1000       0.1500       1.00000  0.00     14.420    0
  -100.4200      3.9900       1.84666  23.90    19.040    1
  29.3900        5.1400       1.48749  70.20    19.040    1
  -25.7300       0.1500       1.00000  0.00     19.040    0
  43.8800        4.8400       1.48749  70.20    23.420    1
  -43.8800       39.6700      1.00000  0.00     23.420    0
