# Canon Extender RF2X
#
# Patent: US20200271904
# Converted from photonstophotos.net Optical Bench data
# 14 surfaces, 9 glass elements

name: Canon Extender RF2X
focal_length: 50.00

surfaces:
# radius       thickness    ior      abbe     semi_ap   coating
  102.2550       3.6900       1.80518  25.50    24.880    1
  -76.2940       3.2400       1.00000  0.00     24.880    0
  -61.0630       1.2000       1.90043  37.40    22.600    1
  16.8880        10.6400      1.60342  38.00    22.820    1
  -34.5240       1.2000       1.81600  46.60    23.500    1
  37.0470        0.4600       1.00000  0.00     24.620    0
  26.8040        6.3500       1.66565  35.60    27.960    1
  -95.8130       3.4600       1.00000  0.00     27.960    0
  -35.4390       1.5000       1.90043  37.40    27.560    1
  26.1550        13.2100      1.66565  35.60    31.140    1
  -37.9650       0.2500       1.00000  0.00     34.640    0
  -56.0430       1.8000       1.92286  20.90    35.880    1
  1008.9190      12.4200      1.51742  52.40    41.120    1
  -26.7120       0.0000       1.00000  0.00     41.120    0
