# Canon RF135mm F1.8L IS USM
#
# Patent: US20230213745
# Converted from photonstophotos.net Optical Bench data
# 32 surfaces, 18 glass elements, f/1.9

name: Canon RF135mm F1.8L IS USM
focal_length: 130.95

surfaces:
# radius       thickness    ior      abbe     semi_ap   coating
  82.7150        6.9800       1.84666  23.80    74.240    1
  245.1930       0.3500       1.00000  0.00     74.240    0
  62.2170        9.1600       1.49700  81.50    68.300    1
  223.5970       0.5500       1.00000  0.00     68.300    0
  56.5510        10.4200      1.49700  81.50    61.170    1
  799.8410       3.5900       1.77047  29.70    61.170    1
  33.6610        1.8900       1.00000  0.00     45.600    0
  40.4130        10.2800      1.49700  81.50    46.990    1
  -185.0490      1.9000       1.77047  29.70    46.990    1
  798.0920       3.3800       1.00000  0.00     46.990    0
  stop           2.4500       1.00000  0.00     38.566    0
  0              1.3500       1.61800  63.40    40.630    1
  38.6150        24.0300      1.00000  0.00     35.660    0
  157.5990       1.2500       1.92286  20.90    31.430    1
  47.8030        4.6000       1.80400  46.50    31.430    1
  -142.4110      1.8000       1.00000  0.00     31.430    0
  -295.2140      2.0800       1.92286  20.90    29.800    1
  -73.4310       0.9700       1.00000  0.00     29.800    0
  -88.1950       1.0000       1.91082  35.30    29.460    1
  54.9280        3.8900       1.00000  0.00     29.460    0
  40.0060        9.0100       1.60311  60.60    35.100    1
  -50.5920       1.5000       1.84666  23.80    36.160    1
  797.2990       4.0200       1.00000  0.00     36.160    0
  197.8310       6.5000       2.00069  25.50    39.100    1
  -52.9080       1.5000       1.00000  0.00     39.100    0
  -59.8240       1.6000       1.65844  50.90    38.140    1
  31.6790        7.9500       1.80518  25.50    39.240    1
  207.1810       8.5500       1.00000  0.00     39.240    0
  -28.5640       1.6000       1.58913  61.10    38.650    1
  -50.3860       12.6300      1.00000  0.00     41.970    0
  0              1.5000       1.51633  64.10    52.140    1
  0              0.8000       1.00000  0.00     52.140    0
