# Canon EF100-300mm f4.5-5.6 USM
#
# Patent: US007158320
# Converted from photonstophotos.net Optical Bench data
# 25 surfaces, 14 glass elements, f/4.7

name: Canon EF100-300mm f4.5-5.6 USM
focal_length: 103.35

surfaces:
# radius       thickness    ior      abbe     semi_ap   coating
  137.5170       2.7000       1.80518  25.40    51.140    1
  110.3150       0.1000       1.72104  12.55    51.240    1
  94.1410        7.4000       1.51633  64.20    51.240    1
  -241.7040      0.2000       1.00000  0.00     51.240    0
  63.2690        4.4000       1.48749  70.20    49.180    1
  125.7490       3.1800       1.00000  0.00     49.180    0
  -70.6920       1.4000       1.83481  42.70    26.020    1
  37.8640        3.6000       1.00000  0.00     26.020    0
  46.5730        3.5000       1.84666  23.90    27.220    1
  5731.4320      25.9000      1.00000  0.00     27.220    0
  stop           5.0300       1.00000  0.00     25.269    0
  -244.0870      1.6000       1.84666  23.90    27.880    1
  114.0520       2.6000       1.00000  0.00     27.880    0
  108.6770       4.8000       1.60311  60.70    29.080    1
  -44.1230       3.2800       1.00000  0.00     29.080    0
  76.5810        5.5000       1.48749  70.20    28.160    1
  -41.0370       1.8000       1.83400  37.20    28.160    1
  -183.3850      0.2000       1.00000  0.00     28.160    0
  70.4760        3.4000       1.60729  49.20    27.640    1
  -215.4790      26.7300      1.00000  0.00     27.640    0
  -246.0270      1.1000       1.83481  42.70    19.340    1
  41.9080        1.0000       1.00000  0.00     19.130    0
  423.5920       1.2000       1.83481  42.70    19.130    1
  23.1420        3.2000       1.78472  25.70    20.560    1
  204.1690       44.5100      1.00000  0.00     20.560    0
