# Canon FD50mm f/1.2L
#
# Patent: US004364644
# Converted from photonstophotos.net Optical Bench data
# 15 surfaces, 8 glass elements, f/1.2

name: Canon FD50mm f/1.2L
focal_length: 50.00

surfaces:
# radius       thickness    ior      abbe     semi_ap   coating
  54.3365        4.3410       1.80400  46.60    43.370    1
  208.1085       0.1455       1.00000  0.00     43.370    0
  39.1634        11.4350      1.74400  44.70    40.910    1
  192.1810       1.9960       1.63636  35.40    40.910    1
  20.8442        7.5615       1.00000  0.00     29.950    0
  stop           7.8640       1.00000  0.00     28.036    0
  -18.9139       1.1630       1.80518  25.40    28.440    1
  360.4050       8.6640       1.81600  46.60    34.150    1
  -32.0015       0.1455       1.00000  0.00     36.670    0
  -158.2140      3.8760       1.88300  40.80    38.430    1
  -42.9429       0.0970       1.00000  0.00     38.430    0
  609.5265       3.2960       1.77250  49.60    36.620    1
  -79.4520       0.1940       1.00000  0.00     36.620    0
  372.9270       1.7440       1.62299  58.20    36.110    1
  -610.8240      35.6300      1.00000  0.00     36.110    0
