# Canon EF100-400mm f4.5-5.6L IS USM
#
# Patent: JP2000-047107
# Converted from photonstophotos.net Optical Bench data
# 33 surfaces, 17 glass elements, f/4.6

name: Canon EF100-400mm f4.5-5.6L IS USM
focal_length: 102.68

surfaces:
# radius       thickness    ior      abbe     semi_ap   coating
  117.4490       5.2000       1.48749  70.20    68.950    1
  506.6540       0.1500       1.00000  0.00     68.950    0
  108.1210       3.5000       1.74950  35.00    66.660    1
  67.4970        0.1200       1.00000  0.00     64.200    0
  68.0710        10.4000      1.43387  95.10    64.200    1
  -7912.5250     7.7400       1.00000  0.00     64.200    0
  0              2.0000       1.00000  0.00     28.460    0
  -371.1340      1.4000       1.71300  53.90    29.120    1
  58.9400        3.5000       1.00000  0.00     28.270    0
  -57.4360       1.4000       1.62299  58.20    28.270    1
  64.6890        2.6000       1.84666  23.80    29.120    1
  -28288.2890    20.8900      1.00000  0.00     29.120    0
  225.8690       5.9000       1.43875  95.00    32.060    1
  -36.0780       1.1000       1.00000  0.00     32.060    0
  -37.5290       2.0000       1.70154  41.20    31.380    1
  -56.4000       0.2000       1.00000  0.00     31.380    0
  52.9570        2.4000       1.62012  49.50    31.490    1
  110.6260       3.0000       1.00000  0.00     29.770    0
  stop           11.9100      1.00000  0.00     27.762    0
  -41.9600       2.9000       1.60311  60.60    27.060    1
  -88.5660       26.8000      1.00000  0.00     29.180    0
  1463.2460      3.5000       1.48749  70.20    32.520    1
  -55.5610       0.1500       1.00000  0.00     32.520    0
  309.5870       1.6000       1.80518  25.40    31.660    1
  46.4320        1.3000       1.00000  0.00     31.660    0
  83.2460        3.2000       1.51633  64.10    31.660    1
  -163.1060      0.1500       1.00000  0.00     31.660    0
  41.3440        4.0000       1.66672  48.30    30.860    1
  598.9450       22.5700      1.00000  0.00     30.860    0
  431.6890       1.4000       1.83481  42.70    29.010    1
  36.6860        3.9000       1.72825  28.50    29.010    1
  -272.7890      1.4000       1.77250  49.60    29.010    1
  53.2860        74.0100      1.00000  0.00     27.420    0
