# Canon EF70-300mm f4-5.6 IS II USM
#
# Patent: US20170003486
# Converted from photonstophotos.net Optical Bench data
# 31 surfaces, 17 glass elements, f/4.2

name: Canon EF70-300mm f4-5.6 IS II USM
focal_length: 72.00

surfaces:
# radius       thickness    ior      abbe     semi_ap   coating
  108.6860       5.1500       1.48749  70.20    52.000    1
  0              0.1500       1.00000  0.00     51.480    0
  117.7010       2.1000       1.83400  37.20    50.370    1
  64.3320        7.0000       1.49700  81.50    48.660    1
  740.7010       1.9900       1.00000  0.00     47.820    0
  -866.6440      4.6500       1.53172  48.80    32.960    1
  -43.6710       1.6500       1.51823  58.90    31.970    1
  -349.3610      4.8800       1.00000  0.00     29.480    0
  -163.8310      1.1000       1.77250  49.60    24.850    1
  26.3730        3.2000       1.85478  24.80    23.150    1
  70.1820        2.3300       1.00000  0.00     22.930    0
  -59.7940       1.0500       1.77250  49.60    22.930    1
  497.3410       29.2200      1.00000  0.00     23.320    0
  stop           0.9800       1.00000  0.00     24.440    0
  85.8030        3.2500       1.66672  48.30    25.030    1
  -85.8030       0.1500       1.00000  0.00     25.120    0
  55.9920        4.6500       1.48749  70.20    24.900    1
  -55.9920       1.2500       2.00100  29.10    24.510    1
  -496.5300      37.9500      1.00000  0.00     24.600    0
  111.5920       1.3000       2.00100  29.10    25.890    1
  46.4460        1.2800       1.00000  0.00     25.680    0
  122.3130       3.9000       1.48749  70.20    25.740    1
  -63.6030       0.1500       1.00000  0.00     26.120    0
  40.0180        4.1000       1.67790  55.30    27.600    1
  -682.4730      11.8500      1.00000  0.00     27.510    0
  -129.8240      2.5000       1.80809  22.80    26.170    1
  -52.5190       1.1500       1.51742  52.40    26.210    1
  39.3680        9.5200       1.00000  0.00     25.860    0
  -54.4460       1.5500       1.48749  70.20    31.020    1
  -109.7190      0.2000       1.00000  0.00     31.800    0
  0              37.8000      1.00000  0.00     32.200    0
