# Canon EF16-35mm f4L IS USM
#
# Patent: US010247926
# Converted from photonstophotos.net Optical Bench data
# 30 surfaces, 16 glass elements, f/4.1

name: Canon EF16-35mm f4L IS USM
focal_length: 16.48

surfaces:
# radius       thickness    ior      abbe     semi_ap   coating
  238.1860       3.0000       1.69350  53.18    48.160    1
  18.2880        8.9600       1.00000  0.00     35.380    0
  -283.9230      2.0000       1.85135  40.10    33.960    1
  45.7620        6.0800       1.00000  0.00     29.260    0
  -48.2080       1.2000       1.59282  68.63    29.480    1
  54.7480        0.1500       1.00000  0.00     29.800    0
  39.2190        7.3400       1.66565  35.64    30.460    1
  -49.6670       27.6100      1.00000  0.00     30.460    0
  34.1860        1.0000       1.91082  35.25    20.620    1
  18.2840        5.1000       1.67003  47.23    20.620    1
  -472.9100      6.1500       1.00000  0.00     20.620    0
  stop           1.8400       1.00000  0.00     13.532    0
  32.5930        1.0000       1.84666  23.93    21.820    1
  22.7640        5.2600       1.48749  70.23    21.820    1
  -61.4480       1.4800       1.00000  0.00     21.820    0
  0              1.5100       1.00000  0.00     18.250    0
  63.3460        2.2400       1.84666  23.78    18.340    1
  -68.6750       0.8000       1.88300  40.76    18.340    1
  25.3770        3.1800       1.00000  0.00     16.420    0
  -21.9570       0.8000       1.91082  35.25    16.420    1
  -72.0730       0.1500       1.00000  0.00     18.280    0
  77.3790        2.1000       1.80810  22.76    19.160    1
  -89.1980       7.1600       1.00000  0.00     19.160    0
  23.6860        7.7600       1.43875  94.66    27.560    1
  -80.5300       0.1500       1.00000  0.00     27.560    0
  48.7820        1.2000       2.00100  29.13    27.820    1
  22.2770        8.8000       1.49700  81.54    27.820    1
  -46.7520       2.1000       1.85400  40.39    27.820    1
  -66.9210       0.0000       1.00000  0.00     27.820    0
  0              39.0000      1.00000  0.00     27.820    0
