# Canon EF400mm f5.6L USM
#
# Patent: JP2018-180209
# Converted from photonstophotos.net Optical Bench data
# 16 surfaces, 7 glass elements, f/5.8

name: Canon EF400mm f5.6L USM
focal_length: 391.89

surfaces:
# radius       thickness    ior      abbe     semi_ap   coating
  0              1.5000       1.00000  0.00     67.590    0
  122.7450       10.5000      1.48749  70.20    67.590    1
  -239.8390      0.5000       1.00000  0.00     66.950    0
  107.6730       7.3000       1.43875  95.00    63.680    1
  1168.7440      1.9500       1.00000  0.00     62.280    0
  -350.0820      3.7000       1.78590  44.20    62.170    1
  164.4360       53.3800      1.00000  0.00     59.920    0
  65.7950        6.9000       1.49700  81.60    47.730    1
  426.1180       0.2500       1.00000  0.00     46.500    0
  67.4600        3.5000       1.60311  60.70    44.620    1
  43.9280        29.6200      1.00000  0.00     41.600    0
  0              5.2000       1.00000  0.00     33.110    0
  stop           2.5000       1.00000  0.00     31.300    0
  290.5700       3.5000       1.80518  25.40    30.290    1
  -377.0100      2.0000       1.69680  55.50    29.620    1
  76.0460        167.0000     1.00000  0.00     28.680    0
