# Canon New FD50mm F1.2
#
# Patent: US004364643
# Converted from photonstophotos.net Optical Bench data
# 14 surfaces, 7 glass elements, f/1.2

name: Canon New FD50mm F1.2
focal_length: 50.00

surfaces:
# radius       thickness    ior      abbe     semi_ap   coating
  41.1845        5.9085       1.78800  47.40    42.720    1
  298.3950       0.1455       1.00000  0.00     42.720    0
  27.3345        4.3190       1.78800  47.40    36.660    1
  42.6180        1.7735       1.00000  0.00     36.660    0
  84.2680        2.2280       1.66680  33.00    33.725    1
  17.7255        8.3245       1.00000  0.00     28.260    0
  stop           7.2700       1.00000  0.00     26.827    0
  -18.2095       1.6465       1.80518  25.40    27.760    1
  -1568.1700     7.0075       1.77250  49.60    33.020    1
  -29.3660       0.1455       1.00000  0.00     34.760    0
  -197.4840      5.0365       1.86300  41.50    36.780    1
  -36.0025       0.1455       1.00000  0.00     36.780    0
  118.6885       3.0995       1.77250  49.60    34.020    1
  -238.1815      35.3800      1.00000  0.00     34.020    0
