# Canon EF-S10-22mm f3.5-4.5 USM
#
# Patent: US20050286139
# Converted from photonstophotos.net Optical Bench data
# 25 surfaces, 14 glass elements, f/3.5

name: Canon EF-S10-22mm f3.5-4.5 USM
focal_length: 10.30

surfaces:
# radius       thickness    ior      abbe     semi_ap   coating
  15000.0000     3.5000       1.58313  59.40    51.520    1
  18.8670        14.0300      1.00000  0.00     33.470    0
  -226.4980      1.3000       1.77250  49.60    30.120    1
  18.2120        0.0600       1.52421  51.40    25.730    1
  16.9900        2.7200       1.00000  0.00     25.730    0
  21.7590        5.2500       1.72825  28.50    26.040    1
  74.9840        25.1500      1.00000  0.00     26.040    0
  57.8460        1.2500       1.83481  42.70    12.100    1
  15.1710        3.5000       1.51742  52.40    12.100    1
  -331.3830      1.5400       1.00000  0.00     12.100    0
  stop           1.1000       1.00000  0.00     10.925    0
  31.1000        2.5500       1.51823  58.90    13.220    1
  -31.1000       1.0300       1.00000  0.00     13.220    0
  -29.0310       0.8000       1.80400  46.60    13.040    1
  48.2700        0.9400       1.00000  0.00     13.040    0
  35.2150        2.1800       1.84666  23.90    13.880    1
  -1475.7940     10.2300      1.00000  0.00     13.880    0
  20.1630        5.7700       1.49700  81.50    20.360    1
  -118.9700      1.0000       1.83400  37.20    20.360    1
  34.7530        0.0500       1.00000  0.00     20.360    0
  35.9340        4.1500       1.43875  95.00    20.360    1
  -48.5780       0.1500       1.00000  0.00     20.360    0
  42.9170        1.0000       1.83400  37.20    21.560    1
  15.2390        7.5100       1.48456  70.00    21.560    1
  -33.2950       35.2700      1.00000  0.00     21.560    0
