# US 2018/0314060 Example 1
#
# Patent: US20180314060
# Converted from photonstophotos.net Optical Bench data
# 29 surfaces, 16 glass elements, f/1.6

name: US 2018/0314060 Example 1
focal_length: 14.50

surfaces:
# radius       thickness    ior      abbe     semi_ap   coating
  -328.7621      2.7000       1.59522  67.74    85.870    1
  31.6211        18.2397      1.00000  0.00     57.026    0
  73.8910        2.0000       1.81600  46.62    54.917    1
  27.9682        12.3526      1.00000  0.00     47.104    0
  -111.8506      1.5000       1.49700  81.54    47.040    1
  179.4882       2.6436       1.00000  0.00     47.477    0
  107.5700       5.8226       1.80100  34.97    48.451    1
  -8819.7510     3.5434       1.00000  0.00     48.244    0
  -140.9352      6.8526       1.59522  67.74    48.050    1
  -52.1262       26.8100      1.00000  0.00     48.199    0
  47.9922        1.2000       1.85478  24.80    41.654    1
  33.7462        0.5000       1.00000  0.00     40.813    0
  34.9950        11.4187      1.48749  70.23    41.242    1
  -135.7584      4.8500       1.00000  0.00     41.484    0
  -64.4294       4.6609       1.58913  61.14    40.994    1
  -45.0989       2.4400       1.00000  0.00     41.649    0
  stop           4.8900       1.00000  0.00     31.311    0
  -40.2392       1.0000       1.83400  37.16    31.656    1
  1544.7744      4.0852       1.84666  23.78    32.734    1
  -69.0661       18.4700      1.00000  0.00     33.221    0
  40.2842        5.8908       1.69680  55.53    34.614    1
  10689.1138     2.9152       1.00000  0.00     34.648    0
  36.8089        1.0000       2.00069  25.46    34.877    1
  26.1772        7.9618       1.43875  94.66    33.519    1
  1332.9420      6.9785       1.00000  0.00     33.326    0
  49.1731        10.2280      1.43875  94.66    32.101    1
  -32.5809       2.0458       1.63555  22.70    31.033    1
  -23.2408       1.0000       2.00069  25.46    31.029    1
  -225.3012      17.1000      1.00000  0.00     32.605    0
