# Canon New FD50mm f1.4
#
# Patent: JP1995-151965
# Converted from photonstophotos.net Optical Bench data
# 14 surfaces, 7 glass elements, f/1.4

name: Canon New FD50mm f1.4
focal_length: 50.00

surfaces:
# radius       thickness    ior      abbe     semi_ap   coating
  48.6500        6.0000       1.81600  46.60    38.920    1
  212.2500       0.0000       1.00000  0.00     38.920    0
  24.2000        4.5000       1.69680  55.50    34.620    1
  42.0000        1.5000       1.00000  0.00     32.860    0
  56.2000        2.5000       1.66446  35.80    33.830    1
  16.6000        8.7000       1.00000  0.00     24.850    0
  stop           7.3000       1.00000  0.00     24.255    0
  -17.7500       2.0000       1.71736  29.50    25.180    1
  144.9500       6.5000       1.75500  52.30    30.150    1
  -31.2500       0.0000       1.00000  0.00     30.150    0
  -99.9500       4.0000       1.78800  47.40    31.950    1
  -31.8000       0.0000       1.00000  0.00     31.950    0
  164.5500       3.0000       1.77250  49.60    32.840    1
  -109.1500      37.0400      1.00000  0.00     32.840    0
