# Canon RF-S3.9mm F3.5 STM Dual Fisheye
#
# Patent: US20240241345
# Converted from photonstophotos.net Optical Bench data
# 20 surfaces, 11 glass elements, f/3.5

name: Canon RF-S3.9mm F3.5 STM Dual Fisheye
focal_length: 3.97

surfaces:
# radius       thickness    ior      abbe     semi_ap   coating
  36.6630        1.5000       1.67790  55.30    39.490    1
  10.5460        9.1500       1.00000  0.00     20.740    0
  750.0030       0.9800       1.85150  40.80    21.940    1
  14.4550        21.9700      1.00000  0.00     16.160    0
  0              10.1000      1.60311  60.60    9.800     1
  0              1.0500       1.00000  0.00     9.800     0
  -135.5590      2.6800       1.63980  34.50    7.500     1
  -24.3100       2.9200       1.00000  0.00     7.500     0
  24.5500        0.5000       1.85150  40.80    6.700     1
  6.5890         2.2500       1.69895  30.10    6.700     1
  25.4250        2.0500       1.00000  0.00     6.700     0
  stop           2.5500       1.00000  0.00     6.165     0
  0              10.1000      1.60311  60.60    7.780     1
  0              1.0000       1.00000  0.00     7.780     0
  16.4580        4.7500       1.49700  81.60    8.480     1
  -9.5330        0.8000       1.90043  37.40    8.480     1
  -13.7850       1.2000       1.00000  0.00     8.480     0
  17.5010        0.8000       1.95375  32.30    8.600     1
  8.3400         3.3700       1.49700  81.60    8.600     1
  750.0030       19.8800      1.00000  0.00     8.600     0
