# Canon RF-S 55-210mm F5.0-7.1 IS STM
#
# Patent: DE102023104719
# Converted from photonstophotos.net Optical Bench data
# 18 surfaces, 10 glass elements, f/5.2

name: Canon RF-S 55-210mm F5.0-7.1 IS STM
focal_length: 55.72

surfaces:
# radius       thickness    ior      abbe     semi_ap   coating
  45.8250        1.5000       1.91082  35.20    30.720    1
  33.2010        5.1500       1.49700  81.50    30.720    1
  -334.8920      14.7700      1.00000  0.00     30.720    0
  -49.9930       0.8000       1.77250  49.60    14.400    1
  14.4230        2.2300       2.05090  26.90    14.400    1
  27.4150        21.1600      1.00000  0.00     14.400    0
  stop           0.3800       1.00000  0.00     13.050    0
  20.3690        3.3000       1.48749  70.20    14.560    1
  -47.3150       4.7600       1.00000  0.00     14.560    0
  -17.8920       1.0000       1.84666  23.90    13.500    1
  -33.7320       4.6100       1.00000  0.00     13.500    0
  32.3220        3.3900       1.49700  81.50    13.660    1
  -19.3120       0.8200       1.00000  0.00     13.660    0
  -26.4960       1.9000       1.53110  55.90    13.280    1
  -34.4450       9.6800       1.00000  0.00     13.280    0
  -218.5700      1.5000       1.89286  20.40    13.560    1
  -34.9430       0.7000       1.77250  49.60    13.600    1
  23.2230        33.3100      1.00000  0.00     13.600    0
