# US 8,861,085 Example 1
#
# Patent: US008861085
# Converted from photonstophotos.net Optical Bench data
# 17 surfaces, 9 glass elements, f/2.9

name: US 8,861,085 Example 1
focal_length: 28.50

surfaces:
# radius       thickness    ior      abbe     semi_ap   coating
  73.0710        2.8600       1.48749  70.20    39.270    1
  158.1000       0.2000       1.00000  0.00     37.740    0
  43.7190        1.5000       1.62041  60.30    33.300    1
  21.2650        4.8100       1.00000  0.00     28.280    0
  94.0520        1.5000       1.51633  64.10    27.730    1
  18.6460        13.0400      1.00000  0.00     23.710    0
  26.8880        5.0500       1.83400  37.20    18.500    1
  -27.4380       1.6000       1.72151  29.20    17.280    1
  155.3420       3.5900       1.00000  0.00     15.030    0
  371.8560       2.0100       1.72916  54.70    14.080    1
  -174.6980      1.8000       1.00000  0.00     13.910    0
  stop           6.0000       1.00000  0.00     13.480    0
  -15.2550       2.2500       1.75520  27.50    12.450    1
  -154.5570      3.4200       1.65160  58.50    14.890    1
  -19.1430       0.2000       1.00000  0.00     16.580    0
  -144.9330      3.2100       1.58313  59.40    18.220    1
  -22.7560       38.0400      1.00000  0.00     19.300    0
