# Canon EF-S60mm f2.8 Macro USM
#
# Patent: JP2006-153942
# Converted from photonstophotos.net Optical Bench data
# 22 surfaces, 12 glass elements, f/2.9

name: Canon EF-S60mm f2.8 Macro USM
focal_length: 62.40

surfaces:
# radius       thickness    ior      abbe     semi_ap   coating
  98.4500        4.3000       1.60310  60.64    33.960    1
  -77.1300       0.1600       1.00000  0.00     33.960    0
  29.8800        7.1000       1.48750  70.23    28.160    1
  -41.9000       1.2000       1.83400  37.16    28.160    1
  79.2300        0.1500       1.00000  0.00     23.050    0
  29.9600        3.1500       1.48750  70.23    21.880    1
  -469.9600      1.2000       1.00000  0.00     21.880    0
  184.0700       1.0000       1.74950  35.30    19.220    1
  14.3400        3.4400       1.00000  0.00     15.720    0
  -30.9600       1.0000       1.51740  52.43    15.720    1
  18.1600        3.4000       1.84670  23.93    17.600    1
  -1590.4500     12.3700      1.00000  0.00     17.600    0
  stop           2.1000       1.00000  0.00     17.582    0
  0              14.1300      1.00000  0.00     18.410    0
  206.7200       3.1000       1.69680  55.53    22.330    1
  -32.3700       0.6500       1.00000  0.00     22.330    0
  47.9600        5.7500       1.80400  46.57    22.330    1
  -20.1700       1.1000       1.84670  23.93    22.330    1
  303.6400       3.3200       1.00000  0.00     22.330    0
  -61.3500       4.3500       1.84670  23.93    21.600    1
  -16.0000       1.0000       1.83400  37.16    21.600    1
  128.0000       36.9100      1.00000  0.00     23.730    0
