# Canon EF28mm f2.8
#
# Patent: JP1987-078520
# Converted from photonstophotos.net Optical Bench data
# 11 surfaces, 5 glass elements, f/2.8

name: Canon EF28mm f2.8
focal_length: 28.00

surfaces:
# radius       thickness    ior      abbe     semi_ap   coating
  48.7760        1.9600       1.60311  60.70    36.910    1
  0              18.4800      1.00000  0.00     28.740    0
  32.3960        5.8800       1.78590  44.20    21.690    1
  -136.6960      5.7800       1.00000  0.00     21.690    0
  stop           6.8200       1.00000  0.00     13.400    0
  -19.3200       2.5200       1.84666  23.90    15.890    1
  70.0840        0.2800       1.00000  0.00     12.611    0
  4029.7600      3.3600       1.79952  42.20    15.890    1
  -20.2160       0.0000       1.00000  0.00     15.890    0
  218.7920       2.8000       1.78590  44.20    19.270    1
  -39.5920       37.1400      1.00000  0.00     19.270    0
