# Canon Serenar 35mm f3.2
#
# Patent: US002645975
# Converted from photonstophotos.net Optical Bench data
# 11 surfaces, 6 glass elements, f/3.0

name: Canon Serenar 35mm f3.2
focal_length: 35.00

surfaces:
# radius       thickness    ior      abbe     semi_ap   coating
  21.8680        2.2295       1.58910  61.20    20.570    1
  73.1500        0.6895       1.00000  0.00     20.570    0
  15.7535        4.9980       1.60730  59.50    15.920    1
  -81.4380       0.7490       1.57850  41.70    15.920    1
  10.4125        2.4680       1.00000  0.00     8.640     0
  stop           2.5300       1.00000  0.00     8.320     0
  -10.1745       0.6895       1.57850  41.70    9.100     1
  31.6890        3.5875       1.60310  60.70    13.910    1
  -13.8320       0.0700       1.00000  0.00     13.910    0
  108.4510       2.2470       1.62280  56.90    17.080    1
  -27.8145       24.7500      1.00000  0.00     17.080    0
