# Canon EF-S24mm f2.8 STM
#
# Patent: JP2015-111192
# Converted from photonstophotos.net Optical Bench data
# 13 surfaces, 6 glass elements, f/2.9

name: Canon EF-S24mm f2.8 STM
focal_length: 24.50

surfaces:
# radius       thickness    ior      abbe     semi_ap   coating
  23.7060        2.8300       1.91082  35.30    16.130    1
  63.1840        0.2500       1.00000  0.00     14.420    0
  22.2660        0.9000       1.48749  70.20    12.890    1
  7.2130         4.0000       1.00000  0.00     10.110    0
  0              3.2600       1.00000  0.00     8.130     0
  stop           3.2400       1.00000  0.00     8.780     0
  -16.3210       4.8200       1.69680  55.50    9.300     1
  -8.4000        0.8000       1.80610  33.30    11.370    1
  -36.4380       0.2000       1.00000  0.00     13.670    0
  227.5370       4.3900       1.59522  67.70    15.230    1
  -15.5470       0.9000       1.00000  0.00     16.720    0
  -34.8420       3.5500       1.58313  59.40    17.760    1
  -15.0350       35.6800      1.00000  0.00     18.940    0
