# Canon 15.1-60.4mm f2.8-5.8 [PowerShot G1X]
#
# Patent: US20130176385
# Converted from photonstophotos.net Optical Bench data
# 24 surfaces, 12 glass elements, f/2.9

name: Canon 15.1-60.4mm f2.8-5.8 [PowerShot G1X]
focal_length: 15.57

surfaces:
# radius       thickness    ior      abbe     semi_ap   coating
  257.7080       1.7000       1.84666  23.90    35.660    1
  78.5240        0.4200       1.00000  0.00     33.720    0
  100.2240       2.3000       1.69680  55.50    33.900    1
  -1848.8880     0.1500       1.00000  0.00     33.960    0
  45.0610        2.9000       1.77250  49.60    29.920    1
  253.8670       1.0000       1.00000  0.00     28.360    0
  426.6120       1.3000       1.85135  40.10    26.120    1
  14.6440        5.2900       1.00000  0.00     21.200    0
  -67.9270       1.0000       1.77250  49.60    20.120    1
  54.4450        0.1500       1.00000  0.00     20.120    0
  22.9940        2.5500       1.92286  18.90    20.760    1
  67.4270        20.4600      1.00000  0.00     20.120    0
  14.2370        2.6000       1.84954  40.10    11.880    1
  182.2800       0.1500       1.00000  0.00     11.880    0
  10.8920        3.0000       1.77250  49.60    11.280    1
  307.3860       0.6000       1.80518  25.40    11.280    1
  6.9140         1.7500       1.00000  0.00     7.960     0
  -427.6430      1.7000       1.48749  70.20    8.140     1
  -40.5970       1.0000       1.00000  0.00     8.140     0
  stop           11.0000      1.00000  0.00     7.102     0
  515.3500       4.4000       1.58313  59.40    24.660    1
  -27.4430       6.8200       1.00000  0.00     24.660    0
  0              1.5600       1.51633  64.10    24.440    1
  0              1.5600       1.00000  0.00     24.440    0
