# Canon EF300mm f2.8L USM
#
# Patent: US006288845
# Converted from photonstophotos.net Optical Bench data
# 17 surfaces, 9 glass elements, f/2.9

name: Canon EF300mm f2.8L USM
focal_length: 293.44

surfaces:
# radius       thickness    ior      abbe     semi_ap   coating
  3000.0000      6.0000       1.51633  64.20    105.290   1
  3000.0000      1.0000       1.00000  0.00     105.290   0
  131.2230       15.5000      1.43387  95.10    103.540   1
  -456.9580      0.6900       1.00000  0.00     103.540   0
  109.7580       18.2300      1.49700  81.60    98.300    1
  -503.4710      3.4500       1.00000  0.00     98.300    0
  -366.5050      5.5500       1.72047  34.70    92.880    1
  272.5390       31.3000      1.00000  0.00     82.380    0
  46.7370        6.1000       1.58913  61.20    64.380    1
  41.1760        17.0800      1.00000  0.00     55.920    0
  -209.8010      6.0000       1.80518  25.40    54.200    1
  -72.5970       2.5000       1.61340  43.80    54.200    1
  84.8800        33.2000      1.00000  0.00     46.770    0
  166.4880       2.5000       1.71300  53.90    44.780    1
  56.5560        8.0000       1.61800  63.40    44.780    1
  -276.5710      3.0000       1.00000  0.00     44.780    0
  stop           112.2000     1.00000  0.00     39.273    0
