# Canon EF20mm f2.8 USM
#
# Patent: JP1996-110467
# Converted from photonstophotos.net Optical Bench data
# 21 surfaces, 11 glass elements, f/2.9

name: Canon EF20mm f2.8 USM
focal_length: 20.49

surfaces:
# radius       thickness    ior      abbe     semi_ap   coating
  39.0300        2.0000       1.62299  58.20    45.640    1
  23.2400        6.0600       1.00000  0.00     37.320    0
  52.9200        1.7000       1.60311  60.70    37.320    1
  24.5600        6.3000       1.00000  0.00     32.320    0
  115.4500       10.8000      1.58313  59.40    32.440    1
  -93.1900       3.9700       1.00000  0.00     32.440    0
  25.0800        1.0000       1.77250  49.60    18.100    1
  10.7200        3.3400       1.00000  0.00     15.300    0
  -1747.1100     2.8000       1.80518  25.40    15.300    1
  -45.1000       1.2700       1.00000  0.00     15.300    0
  149.7900       11.6000      1.51633  64.20    15.140    1
  -14.3700       0.7300       1.00000  0.00     15.140    0
  stop           3.5000       1.00000  0.00     13.508    0
  -23.5000       1.1000       1.62096  35.90    13.220    1
  13.0500        6.7000       1.80518  25.40    14.100    1
  83.3600        0.6600       1.00000  0.00     14.100    0
  -145.3300      1.1000       1.84666  23.90    19.760    1
  19.1600        7.6000       1.48749  70.20    16.740    1
  -18.2300       0.1500       1.00000  0.00     19.760    0
  283.3600       3.4000       1.77250  49.60    23.740    1
  -43.9900       38.3900      1.00000  0.00     23.740    0
