# US 9,151,935 Example 3
#
# Patent: US009151935
# Converted from photonstophotos.net Optical Bench data
# 35 surfaces, 20 glass elements, f/4.1

name: US 9,151,935 Example 3
focal_length: 72.00

surfaces:
# radius       thickness    ior      abbe     semi_ap   coating
  102.3740       2.1000       1.69895  30.10    53.900    1
  54.6940        7.6600       1.49700  81.50    53.900    1
  1142.8510      0.1500       1.00000  0.00     53.900    0
  78.3780        5.2100       1.49700  81.50    50.300    1
  956.1430       0.1500       1.00000  0.00     50.300    0
  102.5180       3.7800       1.49700  81.50    48.400    1
  1046.6740      2.3700       1.00000  0.00     48.400    0
  -518.7860      1.2000       1.80400  46.60    27.840    1
  33.7810        5.0500       1.00000  0.00     27.840    0
  -48.3550       1.2500       1.49700  81.50    27.840    1
  41.6050        3.7700       1.84666  23.90    27.800    1
  -309.3120      0.9900       1.00000  0.00     27.800    0
  -74.4680       1.2500       1.80440  39.60    27.800    1
  3967.7580      30.4500      1.00000  0.00     27.800    0
  66.7780        1.4000       1.74950  35.30    28.770    1
  28.8440        6.6200       1.59522  67.70    28.770    1
  -95.3860       14.2300      1.00000  0.00     28.770    0
  -37.9470       1.5000       1.72047  34.70    29.320    1
  -53.0520       1.0000       1.00000  0.00     29.320    0
  stop           0.3400       1.00000  0.00     29.533    0
  43.6150        4.7800       1.83481  42.70    30.300    1
  -513.8080      9.7500       1.00000  0.00     30.300    0
  95.9510        2.1600       1.74950  35.30    25.500    1
  19.0180        6.2100       1.49700  81.50    25.500    1
  -409.8700      2.0000       1.00000  0.00     24.630    0
  184.4040       3.0900       1.84666  23.90    24.630    1
  -69.4550       1.2000       1.69680  55.50    24.630    1
  84.0280        0.9700       1.00000  0.00     24.630    0
  -1400.7360     1.3000       1.71300  53.90    24.630    1
  48.7420        6.3100       1.00000  0.00     24.630    0
  219.4610       7.3900       1.48749  70.20    30.100    1
  -22.6960       2.0400       1.74950  35.30    30.100    1
  -66.6380       1.0100       1.00000  0.00     30.100    0
  82.6680        2.9600       1.83400  37.20    32.150    1
  537.1340       72.3600      1.00000  0.00     32.150    0
