# Canon FD300mm f4L
#
# Patent: US004251133
# Converted from photonstophotos.net Optical Bench data
# 13 surfaces, 6 glass elements, f/4.0

name: Canon FD300mm f4L
focal_length: 300.00

surfaces:
# radius       thickness    ior      abbe     semi_ap   coating
  444.4200       10.6500      1.48749  70.10    76.300    1
  -119.7000      7.1100       1.00000  0.00     76.300    0
  -110.1300      5.0700       1.72151  29.20    73.320    1
  -295.5600      3.0600       1.00000  0.00     73.320    0
  91.8300        9.2400       1.48749  70.10    73.520    1
  557.8200       61.9200      1.00000  0.00     73.520    0
  27.8100        4.5000       1.58913  61.10    40.830    1
  24.9600        15.9600      1.00000  0.00     37.090    0
  stop           1.2900       1.00000  0.00     33.760    0
  75.9000        3.6600       1.59270  35.30    33.200    1
  -557.8200      2.0400       1.00000  0.00     33.200    0
  -866.1300      1.7100       1.77250  49.60    33.200    1
  55.2900        116.2800     1.00000  0.00     33.200    0
