# Canon EF100-300mm f5.6
#
# Patent: JP1986-077818
# Converted from photonstophotos.net Optical Bench data
# 25 surfaces, 15 glass elements, f/5.6

name: Canon EF100-300mm f5.6
focal_length: 100.00

surfaces:
# radius       thickness    ior      abbe     semi_ap   coating
  111.8800       2.8600       1.80518  25.40    52.730    1
  70.9300        7.0600       1.51633  64.10    50.980    1
  6607.2700      0.2000       1.00000  0.00     50.980    0
  123.6300       4.6600       1.48749  70.10    50.220    1
  -879.4000      2.4300       1.00000  0.00     50.220    0
  -165.2200      1.4800       1.71300  53.80    28.960    1
  60.1900        5.6100       1.00000  0.00     28.960    0
  -68.6200       1.5000       1.69680  55.50    29.210    1
  41.2500        4.4300       1.80518  25.40    29.210    1
  580.2100       34.7800      1.00000  0.00     28.280    0
  104.4000       7.0000       1.52301  50.80    31.100    1
  -30.9800       2.0700       1.80518  25.40    31.100    1
  -56.6600       5.9700       1.00000  0.00     31.100    0
  stop           3.6800       1.00000  0.00     29.899    0
  24.2300        8.4700       1.60311  60.70    30.010    1
  -304.2200      1.4800       1.77250  49.60    29.320    1
  73.5400        1.1800       1.00000  0.00     29.320    0
  41.0100        1.9700       1.83400  37.20    26.340    1
  15.5600        6.8800       1.60729  49.20    23.590    1
  54.6500        5.3400       1.00000  0.00     23.590    0
  5519.9300      3.4500       1.57501  41.50    20.530    1
  -47.9700       5.3200       1.00000  0.00     20.530    0
  -20.9300       0.9900       1.80400  46.60    20.260    1
  27.3500        5.2900       1.61293  37.00    20.260    1
  -38.3800       82.5700      1.00000  0.00     20.260    0
