# Canon EF16-35mm f2.8L USM
#
# Patent: JP2002-287031
# Converted from photonstophotos.net Optical Bench data
# 28 surfaces, 15 glass elements, f/2.9

name: Canon EF16-35mm f2.8L USM
focal_length: 16.48

surfaces:
# radius       thickness    ior      abbe     semi_ap   coating
  354.0960       2.0000       1.77250  49.60    50.640    1
  20.8760        17.1300      1.00000  0.00     36.520    0
  -57.1610       1.2000       1.83481  42.70    33.260    1
  45.9920        0.1700       1.51640  52.90    31.400    1
  58.7900        0.1500       1.00000  0.00     31.400    0
  39.9850        5.0000       1.84666  23.90    31.400    1
  45023.8740     21.3200      1.00000  0.00     31.400    0
  50.0640        1.3000       1.80518  25.40    25.440    1
  23.9780        7.8700       1.51742  52.40    25.440    1
  -86.9860       0.1500       1.00000  0.00     25.440    0
  41.2970        4.2400       1.72916  54.70    26.840    1
  -102.9590      0.8400       1.00000  0.00     26.840    0
  stop           1.5600       1.00000  0.00     16.644    0
  0              1.4500       1.88300  40.80    24.600    1
  64.6440        2.8700       1.00000  0.00     21.940    0
  -32.1340       1.0500       1.72342  38.00    21.940    1
  23.9800        6.0000       1.84666  23.90    24.340    1
  -90.5430       0.7500       1.00000  0.00     24.340    0
  0              10.5000      1.00000  0.00     25.930    0
  33.3080        7.8200       1.49700  81.50    26.200    1
  -23.6380       1.2000       1.84666  23.90    26.200    1
  -39.4830       0.2000       1.00000  0.00     26.200    0
  609.5320       1.2000       1.83400  37.20    27.600    1
  25.4300        6.6500       1.49700  81.50    27.600    1
  -76.7340       0.1500       1.00000  0.00     27.600    0
  403.2760       3.0000       1.72738  40.40    29.080    1
  -127.7840      0.0000       1.00000  0.00     29.080    0
  0              39.8000      1.00000  0.00     34.290    0
