# Canon Extender EF1.4X
#
# Patent: JP1988-147127
# Converted from photonstophotos.net Optical Bench data
# 9 surfaces, 5 glass elements

name: Canon Extender EF1.4X
focal_length: 50.00

surfaces:
# radius       thickness    ior      abbe     semi_ap   coating
  -803.4410      1.5000       1.79952  42.20    29.310    1
  24.1640        9.4900       1.59270  35.30    29.310    1
  -55.0990       11.0100      1.00000  0.00     29.310    0
  -26.9040       5.9300       1.51633  64.10    30.680    1
  -25.7850       0.1500       1.00000  0.00     32.500    0
  -66.0890       1.8000       1.79952  42.20    35.080    1
  92.3830        0.1500       1.00000  0.00     35.080    0
  42.2380        6.2300       1.48749  70.20    35.960    1
  3848.4230      39.5000      1.00000  0.00     35.960    0
