# Canon EF24mm f2.8 IS USM
#
# Patent: JP2020-190696
# Converted from photonstophotos.net Optical Bench data
# 21 surfaces, 11 glass elements, f/2.9

name: Canon EF24mm f2.8 IS USM
focal_length: 24.60

surfaces:
# radius       thickness    ior      abbe     semi_ap   coating
  60.0450        1.6000       1.71300  53.90    40.840    1
  24.5270        6.8000       1.00000  0.00     34.370    0
  210.7030       3.0000       1.80610  33.30    33.960    1
  -149.6700      7.0100       1.00000  0.00     33.210    0
  36.6810        1.0000       1.77250  49.60    20.040    1
  14.8020        3.4300       1.00000  0.00     17.550    0
  -534.7280      3.6500       1.56732  42.80    17.220    1
  -35.6380       1.6300       1.00000  0.00     16.070    0
  -26.1870       0.8000       1.77250  49.60    14.460    1
  137.8330       0.4200       1.00000  0.00     13.980    0
  24.1650        4.2500       1.91082  35.30    13.550    1
  -20.0840       4.3800       1.84666  23.90    13.540    1
  -63.8450       2.7000       1.00000  0.00     13.700    0
  stop           3.0100       1.00000  0.00     13.300    0
  106.3890       1.5000       1.72916  54.70    14.000    1
  -152.0640      5.0600       1.00000  0.00     14.000    0
  -11.2570       1.3500       1.75520  27.50    12.640    1
  -42.1480       3.6500       1.59522  67.70    15.420    1
  -14.8660       0.5600       1.00000  0.00     17.270    0
  -61.6790       3.9800       1.58313  59.40    19.550    1
  -17.5790       38.2800      1.00000  0.00     20.930    0
