# Canon EF24mm f1.4L II USM
#
# Patent: US007715117
# Converted from photonstophotos.net Optical Bench data
# 24 surfaces, 13 glass elements, f/1.4

name: Canon EF24mm f1.4L II USM
focal_length: 24.55

surfaces:
# radius       thickness    ior      abbe     semi_ap   coating
  61.8800        2.9940       1.83481  42.72    56.680    1
  27.0260        8.3440       1.00000  0.00     44.770    0
  71.7470        3.0000       1.58313  59.40    45.320    1
  25.7060        6.9310       1.00000  0.00     40.520    0
  92.7060        4.9470       1.88300  40.76    41.060    1
  -127.7130      0.6970       1.00000  0.00     41.060    0
  -97.4670       2.5000       1.49700  81.54    39.860    1
  39.0230        5.8250       1.83481  42.72    36.800    1
  -1070.5460     3.7880       1.00000  0.00     40.200    0
  46.3330        5.9790       1.83481  42.72    29.700    1
  -47.2480       1.9000       1.54814  45.79    29.700    1
  21.4820        5.0680       1.00000  0.00     23.990    0
  -53.6870       1.4000       1.65412  39.70    23.990    1
  197.5610       0.1500       1.00000  0.00     25.660    0
  29.2390        6.7300       1.43387  95.10    27.080    1
  -44.3330       2.5940       1.00000  0.00     27.080    0
  stop           7.2130       1.00000  0.00     24.212    0
  -17.9040       3.7770       1.60311  60.64    25.020    1
  -15.3830       2.1500       1.80518  25.42    26.540    1
  -48.2060       0.2500       1.00000  0.00     30.580    0
  97.9220        8.5360       1.61800  63.33    34.780    1
  -29.3080       0.2500       1.00000  0.00     34.780    0
  -162.4340      5.2840       1.80400  46.57    36.080    1
  -36.4880       38.7990      1.00000  0.00     37.420    0
