# Canon 85mm f1.5
#
# Patent: JP1952-005233
# Converted from photonstophotos.net Optical Bench data
# 12 surfaces, 7 glass elements, f/1.5

name: Canon 85mm f1.5
focal_length: 85.00

surfaces:
# radius       thickness    ior      abbe     semi_ap   coating
  69.8700        8.9250       1.62280  56.90    56.890    1
  807.5000       0.1700       1.00000  0.00     56.890    0
  37.4000        7.2250       1.63850  55.50    50.940    1
  68.4250        16.1500      1.51630  64.00    50.940    1
  -157.2500      1.7000       1.68890  31.10    50.940    1
  21.4200        9.0000       1.00000  0.00     30.960    0
  stop           7.1500       1.00000  0.00     30.607    0
  -26.3500       1.2750       1.53170  48.90    30.430    1
  48.6200        8.7550       1.65840  50.80    34.530    1
  -37.4000       0.1700       1.00000  0.00     34.530    0
  127.5000       5.1000       1.63850  55.50    33.580    1
  -71.9100       44.7900      1.00000  0.00     33.580    0
