# Canon FD500mm f4.5L
#
# Patent: US004241983
# Converted from photonstophotos.net Optical Bench data
# 12 surfaces, 6 glass elements, f/4.5

name: Canon FD500mm f4.5L
focal_length: 500.00

surfaces:
# radius       thickness    ior      abbe     semi_ap   coating
  234.6800       18.5000      1.43387  95.10    116.060   1
  -193.9000      15.6500      1.00000  0.00     116.060   0
  -162.8100      5.5000       1.78590  44.20    108.320   1
  -1014.1750     19.6000      1.00000  0.00     108.320   0
  190.4900       13.0000      1.49700  81.20    105.120   1
  -413.2400      46.6500      1.00000  0.00     105.120   0
  stop           40.0000      1.00000  0.00     80.717    0
  52.7750        5.0000       1.58913  61.10    61.200    1
  47.5450        12.7000      1.00000  0.00     57.900    0
  221.8800       5.5000       1.75520  27.50    57.280    1
  1434.2900      3.0000       1.71300  53.90    57.280    1
  105.2900       228.6300     1.00000  0.00     57.280    0
