# Canon New FD300mm f2.8L
#
# Patent: JP1981-159613
# Converted from photonstophotos.net Optical Bench data
# 15 surfaces, 8 glass elements, f/2.8

name: Canon New FD300mm f2.8L
focal_length: 300.00

surfaces:
# radius       thickness    ior      abbe     semi_ap   coating
  128.4570       18.3690      1.49700  81.60    107.250   1
  -495.3360      0.5100       1.00000  0.00     107.250   0
  107.3970       17.3490      1.43387  95.10    97.440    1
  -489.8070      2.9400       1.00000  0.00     97.440    0
  -358.8030      5.1000       1.72047  34.60    92.310    1
  269.0670       32.7450      1.00000  0.00     92.310    0
  47.6340        6.1230       1.58913  61.10    62.220    1
  41.3970        14.3860      1.00000  0.00     56.670    0
  stop           2.2100       1.00000  0.00     53.091    0
  -215.4900      6.1230       1.80518  25.40    53.040    1
  -74.0190       2.5500       1.61340  43.80    53.040    1
  86.4510        34.7640      1.00000  0.00     53.040    0
  181.6890       2.5500       1.69680  55.50    44.120    1
  59.3040        8.1630       1.61800  63.40    44.120    1
  -272.8620      115.7850     1.00000  0.00     44.120    0
