# Canon EF-M32mm f1.4 STM
#
# Patent: JP2018-180366
# Converted from photonstophotos.net Optical Bench data
# 25 surfaces, 15 glass elements, f/1.4

name: Canon EF-M32mm f1.4 STM
focal_length: 32.34

surfaces:
# radius       thickness    ior      abbe     semi_ap   coating
  -34.2450       1.1000       1.61340  44.30    27.920    1
  51.7520        1.1600       1.00000  0.00     27.920    0
  136.3820       6.9800       1.91082  35.30    27.100    1
  -22.7730       1.0000       1.85478  24.80    27.100    1
  -69.7050       0.3000       1.00000  0.00     27.100    0
  28.6670        5.3200       1.91082  35.30    27.680    1
  -255.3770      0.3000       1.00000  0.00     27.680    0
  33.1780        6.2700       1.59282  68.60    24.400    1
  -48.3430       1.0000       1.73800  32.30    24.400    1
  20.2670        4.1100       1.00000  0.00     19.260    0
  stop           4.0800       1.00000  0.00     16.445    0
  -19.1970       2.3000       1.76385  48.50    16.560    1
  -12.7100       0.7200       1.67542  34.80    16.560    1
  177.4180       0.3000       1.00000  0.00     16.560    0
  32.4690        7.6500       1.88300  40.80    18.120    1
  -15.1600       0.7800       1.67270  32.10    20.140    1
  -42.6290       1.5200       1.00000  0.00     20.140    0
  -20.0070       0.8200       1.51742  52.40    20.140    1
  40.6870        3.8100       1.85135  40.10    22.780    1
  -122.3830      1.1000       1.00000  0.00     22.780    0
  99.2280        5.5500       1.88300  40.80    25.320    1
  -27.8770       0.9200       2.00069  25.50    25.320    1
  -138.6370      8.5200       1.00000  0.00     25.320    0
  0              1.7500       1.54400  60.00    41.520    1
  0              1.5500       1.00000  0.00     41.520    0
