# JP 2022-043436 Example 4
#
# Patent: JP2022-043436
# Converted from photonstophotos.net Optical Bench data
# 27 surfaces, 15 glass elements, f/2.1

name: JP 2022-043436 Example 4
focal_length: 130.46

surfaces:
# radius       thickness    ior      abbe     semi_ap   coating
  82.9480        4.5800       1.98612  16.50    65.200    1
  160.6830       0.2400       1.00000  0.00     65.200    0
  84.0240        7.0900       1.49700  81.50    62.640    1
  1473.2060      0.2000       1.00000  0.00     62.640    0
  45.4040        8.4600       1.49700  81.50    55.600    1
  162.1040       2.3500       1.60342  38.00    55.600    1
  32.2470        4.0700       1.00000  0.00     44.500    0
  46.5430        10.8400      1.49700  81.50    43.860    1
  -73.7710       1.8700       1.95906  17.50    43.860    1
  84.3340        5.2200       1.00000  0.00     40.660    0
  stop           4.7000       1.00000  0.00     38.325    0
  104.2010       4.3100       1.92286  20.90    37.680    1
  -144.0350      1.0000       1.00000  0.00     37.680    0
  639.2200       1.5400       1.59522  67.70    34.900    1
  33.6730        19.5900      1.00000  0.00     33.420    0
  -444.4580      3.2000       1.92286  20.90    28.940    1
  -48.6230       1.2100       1.78880  28.40    28.940    1
  81.5700        3.6000       1.00000  0.00     28.940    0
  32.8140        5.6800       1.63854  55.40    29.780    1
  -228.8740      1.4300       1.92286  20.90    29.780    1
  49.5210        5.6100       1.00000  0.00     29.780    0
  58.6380        8.3600       1.85896  22.70    35.120    1
  -112.4750      21.0300      1.00000  0.00     35.120    0
  -24.3760       1.5300       1.56384  60.70    33.480    1
  -45.9470       16.5400      1.00000  0.00     35.980    0
  0              1.5000       1.51633  64.10    45.980    1
  0              0.4000       1.00000  0.00     45.980    0
