# US 2018/0314060 Example 2
#
# Patent: US20180314060
# Converted from photonstophotos.net Optical Bench data
# 30 surfaces, 17 glass elements, f/2.8

name: US 2018/0314060 Example 2
focal_length: 16.00

surfaces:
# radius       thickness    ior      abbe     semi_ap   coating
  133.2245       2.5000       1.59522  67.74    71.458    1
  26.2303        15.5908      1.00000  0.00     49.761    0
  67.3029        2.0000       1.81600  46.63    48.052    1
  30.0281        10.5644      1.00000  0.00     40.941    0
  -109.8347      1.2000       1.59522  67.74    40.624    1
  101.7446       0.1625       1.00000  0.00     39.778    0
  51.0528        5.0206       1.62588  35.70    39.711    1
  98.3894        5.8402       1.00000  0.00     38.722    0
  -77.5831       4.1142       1.49700  81.54    38.269    1
  -42.6045       31.5000      1.00000  0.00     38.221    0
  120.2847       1.4400       1.80610  40.92    28.802    1
  31.8174        7.1192       1.49700  81.54    29.303    1
  -83.7511       0.2000       1.00000  0.00     30.143    0
  52.7017        3.2000       1.59522  67.74    31.727    1
  266.3585       3.0200       1.00000  0.00     31.726    0
  -127.4470      4.2152       1.59522  67.74    32.546    1
  -42.6323       1.7100       1.00000  0.00     32.822    0
  stop           2.6100       1.00000  0.00     19.709    0
  -41.6909       0.8000       1.83481  42.71    21.905    1
  79.8071        3.5046       1.85478  24.80    23.493    1
  -122.9453      25.4300      1.00000  0.00     24.497    0
  77.1030        4.6816       1.59522  67.74    29.899    1
  -98.9299       3.3186       1.00000  0.00     30.487    0
  38.5031        0.8000       2.00100  29.13    32.729    1
  26.5676        8.8059       1.49700  81.54    31.908    1
  -88.3335       11.0100      1.00000  0.00     32.000    0
  -269.5628      7.0628       1.49700  81.54    30.606    1
  -24.0000       0.9963       1.63555  22.70    30.526    1
  -22.2275       0.8000       2.00330  28.27    30.567    1
  -112.9798      21.3500      1.00000  0.00     32.872    0
