# US 8,773,783 Example 2
#
# Patent: US008773783
# Converted from photonstophotos.net Optical Bench data
# 18 surfaces, 10 glass elements, f/1.8

name: US 8,773,783 Example 2
focal_length: 83.30

surfaces:
# radius       thickness    ior      abbe     semi_ap   coating
  102.9020       2.5300       1.84666  23.80    46.280    1
  163.1920       0.1500       1.00000  0.00     45.960    0
  43.6490        5.8600       1.59240  68.30    45.240    1
  122.9540       1.7300       1.00000  0.00     44.420    0
  40.2480        9.1900       1.72916  54.70    41.110    1
  94.9170        1.3000       1.69591  17.70    36.600    1
  262.2290       2.7000       1.80518  25.40    36.470    1
  25.8450        8.0600       1.00000  0.00     30.720    0
  stop           20.7500      1.00000  0.00     29.710    0
  -28.7460       2.4000       1.72825  28.50    27.550    1
  -137.3980      1.0800       1.00000  0.00     29.220    0
  -63.6710       8.5600       1.88300  40.80    29.280    1
  -36.0240       0.1500       1.00000  0.00     32.130    0
  96.5770        4.6000       1.77250  49.60    35.770    1
  -115.1610      1.5000       1.00000  0.00     36.150    0
  -135.3420      1.9000       1.62588  35.70    36.500    1
  70.7300        4.5400       1.88300  40.80    37.820    1
  -389.9500      39.1100      1.00000  0.00     38.000    0
