# Canon EF24-70mm f2.8L USM
#
# Patent: JP2014-041222
# Converted from photonstophotos.net Optical Bench data
# 31 surfaces, 16 glass elements, f/2.9

name: Canon EF24-70mm f2.8L USM
focal_length: 24.90

surfaces:
# radius       thickness    ior      abbe     semi_ap   coating
  132.2850       2.4000       1.77250  49.60    58.740    1
  34.0100        12.0200      1.00000  0.00     48.650    0
  -164.2610      2.3000       1.77250  49.60    47.800    1
  61.3190        0.1700       1.00000  0.00     47.800    0
  60.4540        4.9700       1.84265  25.22    45.620    1
  153.7080       55.3600      1.00000  0.00     45.620    0
  2038.1580      1.8000       1.80518  25.40    37.700    1
  52.5620        6.3100       1.77250  49.60    37.700    1
  -120.8190      0.1500       1.00000  0.00     37.700    0
  94.2470        3.7500       1.83481  42.70    38.240    1
  -735.4010      0.1500       1.00000  0.00     38.040    0
  44.8150        5.2600       1.69680  55.50    37.160    1
  2017.4570      2.9000       1.00000  0.00     37.160    0
  0              2.2000       1.00000  0.00     25.820    0
  -118.4480      1.2500       1.88300  40.80    26.610    1
  44.9690        2.4500       1.00000  0.00     24.970    0
  -123.3500      1.3500       1.72000  50.20    24.970    1
  33.4520        4.8400       1.80518  25.40    26.560    1
  -122.4410      0.7000       1.00000  0.00     26.560    0
  stop           19.2400      1.00000  0.00     20.586    0
  100.7830       1.3000       1.84265  0.00     26.460    1
  24.8250        6.7000       1.49700  81.50    26.460    1
  -57.6710       0.1000       1.00000  0.00     26.460    0
  30.5410        5.2100       1.52542  64.50    26.880    1
  -95.1840       1.1900       1.00000  0.00     26.880    0
  3554.7460      2.9000       1.84666  23.80    25.160    1
  -48.5780       0.1100       1.00000  0.00     25.160    0
  -54.7370       1.9900       1.83400  37.20    25.160    1
  26.6160        3.9900       1.00000  0.00     25.160    0
  51.5490        7.6000       1.58313  59.40    37.120    1
  -129.1210      38.4700      1.00000  0.00     37.120    0
