# Canon EF24mm f1.4L USM
#
# Patent: JP1999-030743
# Converted from photonstophotos.net Optical Bench data
# 22 surfaces, 11 glass elements, f/1.4

name: Canon EF24mm f1.4L USM
focal_length: 24.60

surfaces:
# radius       thickness    ior      abbe     semi_ap   coating
  62.7180        2.8000       1.69680  55.53    58.070    1
  30.1930        6.0500       1.00000  0.00     46.580    0
  57.2280        2.3000       1.69680  55.53    48.140    1
  32.8150        6.5910       1.00000  0.00     41.640    0
  212.0900       4.8340       1.71300  53.84    42.720    1
  -102.3050      3.5880       1.00000  0.00     42.720    0
  79.6930        2.9230       1.84666  23.78    34.220    1
  1827.3190      1.7000       1.49700  81.61    34.220    1
  23.3370        7.0000       1.00000  0.00     25.860    0
  0              4.7590       1.00000  0.00     23.730    0
  30.7250        7.2000       1.80400  46.58    29.850    1
  -58.0560       0.1500       1.00000  0.00     29.850    0
  -448.5920      1.6050       1.72825  28.64    28.200    1
  38.7530        5.0980       1.00000  0.00     25.160    0
  stop           7.8430       1.00000  0.00     23.633    0
  -16.2950       1.5000       1.80518  25.42    23.700    1
  4455.6450      3.6490       1.83481  42.72    29.900    1
  -35.7090       0.1500       1.00000  0.00     29.900    0
  -199.3040      6.9390       1.61311  60.70    31.590    1
  -23.5370       0.1500       1.00000  0.00     31.590    0
  -85.4750       5.3420       1.77250  49.60    35.940    1
  -29.7830       37.5900      1.00000  0.00     36.580    0
