# Canon EF28-105mm f3.5-4.5 II USM
#
# Patent: JP2002-365547
# Converted from photonstophotos.net Optical Bench data
# 28 surfaces, 15 glass elements, f/3.6

name: Canon EF28-105mm f3.5-4.5 II USM
focal_length: 28.90

surfaces:
# radius       thickness    ior      abbe     semi_ap   coating
  92.1200        1.5000       1.84666  23.90    49.960    1
  48.9440        6.1400       1.62299  58.20    49.960    1
  288.6300       0.1200       1.00000  0.00     49.960    0
  45.3140        5.0500       1.71300  53.90    45.140    1
  137.5670       1.9500       1.00000  0.00     45.140    0
  62.2160        1.2000       1.83400  37.20    26.400    1
  12.9670        5.2300       1.00000  0.00     19.620    0
  -73.2910       1.0500       1.80400  46.60    19.620    1
  28.9650        0.1000       1.00000  0.00     19.620    0
  21.3630        5.1600       1.84666  23.90    18.360    1
  -57.2280       0.6300       1.00000  0.00     16.460    0
  -28.3370       1.0000       1.77250  49.60    16.460    1
  1052.6550      14.6600      1.00000  0.00     16.900    0
  stop           0.0700       1.00000  0.00     15.020    0
  25.3690        0.9000       1.84666  23.90    18.300    1
  13.4840        5.3500       1.62299  58.20    18.300    1
  -63.4160       0.1200       1.00000  0.00     18.300    0
  35.0550        2.6600       1.60311  60.60    18.220    1
  -141.5580      1.7100       1.00000  0.00     18.220    0
  -40.0050       3.6300       1.69895  30.10    17.860    1
  -12.1780       1.5500       1.71300  53.90    17.860    1
  105.1390       7.3400       1.00000  0.00     17.860    0
  780.7310       4.9900       1.48749  70.20    22.420    1
  -17.7670       0.1200       1.00000  0.00     22.420    0
  58.6560        2.8300       1.58913  61.10    22.420    1
  -93.6520       3.0600       1.00000  0.00     21.760    0
  -17.9530       1.4000       1.84666  23.90    21.760    1
  -50.1560       38.8900      1.00000  0.00     24.160    0
