# Canon EF28-105mm f3.5-4.5 USM
#
# Patent: JP1994-230285
# Converted from photonstophotos.net Optical Bench data
# 28 surfaces, 15 glass elements, f/3.5

name: Canon EF28-105mm f3.5-4.5 USM
focal_length: 29.00

surfaces:
# radius       thickness    ior      abbe     semi_ap   coating
  100.5700       2.0000       1.84666  23.80    50.300    1
  50.5000        5.7000       1.69680  55.50    47.700    1
  233.3100       0.1200       1.00000  0.00     50.160    0
  45.9500        4.8000       1.71300  53.80    45.380    1
  130.5400       1.9100       1.00000  0.00     45.380    0
  58.7200        1.2000       1.83400  37.20    27.360    1
  13.1700        5.7300       1.00000  0.00     19.980    0
  -70.1600       1.1000       1.80400  46.60    19.980    1
  33.8600        0.1000       1.00000  0.00     19.980    0
  22.7100        4.3500       1.84666  23.90    19.020    1
  -52.0700       0.6000       1.00000  0.00     17.800    0
  -30.5600       1.1000       1.83481  42.70    17.800    1
  345.5800       15.4600      1.00000  0.00     17.800    0
  stop           0.0000       1.00000  0.00     15.607    0
  24.4400        1.2000       1.84666  23.80    17.660    1
  13.7100        5.8500       1.60311  60.70    17.660    1
  -42.3600       0.1200       1.00000  0.00     17.660    0
  29.2400        2.0500       1.77250  49.60    17.660    1
  72.0400        2.2000       1.00000  0.00     17.660    0
  -51.3800       3.3500       1.75520  27.50    17.520    1
  -12.6900       1.1000       1.80400  46.60    16.440    1
  87.8500        6.9700       1.00000  0.00     17.520    0
  214.1200       5.4500       1.48749  70.20    21.760    1
  -17.4700       0.1200       1.00000  0.00     21.760    0
  70.4800        2.6000       1.69680  55.50    22.160    1
  -89.3200       3.0400       1.00000  0.00     21.920    0
  -18.0900       1.4000       1.84666  23.80    21.920    1
  -58.2700       38.0100      1.00000  0.00     23.800    0
