# Canon FD35mm f2
#
# Patent: US003748022
# Converted from photonstophotos.net Optical Bench data
# 18 surfaces, 9 glass elements, f/2.0

name: Canon FD35mm f2
focal_length: 35.00

surfaces:
# radius       thickness    ior      abbe     semi_ap   coating
  -202.1600      3.4125       1.69700  48.50    37.820    1
  -113.0850      0.0980       1.00000  0.00     37.820    0
  63.5600        1.4630       1.51633  64.00    31.670    1
  17.3040        12.1170      1.00000  0.00     26.040    0
  -34.1220       3.4020       1.70154  41.10    20.720    1
  -37.8700       0.1015       1.00000  0.00     24.870    0
  37.5200        3.3600       1.70000  48.00    24.890    1
  554.0500       1.4665       1.00000  0.00     24.890    0
  46.6550        10.1150      1.77370  49.20    24.890    1
  4343.5000      1.8435       1.00000  0.00     24.890    0
  stop           3.5500       1.00000  0.00     21.035    0
  -135.6950      0.9765       1.76182  26.50    22.290    1
  29.9390        3.1675       1.00000  0.00     19.240    0
  -40.9500       0.9800       1.80518  25.40    22.290    1
  488.6000       4.2910       1.77370  49.20    22.290    1
  -24.4620       0.1015       1.00000  0.00     22.290    0
  68.9500        2.8945       1.80610  40.80    26.300    1
  -114.7300      37.9600      1.00000  0.00     26.300    0
