# Canon EF28-90mm f4-5.6 II USM
#
# Patent: JP2009-282554
# Converted from photonstophotos.net Optical Bench data
# 20 surfaces, 10 glass elements, f/3.8

name: Canon EF28-90mm f4-5.6 II USM
focal_length: 28.90

surfaces:
# radius       thickness    ior      abbe     semi_ap   coating
  37.7480        1.8000       1.62299  58.20    38.640    1
  18.3500        9.5900       1.00000  0.00     31.040    0
  -90.8500       1.6000       1.62299  58.20    30.680    1
  43.1030        0.1500       1.00000  0.00     29.120    0
  28.4780        2.6200       1.84666  23.80    28.860    1
  48.6350        34.3800      1.00000  0.00     28.860    0
  50.0080        2.0000       1.70154  41.20    20.120    1
  -267.5130      0.1000       1.00000  0.00     20.120    0
  26.9150        1.0000       1.84666  23.80    20.070    1
  15.0230        5.2600       1.60311  60.60    20.070    1
  -101.0630      2.0000       1.00000  0.00     20.070    0
  stop           1.8000       1.00000  0.00     13.963    0
  -68.9100       0.8000       1.68893  31.10    14.780    1
  13.8280        2.6400       1.84666  23.80    14.780    1
  39.6540        14.0900      1.00000  0.00     14.780    0
  -90.3820       1.0000       1.58306  30.20    19.680    1
  -205.3130      0.4000       1.00000  0.00     19.680    0
  -190.9130      2.4200       1.51633  64.10    19.680    1
  -29.3250       0.0000       1.00000  0.00     20.860    0
  0              38.7100      1.00000  0.00     27.240    0
