# Canon EF100-400mm f4.5-5.6L IS II USM
#
# Patent: US20150146044
# Converted from photonstophotos.net Optical Bench data
# 38 surfaces, 21 glass elements, f/4.6

name: Canon EF100-400mm f4.5-5.6L IS II USM
focal_length: 102.79

surfaces:
# radius       thickness    ior      abbe     semi_ap   coating
  109.6700       6.9400       1.62299  58.20    69.440    1
  495.1050       0.1500       1.00000  0.00     68.740    0
  147.4500       2.7000       1.65412  39.70    67.650    1
  64.6980        0.1100       1.00000  0.00     64.620    0
  65.1130        10.7800      1.43875  94.90    64.620    1
  1037.9020      1.5000       1.00000  0.00     63.830    0
  111.4940       4.0300       1.59551  39.20    33.840    1
  -147.4290      1.7000       1.77250  49.60    33.240    1
  132.6170       2.2200       1.00000  0.00     32.240    0
  223.8860       1.5500       1.77250  49.60    31.720    1
  63.4920        4.1400       1.00000  0.00     31.050    0
  -63.2270       1.5500       1.60311  60.60    31.040    1
  80.9090        3.0000       1.84666  23.80    31.940    1
  689.5320       37.7500      1.00000  0.00     32.100    0
  132.7720       5.4400       1.43387  95.10    32.630    1
  -62.8750       0.1800       1.00000  0.00     32.810    0
  87.3680        5.3700       1.51742  52.40    32.340    1
  -66.0280       1.6000       1.90366  31.30    31.950    1
  -375.1610      1.6100       1.00000  0.00     31.760    0
  stop           11.6200      1.00000  0.00     28.410    0
  -48.8280       1.4000       1.59270  35.30    27.040    1
  48.8280        3.8700       1.78472  25.70    27.700    1
  -249.9210      16.5200      1.00000  0.00     27.780    0
  -192.5090      2.7200       1.76200  40.10    27.740    1
  -53.8440       0.1600       1.00000  0.00     27.820    0
  57.1660        5.6400       1.48749  70.20    26.720    1
  -44.8940       1.4000       1.84666  23.80    25.940    1
  -452.1620      0.1500       1.00000  0.00     25.410    0
  52.7250        2.9300       1.72916  54.70    25.330    1
  215.7720       9.9800       1.00000  0.00     25.030    0
  55.7960        1.2000       1.88300  40.80    23.340    1
  23.3470        4.0800       1.00000  0.00     22.280    0
  -65.4790       2.5300       1.80518  25.40    22.340    1
  -32.0440       1.3300       1.00000  0.00     22.740    0
  -29.9250       1.2000       1.72916  54.70    22.630    1
  99.1810        4.3000       1.00000  0.00     23.800    0
  51.6420        4.1100       1.65412  39.70    27.740    1
  -235.7960      67.2600      1.00000  0.00     28.050    0
