# Canon Serenar 50mm f1.8
#
# Patent: US002681594
# Converted from photonstophotos.net Optical Bench data
# 11 surfaces, 6 glass elements, f/1.8

name: Canon Serenar 50mm f1.8
focal_length: 50.00

surfaces:
# radius       thickness    ior      abbe     semi_ap   coating
  29.0000        4.7500       1.62040  60.30    29.180    1
  90.0000        0.2500       1.00000  0.00     29.180    0
  17.8500        7.2500       1.62610  39.10    24.990    1
  -105.0000      2.2000       1.74000  28.20    24.990    1
  12.0500        4.4000       1.00000  0.00     17.630    0
  stop           2.2000       1.00000  0.00     17.549    0
  -28.1250       1.7500       1.50140  56.50    17.510    1
  21.9000        8.2500       1.63850  55.50    19.420    1
  -40.0000       0.1500       1.00000  0.00     19.420    0
  85.0000        3.5000       1.63850  55.50    22.740    1
  -62.8500       29.9700      1.00000  0.00     22.740    0
