# Canon FD300mm f5.6 SSC
#
# Patent: US004324458
# Converted from photonstophotos.net Optical Bench data
# 10 surfaces, 5 glass elements, f/5.6

name: Canon FD300mm f5.6 SSC
focal_length: 300.00

surfaces:
# radius       thickness    ior      abbe     semi_ap   coating
  98.5434        9.6420       1.58913  61.10    54.840    1
  -106.6872      3.2250       1.00000  0.00     54.840    0
  -96.7353       4.2720       1.67270  32.10    51.880    1
  -1868.9094     53.2090      1.00000  0.00     54.760    0
  stop           23.0000      1.00000  0.00     34.645    0
  28.6242        4.0680       1.58913  61.10    28.670    1
  25.8570        8.2470       1.00000  0.00     26.080    0
  98.7132        1.6260       1.71300  53.90    25.620    1
  45.9153        2.0550       1.80518  25.40    25.620    1
  59.8179        131.3200     1.00000  0.00     25.620    0
