# Canon FD28mm f2.8 SC
#
# Patent: US004046459
# Converted from photonstophotos.net Optical Bench data
# 15 surfaces, 7 glass elements, f/2.8

name: Canon FD28mm f2.8 SC
focal_length: 28.00

surfaces:
# radius       thickness    ior      abbe     semi_ap   coating
  36.5792        1.7696       1.61117  55.90    33.000    1
  17.1052        8.8256       1.00000  0.00     29.560    0
  105.3416       1.4728       1.60729  49.30    25.310    1
  21.7196        5.8800       1.00000  0.00     25.310    0
  49.3332        2.9484       1.72342  38.00    21.730    1
  -257.1884      4.2000       1.00000  0.00     21.730    0
  30.3520        10.1556      1.60311  60.70    17.800    1
  -37.3408       2.0860       1.00000  0.00     17.800    0
  stop           6.0620       1.00000  0.00     14.294    0
  -17.8220       0.9828       1.74077  27.80    16.040    1
  52.8556        1.3748       1.00000  0.00     18.230    0
  -71.7640       2.6516       1.69350  53.30    18.230    1
  -17.1136       0.1960       1.00000  0.00     18.230    0
  -751.1560      2.5536       1.69350  53.30    20.490    1
  -32.8608       35.8596      1.00000  0.00     20.490    0
