# Canon EF17-40mm f4L USM
#
# Patent: JP2020-190696
# Converted from photonstophotos.net Optical Bench data
# 24 surfaces, 14 glass elements, f/4.1

name: Canon EF17-40mm f4L USM
focal_length: 17.49

surfaces:
# radius       thickness    ior      abbe     semi_ap   coating
  12826.2380     3.5000       1.58373  59.40    52.080    1
  22.5910        13.6300      1.00000  0.00     36.060    0
  -210.4370      0.1000       1.52421  51.40    31.890    1
  -146.0910      1.3000       1.77250  49.60    31.810    1
  24.7730        2.0900       1.00000  0.00     27.920    0
  28.4930        4.4500       1.84666  23.90    27.820    1
  72.5750        26.4700      1.00000  0.00     26.730    0
  45.2280        1.2000       1.72825  28.50    18.460    1
  18.6660        5.3500       1.51633  64.10    18.690    1
  -133.4070      0.1500       1.00000  0.00     19.360    0
  34.3690        3.4900       1.67790  55.30    20.020    1
  -89.3330       1.2400       1.00000  0.00     19.940    0
  stop           1.8700       1.00000  0.00     12.134    0
  -66.8910       1.2500       1.71999  50.20    16.310    1
  81.6150        0.9300       1.00000  0.00     16.390    0
  -88.7220       1.0000       1.62230  53.20    16.480    1
  32.1520        2.6000       1.80518  25.40    17.740    1
  2189.1960      11.8800      1.00000  0.00     18.240    0
  29.9400        6.7200       1.43875  95.00    21.620    1
  -29.9400       0.1500       1.00000  0.00     22.260    0
  -622.9720      0.1500       1.52421  51.40    22.280    1
  -128.5860      1.2000       1.83400  37.20    22.300    1
  20.9600        8.7100       1.48749  70.20    22.950    1
  -38.7700       39.8500      1.00000  0.00     24.640    0
