# Canon RF-S10-18mm F4.5-6.3 IS STM
#
# Patent: JP2024-007656
# Converted from photonstophotos.net Optical Bench data
# 23 surfaces, 12 glass elements, f/4.6

name: Canon RF-S10-18mm F4.5-6.3 IS STM
focal_length: 10.30

surfaces:
# radius       thickness    ior      abbe     semi_ap   coating
  25.3940        1.0400       2.00100  29.10    21.540    1
  11.0010        3.2500       1.00000  0.00     16.840    0
  57.4970        0.9500       1.80400  46.50    16.420    1
  12.4270        3.5900       1.00000  0.00     14.490    0
  -21.6060       0.9200       1.49700  81.50    14.490    1
  23.8800        0.3000       1.00000  0.00     14.840    0
  21.1150        4.4800       1.72047  34.70    15.020    1
  -28.0130       14.3400      1.00000  0.00     15.020    0
  322.7530       2.1500       1.48749  70.20    8.420     1
  -26.0360       2.0000       1.00000  0.00     8.420     0
  stop           2.4000       1.00000  0.00     6.920     0
  12.7600        4.4100       1.53172  48.80    8.020     1
  -8.2830        0.9800       1.61340  44.30    8.020     1
  -53.5050       1.8000       1.00000  0.00     8.020     0
  40.4030        0.9600       1.90043  37.40    10.100    1
  9.4330         4.5700       1.49700  81.50    10.100    1
  -14.8330       2.4400       1.00000  0.00     10.100    0
  -14.5870       0.7000       1.77047  29.70    11.100    1
  -134.2860      5.2500       1.00000  0.00     11.500    0
  -32.4790       2.0000       1.53504  55.70    15.280    1
  -21.0430       1.0000       1.00000  0.00     14.400    0
  -90.0000       4.1200       1.58913  61.10    22.390    1
  -24.2850       10.9700      1.00000  0.00     23.400    0
