# Canon New FD50-300mm f4.5L
#
# Patent: US004398808
# Converted from photonstophotos.net Optical Bench data
# 29 surfaces, 16 glass elements, f/4.5

name: Canon New FD50-300mm f4.5L
focal_length: 51.30

surfaces:
# radius       thickness    ior      abbe     semi_ap   coating
  496.4020       4.0000       1.83400  37.20    79.040    1
  114.9380       13.2300      1.49700  81.60    73.800    1
  -302.7260      0.2000       1.00000  0.00     73.800    0
  108.5730       8.7600       1.56873  63.10    71.290    1
  -7840.9220     2.4400       1.00000  0.00     71.290    0
  1304.5060      2.2000       1.77250  49.60    42.940    1
  59.2720        4.4200       1.00000  0.00     40.450    0
  -260.0920      2.0000       1.71300  53.90    40.450    1
  47.5000        5.5000       1.80518  25.40    38.940    1
  800.3050       2.9100       1.00000  0.00     38.940    0
  -65.8110       2.0000       1.69680  55.50    38.940    1
  -155.7090      96.3800      1.00000  0.00     38.940    0
  115.0000       3.5300       1.56873  63.10    32.010    1
  -125.0000      0.1500       1.00000  0.00     32.010    0
  87.0700        1.7000       1.80518  25.40    31.850    1
  40.3770        5.3400       1.48749  70.10    31.850    1
  -839.9750      0.1500       1.00000  0.00     31.850    0
  75.4630        3.3300       1.56873  63.10    31.680    1
  -417.6850      2.7000       1.00000  0.00     31.680    0
  stop           4.2000       1.00000  0.00     24.840    0
  -49.4210       1.5000       1.60311  60.70    24.320    1
  153.2540       0.2000       1.00000  0.00     24.320    0
  21.6470        2.8000       1.75520  27.50    24.310    1
  38.6160        1.2200       1.00000  0.00     24.310    0
  92.1020        1.4000       1.69680  55.50    23.430    1
  22.5300        9.0500       1.00000  0.00     22.470    0
  -539.2610      1.5000       1.67270  32.10    23.020    1
  38.2420        5.0200       1.58913  61.10    23.020    1
  -34.3760       100.0400     1.00000  0.00     23.690    0
