# ~Canon RF16-28mm F2.8 IS STM
#
# Patent: US20250180881
# Converted from photonstophotos.net Optical Bench data
# 31 surfaces, 17 glass elements, f/2.9

name: ~Canon RF16-28mm F2.8 IS STM
focal_length: 16.48

surfaces:
# radius       thickness    ior      abbe     semi_ap   coating
  88.3480        1.4000       1.95375  32.30    44.200    1
  23.4480        0.0500       1.53344  52.70    35.840    1
  20.5270        6.8400       1.00000  0.00     35.840    0
  79.5760        1.2000       1.48749  70.20    35.160    1
  23.1350        8.5100       1.00000  0.00     30.540    0
  -45.5660       1.1000       1.49700  81.70    30.540    1
  54.4580        0.1200       1.00000  0.00     32.080    0
  41.2350        6.1000       1.90043  37.40    31.920    1
  -79.0230       23.2800      1.00000  0.00     31.920    0
  48.3260        2.0500       1.77250  49.60    19.960    1
  167.4590       6.2600       1.00000  0.00     19.960    0
  -27.4230       0.8500       1.60311  60.60    20.660    1
  0              4.7600       1.00000  0.00     21.680    0
  stop           0.8400       1.00000  0.00     16.021    0
  65.4160        5.0600       1.49700  81.70    23.680    1
  -27.2050       0.1500       1.00000  0.00     23.680    0
  41.0640        7.3500       1.49700  81.70    23.160    1
  -19.1980       0.9500       1.83481  42.70    23.160    1
  -81.2060       5.2500       1.00000  0.00     23.160    0
  -64.8140       2.0700       1.90366  31.30    22.200    1
  -28.7690       0.9000       1.61340  44.30    22.200    1
  108.1540       1.8200       1.00000  0.00     22.200    0
  31.4070        7.0900       1.49700  81.70    25.600    1
  -31.4070       0.2500       1.00000  0.00     25.600    0
  30.2380        7.7700       1.53775  74.70    24.760    1
  -22.6790       1.0000       1.83481  42.70    24.400    1
  29.0930        3.9300       1.00000  0.00     21.000    0
  -69.6460       1.7000       1.58283  59.50    21.000    1
  -1000.0000     4.5200       1.00000  0.00     24.060    0
  -104.4230      6.9300       1.48749  70.20    38.100    1
  -28.3540       10.2400      1.00000  0.00     38.100    0
