# Canon RF100-400mm F5.6-8 IS USM
#
# Patent: US20220214530
# Converted from photonstophotos.net Optical Bench data
# 20 surfaces, 11 glass elements, f/5.8

name: Canon RF100-400mm F5.6-8 IS USM
focal_length: 100.31

surfaces:
# radius       thickness    ior      abbe     semi_ap   coating
  103.7530       4.6100       1.48749  70.20    48.270    1
  0              0.1500       1.00000  0.00     48.270    0
  156.9430       1.9000       1.61340  44.30    47.320    1
  53.4060        5.9600       1.49700  81.50    47.320    1
  380.9190       16.8900      1.00000  0.00     47.320    0
  -101.3130      1.0000       1.77250  49.60    23.260    1
  28.9840        2.8500       2.05090  26.90    23.260    1
  55.7460        41.7100      1.00000  0.00     23.260    0
  stop           0.6000       1.00000  0.00     21.494    0
  29.3960        5.4900       1.48749  70.20    23.410    1
  -59.4410       5.7600       1.00000  0.00     23.410    0
  -31.1940       1.3000       2.00100  29.10    20.460    1
  -75.0810       11.1400      1.00000  0.00     20.460    0
  415.2560       3.5000       1.48749  70.20    20.770    1
  -30.7190       6.3700       1.00000  0.00     20.770    0
  49.6410        3.0000       1.53110  55.90    19.330    1
  47.7930        18.9500      1.00000  0.00     19.330    0
  -992.3870      2.2200       1.84666  23.90    20.020    1
  -42.6880       0.9500       1.80400  46.50    20.020    1
  39.9700        48.2600      1.00000  0.00     20.020    0
