# Canon EF-M55-200mm f4.5-6.3 IS STM
#
# Patent: JP2017-161933
# Converted from photonstophotos.net Optical Bench data
# 31 surfaces, 18 glass elements, f/4.5

name: Canon EF-M55-200mm f4.5-6.3 IS STM
focal_length: 56.60

surfaces:
# radius       thickness    ior      abbe     semi_ap   coating
  47.5790        3.0000       1.48749  70.20    32.310    1
  187.6230       0.2000       1.00000  0.00     32.310    0
  72.4010        1.5000       1.80610  40.90    30.200    1
  32.0250        5.2000       1.48749  70.20    30.200    1
  -270.2700      1.4000       1.00000  0.00     30.200    0
  -108.4860      0.9000       1.72000  50.20    19.060    1
  16.9050        2.7000       1.84666  23.90    19.060    1
  41.9310        2.0100       1.00000  0.00     16.860    0
  -34.5590       0.9000       1.77250  49.60    16.860    1
  270.2700       15.3500      1.00000  0.00     19.060    0
  21.7160        3.6000       1.66672  48.30    19.450    1
  -147.6080      1.9000       1.00000  0.00     19.450    0
  16.0440        5.0000       1.49700  81.50    18.490    1
  -65.3740       0.9000       1.84666  23.90    18.490    1
  32.2330        2.9000       1.00000  0.00     15.340    0
  stop           3.1000       1.00000  0.00     13.282    0
  98.0010        2.2000       1.58313  59.40    16.390    1
  5000.0000      3.5000       1.00000  0.00     14.250    0
  -74.9870       1.5000       1.80610  33.30    12.280    1
  -18.5820       0.6000       1.69350  53.20    12.280    1
  24.8300        3.0000       1.00000  0.00     10.860    0
  18.0040        2.8000       1.48749  70.20    12.720    1
  -32.6420       2.0000       1.00000  0.00     12.720    0
  258.3130       0.6000       1.69680  55.50    12.320    1
  11.2940        2.0000       1.54072  47.20    12.320    1
  29.8360        12.6200      1.00000  0.00     12.320    0
  -28.5430       3.3000       1.76200  40.10    18.290    1
  -13.6190       1.0000       1.51633  64.10    18.290    1
  -72.5480       15.0000      1.00000  0.00     18.290    0
  0              1.5000       1.54400  60.00    40.340    1
  0              1.7300       1.00000  0.00     40.340    0
