# Canon FL100mm F3.5
#
# Patent: JP1954-005476
# Converted from photonstophotos.net Optical Bench data
# 10 surfaces, 5 glass elements, f/3.5

name: Canon FL100mm F3.5
focal_length: 100.00

surfaces:
# radius       thickness    ior      abbe     semi_ap   coating
  40.0000        6.0000       1.62280  56.90    29.560    1
  -40.4000       1.4000       1.62000  36.60    29.560    1
  143.0000       6.6500       1.00000  0.00     27.210    0
  30.2500        2.0000       1.60310  60.70    29.470    1
  44.5000        12.5000      1.00000  0.00     29.470    0
  stop           3.5000       1.00000  0.00     17.551    0
  -140.0000      1.5000       1.52630  51.00    19.470    1
  20.3100        9.3000       1.00000  0.00     15.470    0
  41.2500        2.0000       1.62370  47.00    18.630    1
  -785.8900      48.9500      1.00000  0.00     18.630    0
