# Canon EF24-70mm f2.8L II USM
#
# Patent: US008736971
# Converted from photonstophotos.net Optical Bench data
# 33 surfaces, 18 glass elements, f/2.9

name: Canon EF24-70mm f2.8L II USM
focal_length: 24.70

surfaces:
# radius       thickness    ior      abbe     semi_ap   coating
  203.8440       2.1000       1.84666  23.90    68.040    1
  72.0220        7.4100       1.77250  49.60    64.080    1
  330.8930       0.1500       1.00000  0.00     68.440    0
  56.1520        6.7300       1.77250  49.60    58.740    1
  146.2140       2.7500       1.00000  0.00     56.980    0
  108.8330       1.6000       1.88300  40.80    33.620    1
  16.5350        7.9600       1.00000  0.00     24.880    0
  -46.3350       1.1500       1.59522  67.70    23.660    1
  21.5020        4.1800       1.88300  40.80    21.060    1
  66.9870        1.4300       1.00000  0.00     23.800    0
  126.2170       3.1000       1.59270  35.30    21.600    1
  -49.9360       1.6200       1.00000  0.00     21.600    0
  -23.4590       1.1500       1.72916  54.70    22.160    1
  432.8410       2.7600       1.84666  23.90    24.760    1
  -57.4780       13.7600      1.00000  0.00     24.760    0
  stop           1.9000       1.00000  0.00     18.596    0
  0              0.0000       1.00000  0.00     27.000    0
  27.5630        1.4500       1.88300  40.80    30.080    1
  21.2720        11.0300      1.49700  81.50    30.080    1
  -66.4830       0.2000       1.00000  0.00     30.080    0
  43.0190        2.7000       1.58313  59.40    29.400    1
  63.1980        4.6700       1.00000  0.00     29.400    0
  -45.0030       1.4000       1.72047  34.70    29.400    1
  -151.8400      8.7900       1.00000  0.00     29.400    0
  31.0490        6.9400       1.43875  94.90    31.020    1
  -216.8660      0.2000       1.00000  0.00     31.020    0
  47.2210        5.8600       1.49700  81.50    31.020    1
  -71.3260       1.9000       1.00000  0.00     31.020    0
  -208.0680      2.1300       1.85006  40.20    29.260    1
  86.1930        2.7600       1.00000  0.00     29.260    0
  -613.6770      1.4000       1.83400  37.20    29.480    1
  57.8640        5.2900       1.51633  64.10    29.480    1
  -61.6690       38.0800      1.00000  0.00     29.480    0
