# Canon EF135mm f2.8 Soft Focus
#
# Patent: US004826301
# Converted from photonstophotos.net Optical Bench data
# 14 surfaces, 7 glass elements, f/3.4

name: Canon EF135mm f2.8 Soft Focus
focal_length: 135.00

surfaces:
# radius       thickness    ior      abbe     semi_ap   coating
  50.6700        9.0000       1.62299  58.20    45.830    1
  -2495.0100     0.1500       1.00000  0.00     45.830    0
  92.4600        5.5000       1.62299  60.70    45.830    1
  -376.3200      1.7100       1.00000  0.00     45.830    0
  -195.5300      2.2000       1.80518  25.40    43.990    1
  133.0100       0.8000       1.00000  0.00     38.230    0
  30.4400        2.6000       1.58313  59.40    37.350    1
  26.2300        17.5700      1.00000  0.00     33.060    0
  stop           6.0000       1.00000  0.00     23.095    0
  -93.0400       2.7000       1.75520  27.50    25.830    1
  -42.0300       1.3900       1.54072  47.20    25.830    1
  38.3900        19.8000      1.00000  0.00     25.830    0
  92.5100        5.3000       1.48749  70.20    27.720    1
  -68.9200       59.5800      1.00000  0.00     27.720    0
