# US 8,970,966 Example 3
#
# Patent: US008970966
# Converted from photonstophotos.net Optical Bench data
# 11 surfaces, 6 glass elements, f/2.8

name: US 8,970,966 Example 3
focal_length: 35.00

surfaces:
# radius       thickness    ior      abbe     semi_ap   coating
  31.1100        2.7100       1.81600  46.60    20.000    1
  64.7050        1.2000       1.48749  70.20    18.320    1
  8.8340         1.5800       1.00000  0.00     13.990    0
  10.6830        5.0100       1.51823  58.90    13.360    1
  49.7510        2.2300       1.00000  0.00     11.830    0
  stop           4.3200       1.00000  0.00     11.580    0
  -10.5530       2.2200       1.84666  23.80    11.310    1
  -31.8370       1.8200       1.77250  49.60    12.900    1
  -19.8710       0.3500       1.00000  0.00     13.540    0
  -127.7010      3.5700       1.77250  49.60    15.600    1
  -14.9600       38.0100      1.00000  0.00     16.820    0
