# US 8,670,193 Example 1
#
# Patent: US008670193
# Converted from photonstophotos.net Optical Bench data
# 21 surfaces, 12 glass elements, f/1.4

name: US 8,670,193 Example 1
focal_length: 51.70

surfaces:
# radius       thickness    ior      abbe     semi_ap   coating
  223.8486       2.3200       1.56883  56.36    49.300    1
  44.7577        21.3900      1.00000  0.00     45.020    0
  88.1828        3.5100       1.81600  46.62    44.210    1
  1228.5981      2.4000       1.59270  35.31    44.210    1
  236.3357       9.8500       1.00000  0.00     44.190    0
  90.1801        5.0000       1.77250  49.60    45.400    1
  -1662.6736     0.1500       1.00000  0.00     45.080    0
  36.0925        10.3000      1.81600  46.62    42.730    1
  -813.5864      0.5100       1.00000  0.00     40.300    0
  -607.1973      2.2000       1.72047  34.70    39.450    1
  25.8091        6.7700       1.00000  0.00     32.480    0
  stop           3.8800       1.00000  0.00     32.110    0
  -46.7115       1.9000       1.73800  32.26    31.700    1
  34.4670        1.5900       1.62898  19.35    32.610    1
  51.2951        10.8000      1.81600  46.62    32.640    1
  -33.8333       0.2000       1.00000  0.00     33.010    0
  -33.3060       1.8000       1.72047  34.70    32.860    1
  45.5544        7.0000       1.81600  46.62    33.310    1
  -84.2793       0.1500       1.00000  0.00     33.320    0
  191.2213       3.8000       1.81600  46.62    32.520    1
  -106.1784      42.2900      1.00000  0.00     32.050    0
