# Canon EF300mm f2.8L IS USM
#
# Patent: US006115188
# Converted from photonstophotos.net Optical Bench data
# 29 surfaces, 16 glass elements, f/2.9

name: Canon EF300mm f2.8L IS USM
focal_length: 293.58

surfaces:
# radius       thickness    ior      abbe     semi_ap   coating
  130.1540       16.5600      1.49700  81.50    102.900   1
  -352.5890      14.1100      1.00000  0.00     102.900   0
  96.0040        11.0200      1.49700  81.50    87.100    1
  793.0950       4.0700       1.00000  0.00     85.000    0
  -311.6970      4.0000       1.78590  44.20    85.000    1
  127.6040       0.1500       1.00000  0.00     79.000    0
  79.4670        13.8800      1.43387  95.10    77.700    1
  -483.7550      0.1700       1.00000  0.00     77.700    0
  51.0830        5.9000       1.48749  70.20    66.100    1
  40.1340        26.7100      1.00000  0.00     58.600    0
  1686.8850      4.6100       1.80518  25.40    48.800    1
  -107.6600      2.2000       1.83481  42.70    48.800    1
  94.2650        40.4000      1.00000  0.00     45.500    0
  stop           8.5100       1.00000  0.00     36.204    0
  79.4900        1.8000       1.84666  23.90    34.900    1
  35.2390        7.2000       1.71999  50.20    34.900    1
  -238.1140      0.9500       1.00000  0.00     34.900    0
  129.7200       4.2500       1.84666  23.90    33.900    1
  -97.4250       1.6500       1.60311  60.60    33.900    1
  36.6580        5.5200       1.00000  0.00     29.800    0
  -76.0510       1.6000       1.77250  49.60    29.800    1
  66.2470        2.8200       1.00000  0.00     32.800    0
  78.6460        9.3000       1.71999  50.20    37.800    1
  -39.5860       1.8000       1.83400  37.20    37.800    1
  -155.6990      4.0000       1.00000  0.00     37.800    0
  81.7510        5.5000       1.69680  55.50    42.000    1
  0              8.0000       1.00000  0.00     42.000    0
  0              2.0000       1.51633  64.10    50.200    1
  0              59.3200      1.00000  0.00     50.200    0
