# Canon FD300mm f5.6
#
# Patent: JP1972-008749
# Converted from photonstophotos.net Optical Bench data
# 12 surfaces, 6 glass elements, f/5.6

name: Canon FD300mm f5.6
focal_length: 300.00

surfaces:
# radius       thickness    ior      abbe     semi_ap   coating
  62.7780        10.6680      1.48749  70.00    53.960    1
  -1089.3120     0.5160       1.00000  0.00     53.960    0
  61.8000        7.9140       1.48749  70.00    50.620    1
  216.8790       8.4600       1.00000  0.00     50.620    0
  -1151.1900     3.3840       1.78590  44.00    44.520    1
  40.6710        7.4670       1.47069  67.20    44.520    1
  116.5620       40.8910      1.00000  0.00     44.520    0
  stop           46.5500      1.00000  0.00     25.936    0
  -34.7910       2.4000       1.71300  53.90    27.880    1
  -231.4230      5.6430       1.00000  0.00     27.880    0
  812.6370       8.9070       1.59270  35.40    27.120    1
  -55.0380       73.4400      1.00000  0.00     27.120    0
