# Canon Extender EF2X
#
# Patent: JP1988-106715
# Converted from photonstophotos.net Optical Bench data
# 12 surfaces, 7 glass elements

name: Canon Extender EF2X
focal_length: 50.00

surfaces:
# radius       thickness    ior      abbe     semi_ap   coating
  101.2270       2.3000       1.69100  54.80    26.640    1
  28.1860        2.2000       1.00000  0.00     24.520    0
  36.8410        7.9300       1.59270  35.30    24.320    1
  -41.8410       2.2800       1.00000  0.00     24.320    0
  -52.4580       4.6300       1.60342  38.00    20.480    1
  -19.3730       1.5000       1.80610  40.90    20.480    1
  19.5060        6.3400       1.58144  40.70    20.780    1
  -385.8820      12.1900      1.00000  0.00     20.780    0
  246.4350       6.0000       1.51112  60.50    26.600    1
  -25.7850       0.1500       1.00000  0.00     26.600    0
  -88.8020       1.5000       1.77250  49.60    26.520    1
  91.1260        54.0500      1.00000  0.00     26.520    0
