# Canon New FD800mm f5.6L
#
# Patent: JP1980-100519
# Converted from photonstophotos.net Optical Bench data
# 12 surfaces, 6 glass elements, f/5.6

name: Canon New FD800mm f5.6L
focal_length: 800.00

surfaces:
# radius       thickness    ior      abbe     semi_ap   coating
  516.9440       17.8880      1.49700  81.60    142.860   1
  -247.5040      18.7280      1.00000  0.00     142.860   0
  -217.3040      6.6800       1.61340  43.80    134.070   1
  1151.7840      2.1680       1.00000  0.00     134.070   0
  308.0320       13.0560      1.54771  62.90    133.830   1
  -1078.8320     286.3440     1.00000  0.00     133.830   0
  46.4640        5.1360       1.58913  61.10    50.510    1
  43.5120        22.8080      1.00000  0.00     50.510    0
  190.4480       4.1120       1.75520  27.50    53.560    1
  409.9120       3.0800       1.71300  53.90    53.560    1
  112.1840       54.4700      1.00000  0.00     53.560    0
  stop           175.0000     1.00000  0.00     31.378    0
