# Canon EF200mm f1.8L USM
#
# Patent: JP1989-102413
# Converted from photonstophotos.net Optical Bench data
# 19 surfaces, 10 glass elements, f/1.9

name: Canon EF200mm f1.8L USM
focal_length: 200.00

surfaces:
# radius       thickness    ior      abbe     semi_ap   coating
  123.1200       19.0000      1.49700  81.60    107.810   1
  -430.5900      0.7200       1.00000  0.00     107.810   0
  89.9810        13.2000      1.49700  81.60    95.600    1
  255.6520       6.0000       1.00000  0.00     92.560    0
  -704.1060      4.7000       1.65412  39.70    92.640    1
  110.4050       18.0000      1.00000  0.00     84.700    0
  67.2740        15.5500      1.49700  61.60    77.050    1
  502.8390       0.5000       1.00000  0.00     73.920    0
  44.7660        4.5000       1.69680  55.50    62.440    1
  34.9410        21.0000      1.00000  0.00     55.450    0
  -1069.6760     6.0000       1.84666  23.90    50.060    1
  -106.3630      2.5000       1.61340  43.80    49.030    1
  57.1990        25.5000      1.00000  0.00     44.860    0
  stop           6.7000       1.00000  0.00     38.501    0
  -35.1350       4.4000       1.65412  39.70    38.840    1
  -475.9310      8.4900       1.65160  58.60    42.080    1
  -42.4930       0.1500       1.00000  0.00     42.980    0
  96.8930        5.5000       1.61800  63.40    41.620    1
  -241.3150      72.0900      1.00000  0.00     41.620    0
