# Canon EF-S 24mm f2.8 STM with 2.01x EF-S to RF TC
#
# Patent: US20190391364
# Converted from photonstophotos.net Optical Bench data
# 27 surfaces, 14 glass elements, f/5.8

name: Canon EF-S 24mm f2.8 STM with 2.01x EF-S to RF TC
focal_length: 49.27

surfaces:
# radius       thickness    ior      abbe     semi_ap   coating
  23.7060        2.8300       1.91082  35.30    16.130    1
  63.1840        0.2500       1.00000  0.00     14.420    0
  22.2660        0.9000       1.48749  70.20    12.890    1
  7.2130         4.0000       1.00000  0.00     10.110    0
  0              3.2600       1.00000  0.00     8.130     0
  stop           3.2400       1.00000  0.00     8.780     0
  -16.3210       4.8200       1.69680  55.50    9.300     1
  -8.4000        0.8000       1.80610  33.30    11.370    1
  -36.4380       0.2000       1.00000  0.00     13.670    0
  227.5370       4.3900       1.59522  67.70    15.230    1
  -15.5470       0.9000       1.00000  0.00     16.720    0
  -34.8420       3.5500       1.58313  59.40    17.760    1
  -15.0350       4.1900       1.00000  0.00     18.940    0
  71.6030        1.2000       2.05090  26.90    25.500    1
  17.3340        9.1000       1.85478  24.80    24.200    1
  -55.8560       0.4500       1.00000  0.00     24.000    0
  -83.8370       1.2000       2.00100  29.10    23.400    1
  15.2570        8.1500       1.80810  22.80    22.500    1
  -109.9420      3.4500       1.00000  0.00     22.800    0
  -36.4770       1.2000       2.05090  26.90    22.800    1
  53.5170        0.2000       1.00000  0.00     24.300    0
  38.5860        4.7000       1.53172  48.80    26.200    1
  -174.5170      6.9500       1.00000  0.00     27.200    0
  -127.6840      1.6000       2.00100  29.10    32.500    1
  424.7630       4.6500       1.00000  0.00     33.500    0
  -73.6680       10.0000      1.51742  52.40    35.200    1
  -24.0170       11.0000      1.00000  0.00     37.900    0
