# Canon RF800mm F5.6 L IS USM
#
# Patent: EP4215968
# Converted from photonstophotos.net Optical Bench data
# 43 surfaces, 25 glass elements, f/5.9

name: Canon RF800mm F5.6 L IS USM
focal_length: 780.00

surfaces:
# radius       thickness    ior      abbe     semi_ap   coating
  148.8730       15.6400      1.59349  67.00    135.180   1
  588.0630       117.9000     1.00000  0.00     135.180   0
  89.4760        14.5500      1.43700  95.10    79.300    1
  -297.6750      0.2000       1.00000  0.00     76.920    0
  -288.3740      2.1000       1.80610  33.30    76.920    1
  66.3590        2.0600       1.00000  0.00     72.300    0
  66.6910        12.9300      1.43700  95.10    71.540    1
  14668.5980     17.0500      1.00000  0.00     71.540    0
  64.2980        6.2100       1.89286  20.40    63.380    1
  132.5930       0.3200       1.00000  0.00     63.380    0
  69.4420        2.7200       1.83400  37.20    60.600    1
  38.7100        9.6700       1.43875  94.70    54.780    1
  95.4650        9.6500       1.00000  0.00     60.080    0
  stop           4.5000       1.00000  0.00     45.578    0
  -477.3640      1.9000       1.61800  63.40    44.740    1
  61.8270        32.2100      1.00000  0.00     43.000    0
  115.6250       2.1000       1.89286  20.40    37.240    1
  72.0370        7.2000       1.53172  48.80    37.240    1
  -92.1750       2.1000       1.00000  0.00     37.240    0
  110.4620       5.1300       1.80610  33.30    33.040    1
  -136.7400      1.6000       1.53775  74.70    33.040    1
  39.0520        4.9100       1.00000  0.00     29.280    0
  -91.7210       1.6000       1.72916  54.70    28.240    1
  73.9530        6.7500       1.00000  0.00     28.240    0
  87.2650        6.0000       1.65412  39.70    28.840    1
  -746.5620      2.7500       1.00000  0.00     28.840    0
  92.6180        10.2300      1.72047  34.70    27.800    1
  -56.8360       2.1000       1.80810  22.80    27.800    1
  -669.7310      1.6400       1.00000  0.00     27.800    0
  145.5320       1.4000       1.92286  20.90    24.880    1
  64.3980        6.1200       1.49700  81.50    24.920    1
  -62.1200       3.3000       1.00000  0.00     24.920    0
  -93.1290       1.3000       1.77250  49.60    21.200    1
  21.1070        10.1500      1.71736  29.50    21.200    1
  -32.8870       0.9000       1.00000  0.00     21.200    0
  -24.5830       1.5000       1.72916  54.70    22.440    1
  38.4460        9.5100       1.54072  47.20    22.440    1
  -22.3960       0.3800       1.00000  0.00     22.440    0
  -35.3680       1.3000       1.65160  58.50    22.440    1
  45.8560        0.3000       1.00000  0.00     22.440    0
  38.4880        8.0500       1.73800  32.30    23.360    1
  -25.0870       1.3000       1.92286  20.90    23.360    1
  -714.7780      87.8800      1.00000  0.00     23.360    0
