# Canon FD35-70mm f2.8-3.5 SSC
#
# Patent: US003848969
# Converted from photonstophotos.net Optical Bench data
# 21 surfaces, 10 glass elements, f/3.5

name: Canon FD35-70mm f2.8-3.5 SSC
focal_length: 35.00

surfaces:
# radius       thickness    ior      abbe     semi_ap   coating
  77.9800        2.2680       1.74077  27.80    45.430    1
  30.1105        9.4535       1.00000  0.00     40.820    0
  -355.9710      5.3830       1.61293  37.00    39.650    1
  -48.3385       0.1960       1.00000  0.00     39.650    0
  -52.5595       1.4805       1.71300  54.00    36.520    1
  37.8105        1.3650       1.00000  0.00     36.520    0
  41.8145        4.5290       1.71736  29.50    35.310    1
  147.1890       0.0980       1.00000  0.00     35.310    0
  49.7210        4.3260       1.58144  40.70    34.170    1
  176.6660       46.2770      1.00000  0.00     34.170    0
  78.1585        2.8595       1.69680  55.70    27.900    1
  -291.5360      0.0980       1.00000  0.00     27.900    0
  34.7725        3.5350       1.62041  60.30    27.680    1
  108.7170       0.0980       1.00000  0.00     27.680    0
  26.9955        3.7205       1.60311  60.70    26.130    1
  74.2980        2.0910       1.00000  0.00     25.350    0
  stop           2.2000       1.00000  0.00     16.535    0
  398.6535       3.5875       1.80518  25.40    22.250    1
  19.3480        6.1635       1.00000  0.00     19.450    0
  -7954.8350     3.4510       1.70154  41.10    19.630    1
  -44.6215       43.9100      1.00000  0.00     19.630    0
