# Canon FD150-600mm f5.6L
#
# Patent: US004110006
# Converted from photonstophotos.net Optical Bench data
# 35 surfaces, 19 glass elements, f/5.6

name: Canon FD150-600mm f5.6L
focal_length: 150.00

surfaces:
# radius       thickness    ior      abbe     semi_ap   coating
  344.1010       8.3400       1.48749  70.10    103.360   1
  -621.3840      0.2000       1.00000  0.00     103.360   0
  145.3550       8.1600       1.48749  70.10    100.740   1
  399.7670       27.9660      1.00000  0.00     100.740   0
  1756.3580      4.6100       1.77250  49.70    89.430    1
  237.9410       4.4900       1.00000  0.00     89.430    0
  470.7980       4.4900       1.80610  40.90    87.980    1
  181.3400       40.0300      1.00000  0.00     87.980    0
  316.0690       8.1500       1.43387  95.10    86.840    1
  -354.9210      0.1500       1.00000  0.00     86.840    0
  145.1350       7.0700       1.43387  95.10    85.220    1
  465.7580       3.0000       1.00000  0.00     85.220    0
  714.0280       3.9000       1.51633  64.10    81.360    1
  336.5520       1.6260       1.00000  0.00     81.360    0
  -726.8200      1.5000       1.64250  58.40    34.720    1
  60.4240        8.1500       1.00000  0.00     34.720    0
  -64.4220       1.5000       1.64250  58.40    36.360    1
  64.4220        4.0500       1.80518  25.40    36.360    1
  2507.3800      39.8230      1.00000  0.00     36.360    0
  stop           2.2000       1.00000  0.00     35.599    0
  531.6700       4.4500       1.60311  60.70    37.550    1
  -75.6210       2.0000       1.00000  0.00     37.550    0
  122.7300       5.3000       1.48749  70.10    39.200    1
  -78.1640       1.5000       1.83400  37.20    39.200    1
  0              115.3270     1.00000  0.00     39.200    0
  158.7600       3.3500       1.48749  70.10    37.650    1
  -297.2700      0.4000       1.00000  0.00     37.650    0
  50.0000        6.5000       1.49700  81.30    36.320    1
  -330.0000      2.0000       1.59551  39.20    36.320    1
  75.6210        43.2000      1.00000  0.00     36.320    0
  -256.4700      1.5000       1.53375  55.50    28.650    1
  88.5090        2.1500       1.00000  0.00     28.650    0
  181.9800       1.5000       1.79952  42.20    29.140    1
  35.7010        4.9000       1.62004  36.30    29.140    1
  -121.9400      120.5000     1.00000  0.00     29.140    0
