# Canon EF300mm f4L IS USM
#
# Patent: US006618197
# Converted from photonstophotos.net Optical Bench data
# 25 surfaces, 14 glass elements, f/4.1

name: Canon EF300mm f4L IS USM
focal_length: 300.02

surfaces:
# radius       thickness    ior      abbe     semi_ap   coating
  190.7260       9.5000       1.43875  95.00    73.180    1
  -169.5100      1.0000       1.00000  0.00     73.180    0
  125.7580       6.7000       1.48749  70.20    69.940    1
  2432.6740      4.0000       1.00000  0.00     69.940    0
  -211.3410      3.5000       1.80610  41.00    68.940    1
  485.6330       45.0000      1.00000  0.00     68.940    0
  81.3840        6.8000       1.48749  70.20    54.600    1
  -1094.0890     0.3000       1.00000  0.00     54.600    0
  54.4340        3.0000       1.67270  32.10    50.260    1
  44.8280        17.1000      1.00000  0.00     47.260    0
  stop           4.9000       1.00000  0.00     41.433    0
  477.0970       3.0000       1.80518  25.40    39.940    1
  -263.3320      2.0000       1.69680  55.50    39.940    1
  81.6650        25.5000      1.00000  0.00     36.820    0
  69.5920        1.6000       1.84666  23.90    30.940    1
  31.3910        5.8000       1.60323  42.30    30.940    1
  -197.2410      7.0000       1.00000  0.00     30.940    0
  58.4690        4.0000       1.80518  25.40    28.940    1
  -109.3730      1.5000       1.69680  55.50    28.940    1
  26.9180        5.2000       1.00000  0.00     26.810    0
  -57.5990       1.5000       1.77250  49.60    26.810    1
  111.4420       1.5000       1.00000  0.00     28.600    0
  54.1210        7.8000       1.69680  55.50    32.600    1
  -36.9440       1.8000       1.85026  32.30    32.600    1
  -88.6760       80.0000      1.00000  0.00     32.600    0
