# Canon EF20-35mm f2.8L
#
# Patent: US005000550
# Converted from photonstophotos.net Optical Bench data
# 28 surfaces, 15 glass elements, f/2.8

name: Canon EF20-35mm f2.8L
focal_length: 20.60

surfaces:
# radius       thickness    ior      abbe     semi_ap   coating
  62.0000        2.2000       1.77250  49.60    46.580    1
  20.6190        10.4000      1.00000  0.00     35.320    0
  -394.5190      3.4000       1.61293  37.00    35.220    1
  -90.6460       3.6000       1.00000  0.00     35.220    0
  -52.9800       1.6000       1.88300  40.80    29.320    1
  53.1090        1.9400       1.00000  0.00     27.680    0
  58.0700        3.5000       1.84666  23.90    27.240    1
  -242.3920      17.4150      1.00000  0.00     27.240    0
  73.2700        1.2000       1.84666  23.90    21.090    1
  25.5880        4.6500       1.65160  58.50    21.090    1
  -47.6280       0.1500       1.00000  0.00     21.090    0
  26.8360        3.1400       1.65160  58.50    21.350    1
  130.9970       2.3070       1.00000  0.00     21.350    0
  stop           1.5000       1.00000  0.00     15.560    0
  -60.3660       1.1000       1.81600  46.60    18.280    1
  51.2940        2.1500       1.00000  0.00     18.280    0
  -37.3590       1.1000       1.69680  55.50    18.280    1
  27.9380        4.1000       1.80518  25.40    20.140    1
  -55.5660       5.9000       1.00000  0.00     20.140    0
  85.1810        3.0000       1.51633  64.10    21.560    1
  -110.7750      0.9100       1.00000  0.00     21.560    0
  68.5270        2.0000       1.76182  26.50    23.400    1
  37.2100        1.9300       1.00000  0.00     23.400    0
  1093.8050      3.8000       1.69680  55.50    24.920    1
  -37.1620       0.2000       1.00000  0.00     24.920    0
  464.0360       7.5000       1.65160  58.50    26.480    1
  -18.4930       1.4000       1.84666  23.90    26.480    1
  -55.9920       39.2800      1.00000  0.00     28.880    0
