# Canon 12.5-62.5mm f2.0-3.9 IS [PowerShot G1X2]
#
# Patent: US20150219882
# Converted from photonstophotos.net Optical Bench data
# 30 surfaces, 15 glass elements, f/2.1

name: Canon 12.5-62.5mm f2.0-3.9 IS [PowerShot G1X2]
focal_length: 12.84

surfaces:
# radius       thickness    ior      abbe     semi_ap   coating
  40.4870        1.1000       1.92286  18.90    33.160    1
  31.1620        4.7500       1.77250  49.60    31.020    1
  605.0340       0.9700       1.00000  0.00     33.080    0
  -471.9500      0.7500       1.91082  35.30    24.700    1
  12.9770        5.6500       1.00000  0.00     18.870    0
  -29.0350       0.6200       1.71300  53.90    18.870    1
  55.6870        0.0600       1.00000  0.00     19.420    0
  32.9280        2.2000       1.95906  17.50    19.780    1
  -323.9960      22.1100      1.00000  0.00     19.780    0
  0              -0.1000      1.00000  0.00     16.100    0
  17.8190        3.4000       1.76802  49.20    17.900    1
  -179.1320      0.1000       1.00000  0.00     17.900    0
  12.4490        3.1500       1.48749  70.20    15.940    1
  23.2160        0.5500       2.00069  25.50    15.940    1
  11.2760        2.3000       1.00000  0.00     13.380    0
  stop           3.2700       1.00000  0.00     12.515    0
  16.4520        2.1000       1.69350  53.20    12.980    1
  76.9440        1.1500       1.00000  0.00     12.980    0
  -96.1800       0.6500       1.80518  25.40    13.300    1
  42.0720        0.0000       1.00000  0.00     13.300    0
  42.0720        3.0500       1.48749  70.20    13.300    1
  -21.3400       1.6000       1.00000  0.00     13.640    0
  29.4060        1.4100       1.83400  37.20    14.280    1
  37.7770        1.5100       1.00000  0.00     14.280    0
  -36.2950       0.7000       1.85135  40.10    14.280    1
  34.7750        4.4900       1.00000  0.00     14.280    0
  26.9040        3.5000       1.91082  35.30    26.600    1
  200.0000       3.4100       1.00000  0.00     26.600    0
  0              1.5500       1.51633  64.10    52.940    1
  0              3.3100       1.00000  0.00     52.940    0
