# Canon 35mm f1.8
#
# Patent: US002854890
# Converted from photonstophotos.net Optical Bench data
# 12 surfaces, 7 glass elements, f/1.8

name: Canon 35mm f1.8
focal_length: 35.00

surfaces:
# radius       thickness    ior      abbe     semi_ap   coating
  20.2650        3.3950       1.65840  50.80    22.650    1
  62.5450        0.1750       1.00000  0.00     22.650    0
  12.9150        2.7650       1.65840  50.80    17.410    1
  20.0550        1.1200       1.69870  30.10    17.410    1
  9.3450         3.8030       1.00000  0.00     13.910    0
  stop           4.2470       1.00000  0.00     13.690    0
  -10.3950       1.9250       1.62040  60.30    13.350    1
  -7.5250        0.9100       1.57500  41.30    13.350    1
  -115.4650      2.4150       1.67790  55.30    16.490    1
  -14.7700       0.0350       1.00000  0.00     16.490    0
  148.7500       2.9050       1.69350  53.50    19.490    1
  -36.9950       24.2600      1.00000  0.00     19.490    0
