# Canon EF17-35mm f2.8L USM
#
# Patent: US005710669
# Converted from photonstophotos.net Optical Bench data
# 28 surfaces, 15 glass elements, f/2.9

name: Canon EF17-35mm f2.8L USM
focal_length: 17.50

surfaces:
# radius       thickness    ior      abbe     semi_ap   coating
  67.2500        2.0000       1.77250  49.60    46.610    1
  19.1200        15.7400      1.00000  0.00     34.510    0
  -55.1600       1.2000       1.83481  42.70    30.940    1
  114.5200       1.7000       1.00000  0.00     30.940    0
  168.5300       3.0000       1.80518  25.40    29.300    1
  -113.0400      19.1500      1.00000  0.00     29.300    0
  111.8400       1.0000       1.85026  32.30    22.320    1
  26.5500        4.5000       1.48749  70.20    22.320    1
  -85.8100       0.1500       1.00000  0.00     22.320    0
  36.2700        4.3500       1.74400  44.80    23.620    1
  -73.0400       0.8000       1.00000  0.00     23.620    0
  stop           2.4100       1.00000  0.00     15.776    0
  -80.8700       1.2000       1.88300  40.80    21.780    1
  172.4700       2.1300       1.00000  0.00     21.780    0
  -35.0000       2.1000       1.69680  55.50    21.780    1
  29.9000        4.2000       1.84666  23.90    23.260    1
  -142.6000      1.5000       1.00000  0.00     23.260    0
  0              7.8300       1.00000  0.00     23.810    0
  28.7500        4.7600       1.49700  81.60    27.120    1
  127.8500       5.6200       1.71300  53.80    27.120    1
  -29.0700       1.2000       1.84666  23.80    27.120    1
  -86.5600       0.2000       1.00000  0.00     27.120    0
  42.8500        1.3000       1.84666  23.80    27.220    1
  24.5800        1.3200       1.00000  0.00     27.140    0
  34.6700        7.4500       1.48749  70.20    27.140    1
  -32.0900       1.6000       1.83400  37.20    28.200    1
  -51.5400       0.0000       1.00000  0.00     27.500    0
  0              40.0600      1.00000  0.00     28.960    0
