# US 8,427,762 Example 3
#
# Patent: US008427762
# Converted from photonstophotos.net Optical Bench data
# 17 surfaces, 9 glass elements, f/2.0

name: US 8,427,762 Example 3
focal_length: 100.00

surfaces:
# radius       thickness    ior      abbe     semi_ap   coating
  138.0340       3.5200       1.84666  23.90    50.000    1
  738.0820       0.1500       1.00000  0.00     49.720    0
  47.2290        6.8600       1.59282  68.60    48.120    1
  227.6890       0.1500       1.00000  0.00     47.240    0
  35.2600        7.3800       1.59282  68.60    42.310    1
  155.8980       0.8900       1.00000  0.00     40.570    0
  196.1020       2.9100       1.76182  26.50    39.580    1
  26.9670        8.5100       1.00000  0.00     32.670    0
  stop           3.1800       1.00000  0.00     31.040    0
  -127.1450      2.4900       1.84666  23.90    29.780    1
  -59.3260       2.0000       1.51742  52.40    29.520    1
  40.9770        17.8600      1.00000  0.00     27.460    0
  120.5120       2.0000       1.84666  23.90    25.900    1
  32.4540        5.8900       1.80400  46.60    27.220    1
  108.8940       7.1800       1.00000  0.00     28.530    0
  73.7260        6.7600       1.90366  31.30    36.380    1
  -185.2550      42.2700      1.00000  0.00     37.000    0
