# Canon RF-S14-30mm F4-6.3 IS STM PZ
#
# Patent: JP2025-050505
# Converted from photonstophotos.net Optical Bench data
# 22 surfaces, 10 glass elements, f/4.1

name: Canon RF-S14-30mm F4-6.3 IS STM PZ
focal_length: 14.41

surfaces:
# radius       thickness    ior      abbe     semi_ap   coating
  0              0.0000       1.00000  0.00     26.920    0
  49.6830        1.2000       1.77250  49.60    26.810    1
  11.4390        6.5500       1.00000  0.00     19.160    0
  -52.6940       2.3800       1.53504  55.70    20.020    1
  83.2840        0.5800       1.00000  0.00     20.020    0
  77.1190        2.8600       1.84666  23.90    20.910    1
  -146.6270      16.9000      1.00000  0.00     20.910    0
  -788.6130      2.2700       1.48749  70.20    11.950    1
  -38.7500       3.2000       1.00000  0.00     11.950    0
  stop           0.0000       1.00000  0.00     8.940     0
  0              1.0000       1.00000  0.00     8.940     0
  16.0340        2.3400       1.80400  46.50    11.860    1
  33.6020        4.3000       1.00000  0.00     11.860    0
  12.7310        1.6000       1.95375  32.30    10.740    1
  7.4240         4.0500       1.49700  81.70    10.740    1
  -52.5660       2.5700       1.00000  0.00     10.740    0
  -31.2910       1.0000       1.63980  34.50    12.060    1
  22.7040        1.5200       1.00000  0.00     11.520    0
  -31.9610       1.9500       1.53504  55.70    11.520    1
  -19.1730       5.7400       1.00000  0.00     14.040    0
  -105.2520      3.9500       1.90043  37.40    27.960    1
  -32.5630       14.2000      1.00000  0.00     27.960    0
