# Canon 15-45mm f2.8-5.6 (PowerShot G1 X Mark III)
#
# Patent: JP2018-106021
# Converted from photonstophotos.net Optical Bench data
# 21 surfaces, 10 glass elements, f/2.9

name: Canon 15-45mm f2.8-5.6 (PowerShot G1 X Mark III)
focal_length: 15.45

surfaces:
# radius       thickness    ior      abbe     semi_ap   coating
  72.3850        0.8500       1.95375  32.30    26.300    1
  15.4670        4.3700       1.00000  0.00     22.100    0
  69.5900        1.4000       1.58254  59.40    22.100    1
  30.5980        0.1500       1.00000  0.00     21.600    0
  22.0150        2.1300       1.95906  17.50    21.780    1
  43.9650        20.7500      1.00000  0.00     21.240    0
  stop           1.8700       1.00000  0.00     10.624    0
  13.2180        2.6700       1.69350  53.20    12.340    1
  -451.6930      0.8500       1.00000  0.00     12.340    0
  19.0360        2.8800       2.00100  29.10    11.560    1
  -13.6190       0.6000       1.85478  24.80    11.560    1
  8.6570         2.0000       1.00000  0.00     8.920     0
  0              5.3500       1.00000  0.00     8.380     0
  432.4150       2.0500       1.76802  49.20    14.180    1
  -25.2010       2.6500       1.00000  0.00     14.180    0
  -24.7190       0.7000       1.80610  33.30    16.420    1
  -79.7640       5.4200       1.00000  0.00     17.260    0
  -71.0000       3.6000       1.53160  55.80    27.460    1
  -19.7740       7.9300       1.00000  0.00     27.460    0
  0              1.3300       1.51633  64.10    31.140    1
  0              0.5000       1.00000  0.00     31.140    0
