# US 9,310,592 Example 1
#
# Patent: US009310592
# Converted from photonstophotos.net Optical Bench data
# 50 surfaces, 27 glass elements, f/2.8

name: US 9,310,592 Example 1
focal_length: 17.00

surfaces:
# radius       thickness    ior      abbe     semi_ap   coating
  230.6340       3.0000       1.77250  49.60    88.270    1
  42.7850        29.5400      1.00000  0.00     69.600    0
  -81.3270       2.4000       1.77250  49.60    67.890    1
  253.7310       0.6300       1.00000  0.00     70.150    0
  152.9800       6.9700       1.95906  17.50    71.980    1
  -1363.9770     0.9300       1.00000  0.00     72.450    0
  171.6830       11.1700      1.60311  60.60    75.010    1
  -119.6650      4.8000       1.00000  0.00     75.240    0
  289.7660       10.6300      1.49700  81.50    74.300    1
  -121.9120      2.4000       1.84666  23.80    73.960    1
  -179.9900      0.1500       1.00000  0.00     74.070    0
  135.8310       2.2000       1.84665  23.80    71.310    1
  55.8860        13.2600      1.43875  94.90    67.690    1
  490.4550       0.1500       1.00000  0.00     67.350    0
  189.4440       6.2400       1.43387  95.10    67.250    1
  -460.1450      0.1500       1.00000  0.00     67.320    0
  196.6550       8.9600       1.77250  49.60    67.620    1
  -133.4270      0.8000       1.00000  0.00     67.430    0
  55.0410        1.0000       2.00100  29.10    33.940    1
  23.6470        6.9900       1.00000  0.00     29.920    0
  -74.2710       1.0000       1.72916  54.70    29.820    1
  65.1500        3.0000       1.00000  0.00     29.090    0
  42.7930        6.5400       1.78472  25.70    29.210    1
  -52.8680       0.6900       1.00000  0.00     28.610    0
  -41.5190       1.0000       1.83481  42.70    28.420    1
  -2429.2140     51.5900      1.00000  0.00     27.790    0
  -47.4810       1.0000       1.72916  54.70    27.050    1
  196.2550       2.7100       1.92286  18.90    28.280    1
  -525.8420      14.8700      1.00000  0.00     28.880    0
  stop           1.4600       1.00000  0.00     34.400    0
  533.2920       5.5900       1.60311  60.60    35.350    1
  -47.7820       0.1500       1.00000  0.00     35.890    0
  70.9820        7.7300       1.48749  70.20    35.930    1
  -45.6530       1.0000       2.00069  25.50    35.630    1
  -292.2090      0.1500       1.00000  0.00     36.030    0
  34.0780        5.9800       1.58913  61.10    36.460    1
  198.4400       25.0200      1.00000  0.00     35.850    0
  -612.9030      1.0000       1.88300  40.80    22.630    1
  27.6090        4.3200       1.92286  18.90    21.740    1
  -97.2300       3.0500       1.00000  0.00     21.330    0
  -39.3450       1.0000       2.00069  25.50    19.350    1
  32.9270        1.6400       1.00000  0.00     18.990    0
  56.0130        3.8300       1.48749  70.20    20.050    1
  -49.7820       8.9400       1.00000  0.00     21.080    0
  46.8570        6.8800       1.48749  70.20    28.990    1
  -40.0090       0.1500       1.00000  0.00     29.310    0
  75.8780        3.1700       1.48749  70.20    28.800    1
  12752.6830     2.1900       1.00000  0.00     28.430    0
  -50.6580       1.0000       1.84666  23.80    28.390    1
  -136.1740      46.0200      1.00000  0.00     28.630    0
