# Canon EF28-135mm f3.5-5.6 IS USM
#
# Patent: US006061180
# Converted from photonstophotos.net Optical Bench data
# 29 surfaces, 16 glass elements, f/3.6

name: Canon EF28-135mm f3.5-5.6 IS USM
focal_length: 28.89

surfaces:
# radius       thickness    ior      abbe     semi_ap   coating
  111.9940       2.0000       1.84666  23.80    57.100    1
  53.8440        8.0000       1.69680  55.50    57.100    1
  459.7650       0.2000       1.00000  0.00     57.100    0
  47.0620        6.2000       1.71300  53.80    51.460    1
  123.0910       2.0000       1.00000  0.00     51.460    0
  96.2120        1.2000       1.83481  42.70    28.420    1
  14.2590        5.8000       1.00000  0.00     21.520    0
  -68.0300       1.1000       1.80400  46.60    21.520    1
  52.6710        0.2000       1.00000  0.00     22.120    0
  24.8840        4.6000       1.84666  23.80    20.060    1
  -49.4240       0.3000       1.00000  0.00     18.360    0
  -38.0980       1.1000       1.83481  42.70    18.360    1
  67.1100        11.4000      1.00000  0.00     18.360    0
  stop           8.9000       1.00000  0.00     13.344    0
  26.7560        1.0000       1.84666  23.80    17.340    1
  15.7800        5.0000       1.60311  60.70    17.340    1
  -39.3860       0.8000       1.00000  0.00     17.340    0
  28.0820        3.9000       1.51742  52.40    17.160    1
  -28.5200       1.0000       1.83481  42.70    17.160    1
  1182.8520      1.8000       1.00000  0.00     17.160    0
  -51.3450       3.2000       1.80518  25.40    17.680    1
  -15.2190       1.0000       1.70154  41.20    17.680    1
  50.4870        12.5000      1.00000  0.00     17.680    0
  101.3960       3.5000       1.72342  38.00    28.600    1
  -118.8850      0.2000       1.00000  0.00     28.600    0
  57.9220        7.8000       1.58313  59.40    28.420    1
  -23.9560       2.0000       1.00000  0.00     28.420    0
  -25.3780       1.8000       1.84666  23.80    28.780    1
  -197.4980      40.0700      1.00000  0.00     28.780    0
