# JP 1964-010178 Example 1
#
# Patent: JP1964-010178
# Converted from photonstophotos.net Optical Bench data
# 13 surfaces, 7 glass elements, f/0.9

name: JP 1964-010178 Example 1
focal_length: 51.60

surfaces:
# radius       thickness    ior      abbe     semi_ap   coating
  75.3876        6.0372       1.79952  42.30    62.440    1
  300.1572       0.1032       1.00000  0.00     62.440    0
  47.6268        5.3148       1.67002  47.20    52.120    1
  84.6240        0.1032       1.00000  0.00     52.120    0
  28.0188        12.5904      1.69350  53.40    44.380    1
  -157.0188      3.2508       1.75520  27.50    44.380    1
  15.5832        7.5336       1.00000  0.00     26.630    0
  stop           4.1280       1.00000  0.00     26.440    0
  -23.8392       2.0640       1.59270  35.40    26.630    1
  64.4484        7.4820       1.78590  44.30    30.240    1
  -37.5648       0.1032       1.00000  0.00     30.240    0
  62.5908        5.9856       1.78590  44.30    35.600    1
  -67.2348       20.3700      1.00000  0.00     35.600    0
