# Canon EF50mm f1.8
#
# Patent: JP1987-087922
# Converted from photonstophotos.net Optical Bench data
# 12 surfaces, 6 glass elements, f/1.9

name: Canon EF50mm f1.8
focal_length: 51.60

surfaces:
# radius       thickness    ior      abbe     semi_ap   coating
  34.3000        4.5000       1.62280  57.00    30.990    1
  247.6500       2.4000       1.00000  0.00     30.990    0
  21.5100        4.3500       1.70154  41.20    25.610    1
  40.3100        0.9200       1.00000  0.00     24.150    0
  78.4400        1.4000       1.67270  32.10    25.610    1
  15.3200        6.7500       1.00000  0.00     19.970    0
  stop           4.9500       1.00000  0.00     19.292    0
  -15.8300       1.1000       1.69895  30.10    19.370    1
  135.9700       5.7000       1.79952  42.20    23.760    1
  -21.2400       0.1500       1.00000  0.00     23.760    0
  162.1500       3.0000       1.72000  50.20    23.600    1
  -49.9700       37.9300      1.00000  0.00     23.600    0
