# Canon EF200mm f2.8L II USM
#
# Patent: JP1993-027163
# Converted from photonstophotos.net Optical Bench data
# 17 surfaces, 9 glass elements, f/2.8

name: Canon EF200mm f2.8L II USM
focal_length: 195.20

surfaces:
# radius       thickness    ior      abbe     semi_ap   coating
  92.9100        10.9400      1.48749  70.20    71.780    1
  -325.6100      0.5000       1.00000  0.00     71.780    0
  59.2100        9.9000       1.49700  81.60    63.420    1
  346.9800       2.9900       1.00000  0.00     63.420    0
  -1971.0500     4.0000       1.80610  41.00    61.700    1
  71.9000        1.5800       1.00000  0.00     55.470    0
  49.7200        8.8000       1.49700  81.60    55.720    1
  216.0300       0.2300       1.00000  0.00     53.540    0
  39.5900        3.0000       1.58267  46.40    48.690    1
  30.0300        23.4000      1.00000  0.00     42.980    0
  stop           3.0000       1.00000  0.00     34.726    0
  -305.0000      3.8200       1.80518  25.40    34.760    1
  -56.3500       1.5000       1.63930  44.90    34.760    1
  48.8100        29.0000      1.00000  0.00     31.260    0
  147.5600       1.5000       1.68893  31.10    33.130    1
  53.4400        4.9000       1.78590  44.20    33.130    1
  -642.6800      69.8500      1.00000  0.00     33.130    0
