# Canon 28mm f2.8
#
# Patent: US002779239
# Converted from photonstophotos.net Optical Bench data
# 11 surfaces, 6 glass elements, f/2.8

name: Canon 28mm f2.8
focal_length: 28.00

surfaces:
# radius       thickness    ior      abbe     semi_ap   coating
  12.1212        1.3160       1.61660  36.60    14.340    1
  6.9020         2.3240       1.69700  54.70    11.420    1
  23.0720        0.0560       1.00000  0.00     11.420    0
  8.1200         1.9600       1.74000  28.20    9.980     1
  5.6588         2.3300       1.00000  0.00     7.460     0
  stop           2.9900       1.00000  0.00     6.919     0
  -5.8520        0.5880       1.68890  31.00    8.760     1
  -7.4788        0.0280       1.00000  0.00     10.000    0
  -36.1480       3.6680       1.65830  57.10    12.690    1
  -6.8880        0.8120       1.56730  42.80    12.690    1
  -10.9760       19.1900      1.00000  0.00     15.500    0
