# Canon EF28mm f2.8 IS USM
#
# Patent: JP2013-054269
# Converted from photonstophotos.net Optical Bench data
# 19 surfaces, 9 glass elements, f/2.9

name: Canon EF28mm f2.8 IS USM
focal_length: 28.60

surfaces:
# radius       thickness    ior      abbe     semi_ap   coating
  0              1.7000       1.00000  0.00     51.000    0
  62.2230        1.5300       1.60311  60.60    42.000    1
  26.7470        6.7500       1.00000  0.00     36.150    0
  277.1380       2.7900       1.77250  49.60    35.890    1
  -158.8520      7.0500       1.00000  0.00     35.240    0
  72.3980        1.1300       1.48749  70.20    23.440    1
  19.5300        10.0600      1.00000  0.00     20.540    0
  22.4470        3.4000       1.91082  35.30    13.990    1
  -42.5950       0.7200       1.73800  32.30    13.690    1
  29.2650        3.2800       1.00000  0.00     13.240    0
  stop           4.0900       1.00000  0.00     13.110    0
  105.8620       1.5900       1.72916  54.70    13.500    1
  -105.8620      3.5700       1.00000  0.00     13.500    0
  -13.7280       1.4500       1.74000  28.30    12.820    1
  -251.5950      4.3900       1.69680  55.50    15.180    1
  -18.4290       0.8000       1.00000  0.00     17.500    0
  -64.9830       3.2100       1.58313  59.40    19.470    1
  -19.8070       0.0000       1.00000  0.00     20.500    0
  0              38.2800      1.00000  0.00     23.780    0
