# JP 2020-139984 Example 1
#
# Patent: JP2020-139984
# Converted from photonstophotos.net Optical Bench data
# 25 surfaces, 12 glass elements, f/2.8

name: JP 2020-139984 Example 1
focal_length: 5.57

surfaces:
# radius       thickness    ior      abbe     semi_ap   coating
  30.7840        1.7500       2.00100  29.10    33.000    1
  10.1200        6.0400       1.00000  0.00     19.480    0
  20.4590        0.9500       1.85400  40.40    18.290    1
  10.7330        7.4100       1.00000  0.00     15.540    0
  -11.6790       1.0000       2.00100  29.10    14.480    1
  -102.2930      0.8200       1.00000  0.00     16.020    0
  -31.7140       2.6300       1.84666  23.80    16.100    1
  -15.1240       0.2500       1.00000  0.00     16.860    0
  -51.9940       3.0000       1.69895  30.10    17.280    1
  -16.4410       7.3600       1.00000  0.00     17.580    0
  0              13.0000      1.87070  40.70    12.800    1
  0              1.5000       1.00000  0.00     9.510     0
  stop           0.0300       1.00000  0.00     9.360     0
  21.7090        2.4400       1.48749  70.20    9.440     1
  -26.7830       0.7800       1.00000  0.00     9.370     0
  0              9.5000       1.87070  40.70    9.070     1
  0              2.2800       1.00000  0.00     7.800     0
  -15.4600       1.2400       1.58313  59.40    7.440     1
  -14.7070       0.3700       1.00000  0.00     8.090     0
  12.0300        3.4700       1.43875  94.70    9.130     1
  -21.1070       0.6300       1.00000  0.00     9.350     0
  -29.5230       0.7500       2.00100  29.10    9.310     1
  12.8550        0.8400       1.00000  0.00     9.600     0
  17.4930        4.4500       1.43875  94.70    10.830    1
  -10.8730       13.5100      1.00000  0.00     11.960    0
