# Canon EF-M22mm f2 STM
#
# Patent: US008854747
# Converted from photonstophotos.net Optical Bench data
# 14 surfaces, 7 glass elements, f/2.0

name: Canon EF-M22mm f2 STM
focal_length: 21.78

surfaces:
# radius       thickness    ior      abbe     semi_ap   coating
  -30.0230       0.7000       1.51742  52.40    14.900    1
  12.5430        0.9300       1.00000  0.00     13.300    0
  14.3310        3.2600       1.83481  42.70    13.900    1
  -61.9340       1.9400       1.00000  0.00     13.900    0
  stop           3.1400       1.00000  0.00     11.135    0
  19.4020        3.9800       1.88300  40.80    11.980    1
  -10.9410       0.8000       1.78472  25.70    11.980    1
  19.7410        3.2600       1.00000  0.00     11.730    0
  -8.4830        0.8000       1.62588  35.70    11.730    1
  -247.1570      0.2500       1.00000  0.00     15.730    0
  59.4140        5.6000       1.88300  40.80    19.150    1
  -15.7160       0.1500       1.00000  0.00     19.150    0
  -65.3860       2.3200       1.58313  59.40    19.800    1
  -26.4140       14.2000      1.00000  0.00     23.000    0
