# Canon EF14mm f2.8L USM
#
# Patent: JP1993-034592
# Converted from photonstophotos.net Optical Bench data
# 25 surfaces, 14 glass elements, f/2.8

name: Canon EF14mm f2.8L USM
focal_length: 14.20

surfaces:
# radius       thickness    ior      abbe     semi_ap   coating
  44.2190        3.1000       1.69680  55.50    68.520    1
  25.9920        11.3000      1.00000  0.00     49.460    0
  58.8920        5.8300       1.60311  60.70    48.950    1
  52.4680        0.1500       1.00000  0.00     44.940    0
  36.6870        1.7000       1.69680  55.50    40.710    1
  17.7860        6.4300       1.00000  0.00     29.720    0
  48.2850        1.3000       1.77250  49.60    33.080    1
  20.6780        8.2800       1.00000  0.00     24.750    0
  205.3740       1.5000       1.69680  55.50    24.440    1
  15.6680        10.1300      1.59551  39.20    20.990    1
  -47.6500       3.2500       1.00000  0.00     16.700    0
  57.5040        8.2100       1.56732  42.80    14.760    1
  -10.5990       1.5000       1.77250  49.60    14.760    1
  -14.3460       0.8300       1.00000  0.00     14.760    0
  -14.9900       0.9000       1.77250  49.60    13.680    1
  -42.7950       0.5000       1.00000  0.00     14.760    0
  stop           1.4000       1.00000  0.00     13.120    0
  86.9200        8.5300       1.60311  60.70    14.640    1
  -69.0930       4.0000       1.74320  49.30    19.680    1
  77.4550        0.6900       1.00000  0.00     15.440    0
  -172.3050      0.8000       1.92286  21.30    19.680    1
  32.0450        5.8500       1.48749  70.20    18.320    1
  -18.3980       0.1500       1.00000  0.00     19.270    0
  333.5940       3.3000       1.80400  46.60    23.450    1
  -37.9740       38.7200      1.00000  0.00     23.450    0
