# Canon 50mm f2.8
#
# Patent: US002838978
# Converted from photonstophotos.net Optical Bench data
# 8 surfaces, 4 glass elements, f/2.8

name: Canon 50mm f2.8
focal_length: 50.00

surfaces:
# radius       thickness    ior      abbe     semi_ap   coating
  18.9500        4.8500       1.65830  57.30    19.120    1
  460.2500       3.6000       1.00000  0.00     19.120    0
  -37.0500       1.3500       1.59300  34.30    15.230    1
  15.5000        2.0000       1.00000  0.00     14.050    0
  stop           1.0500       1.00000  0.00     14.036    0
  0              1.0500       1.51110  60.60    15.400    1
  17.4000        6.8000       1.69100  54.80    15.400    1
  -27.4500       39.5400      1.00000  0.00     15.400    0
