# Canon EF35mm f2 IS USM
#
# Patent: US20150205081
# Converted from photonstophotos.net Optical Bench data
# 19 surfaces, 10 glass elements, f/2.0

name: Canon EF35mm f2 IS USM
focal_length: 34.49

surfaces:
# radius       thickness    ior      abbe     semi_ap   coating
  107.8410       2.0000       1.48749  70.20    50.220    1
  36.3250        3.3700       1.00000  0.00     44.120    0
  60.9000        4.5300       1.77250  49.60    44.120    1
  253.3930       9.9100       1.00000  0.00     44.120    0
  478.3620       1.5000       1.58144  40.80    30.560    1
  19.0630        9.0500       1.00000  0.00     25.320    0
  32.4220        4.5500       1.88300  40.80    23.460    1
  -98.6230       3.9800       1.00000  0.00     23.460    0
  -54.4600       3.6400       1.88300  40.80    22.160    1
  -20.4630       1.0000       1.61293  37.00    22.160    1
  63.4220        3.2400       1.00000  0.00     22.160    0
  stop           2.6800       1.00000  0.00     20.101    0
  69.1800        2.2900       1.69680  55.50    20.960    1
  -128.0730      5.4600       1.00000  0.00     20.960    0
  -15.7460       0.9500       1.73800  32.30    19.540    1
  -131.4340      4.3700       1.59522  67.70    21.840    1
  -18.8620       0.2000       1.00000  0.00     21.840    0
  -91.8200       3.4800       1.58313  59.40    23.900    1
  -23.3650       38.3000      1.00000  0.00     23.900    0
