# Canon RF16mm F2.8 STM
#
# Patent: JP2022-085382
# Converted from photonstophotos.net Optical Bench data
# 17 surfaces, 9 glass elements, f/2.9

name: Canon RF16mm F2.8 STM
focal_length: 16.48

surfaces:
# radius       thickness    ior      abbe     semi_ap   coating
  27.1250        1.1000       1.60311  60.60    22.820    1
  9.7350         3.6700       1.00000  0.00     17.160    0
  30.4930        1.0000       1.48749  70.20    16.850    1
  10.5860        3.2100       1.00000  0.00     14.000    0
  40.1910        1.7100       1.83400  37.20    13.320    1
  -392.3600      5.4300       1.00000  0.00     13.320    0
  stop           1.8000       1.00000  0.00     9.672     0
  38.8570        6.2500       1.83481  42.70    12.920    1
  -8.1280        0.9000       1.90366  31.30    12.020    1
  -16.0450       4.6900       1.00000  0.00     13.040    0
  -16.5260       0.9200       1.68893  31.10    15.100    1
  19.7810        5.8000       1.59282  68.60    18.900    1
  -26.4120       0.9100       1.00000  0.00     18.900    0
  -50.0090       2.1000       1.53110  55.90    19.860    1
  -32.6150       6.7400       1.00000  0.00     21.420    0
  -109.1180      4.4200       1.62299  58.20    30.020    1
  -31.6580       12.5400      1.00000  0.00     31.800    0
