# Canon MP-E65mm f2.8 1-5X Macro Photo
#
# Patent: JP1999-281892
# Converted from photonstophotos.net Optical Bench data
# 19 surfaces, 10 glass elements

name: Canon MP-E65mm f2.8 1-5X Macro Photo
focal_length: 65.78

surfaces:
# radius       thickness    ior      abbe     semi_ap   coating
  28.0680        5.0900       1.74400  44.80    22.690    1
  1032.7110      0.1500       1.00000  0.00     22.690    0
  21.0120        4.8700       1.49700  81.50    19.990    1
  -57.4470       2.1600       1.58144  40.80    18.760    1
  14.3570        4.3000       1.00000  0.00     15.340    0
  stop           6.9600       1.00000  0.00     14.176    0
  -18.0440       4.5100       1.74950  35.00    13.990    1
  1922.3650      3.1200       1.48749  70.20    15.900    1
  -24.8370       0.1500       1.00000  0.00     15.900    0
  565.3840       3.3000       1.76200  40.10    17.770    1
  -45.4060       2.1200       1.00000  0.00     17.770    0
  -2244.2830     2.4700       1.58313  59.40    19.400    1
  -83.4030       3.2900       1.00000  0.00     19.400    0
  -44.6790       2.9500       1.80518  25.40    25.230    1
  -33.9130       2.5300       1.00000  0.00     25.230    0
  -39.5420       1.9700       1.57501  41.50    26.290    1
  39.5420        7.4800       1.00000  0.00     26.290    0
  61.3200        4.9200       1.74400  44.80    31.590    1
  -223.3690      74.9900      1.00000  0.00     31.590    0
