# US 8373933 Example 1
#
# Patent: US008373933
# Converted from photonstophotos.net Optical Bench data
# 22 surfaces, 11 glass elements, f/1.5

name: US 8373933 Example 1
focal_length: 25.00

surfaces:
# radius       thickness    ior      abbe     semi_ap   coating
  106.4760       2.8000       1.69680  55.50    52.620    1
  34.2370        7.2000       1.00000  0.00     43.990    0
  231.2000       2.3000       1.69680  55.50    43.780    1
  36.5440        5.4800       1.00000  0.00     39.800    0
  152.7880       5.3800       1.79952  42.20    39.730    1
  -73.2680       2.8700       1.00000  0.00     39.500    0
  52.6970        3.5000       1.84666  23.80    32.570    1
  125.8630       1.7000       1.43875  95.00    31.140    1
  25.6600        7.1000       1.00000  0.00     26.950    0
  0              7.4800       1.00000  0.00     24.900    0
  55.6540        7.3000       1.80400  46.60    28.320    1
  -44.3680       2.0000       1.00000  0.00     28.200    0
  -160.5940      1.4800       1.75520  27.50    25.630    1
  83.0040        3.1300       1.00000  0.00     24.750    0
  stop           8.6800       1.00000  0.00     24.100    0
  -17.4720       1.5000       1.84666  23.80    22.790    1
  42.2140        6.7500       1.60300  65.40    27.560    1
  -26.9110       0.1500       1.00000  0.00     28.330    0
  -160.6230      6.0000       1.43875  95.00    30.480    1
  -24.6260       0.1500       1.00000  0.00     31.320    0
  -273.8310      7.2500       1.73000  26.00    36.050    1
  -30.4090       40.4300      1.00000  0.00     37.090    0
