# Canon EF70-200mm f2.8L USM
#
# Patent: US005537259
# Converted from photonstophotos.net Optical Bench data
# 34 surfaces, 18 glass elements, f/2.9

name: Canon EF70-200mm f2.8L USM
focal_length: 72.10

surfaces:
# radius       thickness    ior      abbe     semi_ap   coating
  311.9190       2.8000       1.74950  35.00    73.050    1
  118.6300       0.4200       1.00000  0.00     73.050    0
  128.1350       8.6800       1.49700  81.60    70.950    1
  -263.4740      0.1000       1.00000  0.00     70.950    0
  79.5010        5.7200       1.49700  81.60    64.910    1
  203.1910       8.7800       1.00000  0.00     64.910    0
  54.3910        2.2000       1.84666  23.80    56.290    1
  45.8590        1.1300       1.00000  0.00     52.450    0
  51.9270        8.5500       1.48749  70.20    54.000    1
  5099.2960      1.6400       1.00000  0.00     54.000    0
  -488.6000      1.4000       1.80400  46.60    37.310    1
  35.3900        5.8800       1.00000  0.00     32.790    0
  -78.1250       1.4000       1.48749  70.20    32.790    1
  38.1370        4.9700       1.84666  23.90    37.310    1
  417.4780       2.6500       1.00000  0.00     33.510    0
  -66.8020       1.4000       1.72916  54.70    33.510    1
  -3362.9710     30.3200      1.00000  0.00     37.310    0
  247.1200       3.4900       1.69680  55.50    38.280    1
  -99.9020       0.1500       1.00000  0.00     38.280    0
  -189.9990      4.7700       1.49700  81.60    38.280    1
  -40.5530       1.4500       1.83400  37.20    38.280    1
  -76.2770       14.7000      1.00000  0.00     39.650    0
  58.4210        3.5300       1.80400  46.60    39.410    1
  133.2620       3.0000       1.00000  0.00     39.410    0
  stop           0.2400       1.00000  0.00     35.863    0
  34.1320        6.3500       1.49700  81.60    36.610    1
  2256.7630      3.7200       1.62004  36.30    36.200    1
  31.5190        6.4900       1.00000  0.00     32.230    0
  132.9470       5.9000       1.51742  52.40    39.360    1
  -77.5460       13.9400      1.00000  0.00     39.360    0
  -39.4850       1.8000       1.83400  37.20    38.570    1
  -95.6830       0.1500       1.00000  0.00     40.530    0
  147.6440       3.6200       1.74320  49.30    42.000    1
  -205.7620      52.5000      1.00000  0.00     42.000    0
