# Canon RF100mm F2.8 L Macro IS USM
#
# Patent: JP2021-047297
# Converted from photonstophotos.net Optical Bench data
# 31 surfaces, 17 glass elements, f/2.9

name: Canon RF100mm F2.8 L Macro IS USM
focal_length: 100.81

surfaces:
# radius       thickness    ior      abbe     semi_ap   coating
  -94.2600       1.7400       1.83481  42.70    36.590    1
  40.5750        7.4300       1.76182  26.50    36.240    1
  -137.4540      0.2000       1.00000  0.00     36.240    0
  124.8120       2.9800       1.83481  42.70    36.750    1
  -698.8510      0.2000       1.00000  0.00     36.700    0
  57.1560        6.6000       1.48749  70.20    36.330    1
  -88.2750       0.6900       1.00000  0.00     35.800    0
  -105.5330      1.6500       1.84666  23.80    35.080    1
  51.4360        2.2800       1.00000  0.00     33.950    0
  74.8030        1.6200       2.00100  29.10    36.000    1
  39.8520        6.5300       1.77250  49.60    36.000    1
  -185.1730      0.5300       1.00000  0.00     36.000    0
  56.5600        4.3000       1.72916  54.70    33.300    1
  -409.0380      2.5500       1.00000  0.00     32.790    0
  stop           3.1000       1.00000  0.00     30.810    0
  312.3220       1.3700       1.73400  51.50    28.430    1
  39.5790        3.7100       1.00000  0.00     26.980    0
  -83.8660       1.2300       1.77250  49.60    26.920    1
  44.2240        2.9500       1.94595  18.00    27.020    1
  176.6270       27.4100      1.00000  0.00     26.970    0
  0              4.0000       1.76385  48.50    31.100    1
  -44.0680       0.2000       1.00000  0.00     31.100    0
  96.4600        6.2200       1.72916  54.70    29.130    1
  -37.2490       1.3700       2.00069  25.50    28.920    1
  -102.9530      4.1700       1.00000  0.00     29.040    0
  -51.4320       1.2100       1.83481  42.70    28.340    1
  224.3970       19.3500      1.00000  0.00     28.860    0
  -76.0560       3.7600       1.67270  32.10    35.210    1
  -37.6840       26.6300      1.00000  0.00     35.760    0
  -53.2340       1.7300       1.58913  61.10    35.630    1
  291.2420       14.6600      1.00000  0.00     37.010    0
