# US 4,852,984 Example 10
#
# Patent: US004852984
# Converted from photonstophotos.net Optical Bench data
# 19 surfaces, 10 glass elements, f/1.9

name: US 4,852,984 Example 10
focal_length: 295.00

surfaces:
# radius       thickness    ior      abbe     semi_ap   coating
  182.8880       30.0000      1.43387  95.10    162.800   1
  -475.7470      1.0800       1.00000  0.00     162.800   0
  123.0330       19.8000      1.43387  95.10    145.300   1
  350.7570       10.2000      1.00000  0.00     138.940   0
  -744.3750      7.0500       1.65412  39.70    138.940   1
  239.5220       22.0000      1.00000  0.00     130.800   0
  98.0220        23.3300      1.49700  81.60    116.500   1
  611.4250       0.7500       1.00000  0.00     116.500   0
  64.4430        6.7500       1.69680  55.50    95.200    1
  49.0380        31.5000      1.00000  0.00     85.300    0
  4164.5270      9.0000       1.84666  23.90    73.400    1
  -184.0430      3.7500       1.61340  43.80    71.300    1
  73.9480        33.0000      1.00000  0.00     61.400    0
  stop           21.3000      1.00000  0.00     53.063    0
  -47.6590       6.6000       1.65412  39.70    49.000    1
  -223.5450      12.7400      1.61800  63.40    54.000    1
  -56.5610       0.2300       1.00000  0.00     55.500    0
  124.3380       8.2500       1.61800  63.40    53.800    1
  -388.6530      90.8700      1.00000  0.00     53.800    0
