# US 2020/0073094 Example 1
#
# Patent: US20200073094
# Converted from photonstophotos.net Optical Bench data
# 21 surfaces, 11 glass elements, f/1.9

name: US 2020/0073094 Example 1
focal_length: 36.00

surfaces:
# radius       thickness    ior      abbe     semi_ap   coating
  -101.3980      1.2000       1.80810  22.80    28.000    1
  27.4570        1.9600       1.00000  0.00     25.610    0
  43.0720        4.3500       2.00100  29.10    25.620    1
  -76.1070       4.9400       1.00000  0.00     25.210    0
  -43.4520       1.3400       1.51742  52.40    21.520    1
  20.8920        6.9700       1.83400  37.20    22.630    1
  -57.8600       2.0000       1.00000  0.00     22.440    0
  stop           9.0000       1.00000  0.00     20.920    0
  -46.1580       2.0000       1.58313  59.40    16.990    1
  -22.2440       0.4900       1.00000  0.00     17.100    0
  -25.2580       4.2300       1.83400  37.20    17.550    1
  -10.9150       1.0000       1.80518  25.40    18.210    1
  219.6040       5.9900       1.00000  0.00     22.590    0
  394.8510       3.2300       1.58913  61.10    32.920    1
  -59.4120       0.5000       1.00000  0.00     33.350    0
  -138.5420      5.2300       1.80100  35.00    35.150    1
  -32.6490       0.5000       1.00000  0.00     35.800    0
  191.6520       3.6400       1.69680  55.50    37.000    1
  -77.2780       8.7500       1.00000  0.00     37.020    0
  -34.6760       1.0000       1.58144  40.80    35.080    1
  99.1220        11.6500      1.00000  0.00     36.860    0
