# Canon RF85mm F2 Macro IS STM
#
# Patent: US20210072505
# Converted from photonstophotos.net Optical Bench data
# 24 surfaces, 12 glass elements, f/2.1

name: Canon RF85mm F2 Macro IS STM
focal_length: 82.45

surfaces:
# radius       thickness    ior      abbe     semi_ap   coating
  114.1750       3.1900       1.60311  60.60    41.950    1
  2010.0980      0.5000       1.00000  0.00     41.950    0
  61.5330        3.2000       1.60311  60.60    40.830    1
  122.6600       6.6000       1.00000  0.00     40.830    0
  42.8210        5.0100       1.49700  81.50    37.110    1
  272.6420       7.5000       1.00000  0.00     37.110    0
  -147.3480      1.3000       1.68893  31.10    30.580    1
  37.9620        4.9000       1.00000  0.00     28.780    0
  stop           2.8600       1.00000  0.00     26.952    0
  114.2010       1.3000       1.84666  23.80    28.580    1
  46.9670        6.4000       1.90043  37.40    28.580    1
  -90.5920       2.5200       1.00000  0.00     28.580    0
  -78.0730       1.1500       1.72047  34.70    25.960    1
  57.1280        0.4900       1.00000  0.00     25.150    0
  86.2520        2.3900       1.80400  46.50    25.150    1
  -333.0480      2.2200       1.00000  0.00     25.150    0
  -284.8060      2.5800       1.92286  20.90    25.150    1
  -51.8570       0.8500       1.00000  0.00     25.150    0
  -57.9650       0.9400       1.83400  37.20    26.570    1
  57.9650        6.9600       1.00000  0.00     26.570    0
  52.4080        9.0200       1.83481  42.70    37.520    1
  -63.1530       13.6900      1.00000  0.00     37.520    0
  -34.1040       1.7000       1.84666  23.80    36.540    1
  -95.8790       17.6000      1.00000  0.00     37.590    0
