# Canon New FD 500mm f8 Mirror
#
# Patent: US004165151
# Converted from photonstophotos.net Optical Bench data
# 9 surfaces, 6 glass elements

name: Canon New FD 500mm f8 Mirror
focal_length: 500.00

surfaces:
# radius       thickness    ior      abbe     semi_ap   coating
  398.1700       8.0000       1.51633  64.10    81.050    1
  3440.3500      91.1950      1.00000  0.00     81.050    0
  -199.1000      8.0000       1.51633  64.10    67.340    1
  -295.4050      0.0000       1.51633  64.10    67.340    1
  112.0350       -3.0000      1.51633  64.10    29.800    1
  97.9450        -3.0000      1.00000  0.00     29.800    0
  -51.0900       4.0000       1.51633  64.10    25.750    1
  -295.4050      3.0000       1.80610  40.90    29.700    1
  -104.6650      69.2700      1.00000  0.00     29.700    0
