# Canon RF24-105mm F2.8 L IS USM Z
#
# Patent: US20240192474
# Converted from photonstophotos.net Optical Bench data
# 43 surfaces, 24 glass elements, f/2.9

name: Canon RF24-105mm F2.8 L IS USM Z
focal_length: 24.78

surfaces:
# radius       thickness    ior      abbe     semi_ap   coating
  -266.7460      1.6000       1.90043  37.40    70.370    1
  98.3400        2.8100       1.00000  0.00     65.400    0
  192.0580       6.5800       1.53775  74.70    65.400    1
  -241.2630      0.1500       1.00000  0.00     67.360    0
  119.5750       5.3100       1.72916  54.70    61.230    1
  -1682.0930     0.1500       1.00000  0.00     61.230    0
  76.1570        6.7200       1.72916  54.70    54.720    1
  -880.3000      0.8000       1.00000  0.00     54.720    0
  915.0830       1.2000       1.88300  40.80    40.860    1
  29.8410        5.7300       1.00000  0.00     33.320    0
  -218.3300      1.0000       1.59522  67.70    33.320    1
  63.3890        3.6900       1.00000  0.00     31.410    0
  -74.2150       1.1000       1.49700  81.50    31.410    1
  41.0570        4.9800       1.77047  29.70    32.300    1
  -204.6310      42.7600      1.00000  0.00     32.300    0
  stop           1.0000       1.00000  0.00     21.729    0
  78.5780        3.1500       1.84666  23.80    33.450    1
  -594.0310      0.6000       1.00000  0.00     33.450    0
  59.6150        1.2000       2.00100  29.10    34.080    1
  36.7340        7.4700       1.51742  52.40    34.080    1
  -83.3220       3.1100       1.00000  0.00     34.080    0
  -44.2610       0.0500       1.59022  30.10    30.610    1
  -47.0910       1.2000       1.77250  49.60    30.610    1
  -640.6250      19.6300      1.00000  0.00     33.760    0
  255.6340       8.1000       1.49700  81.50    33.710    1
  -27.4740       1.3000       1.90043  37.40    33.710    1
  -222.0610      0.1500       1.00000  0.00     35.110    0
  41.5370        8.1800       1.49700  81.50    39.530    1
  -105.9320      2.3000       1.00000  0.00     39.530    0
  63.2310        6.4900       1.49700  81.50    38.310    1
  -97.3790       0.1500       1.00000  0.00     38.310    0
  85.3540        2.4000       1.85400  40.40    36.730    1
  34.9250        8.8900       1.60311  60.60    36.730    1
  -78.0170       2.5000       1.00000  0.00     36.730    0
  157.3150       1.2000       1.72916  54.70    35.080    1
  28.2560        8.0700       1.00000  0.00     30.440    0
  47.1590        4.5400       1.58313  59.40    36.420    1
  160.9350       6.1200       1.00000  0.00     36.420    0
  210.3440       5.6900       1.80518  25.40    36.310    1
  -46.8960       1.5000       1.48749  70.20    36.310    1
  59.1100        9.5700       1.00000  0.00     36.310    0
  -33.8830       1.2000       2.00069  25.50    33.400    1
  -66.0060       11.6300      1.00000  0.00     34.870    0
