# Canon EF28-105mm f4-5.6
#
# Patent: US20040223070
# Converted from photonstophotos.net Optical Bench data
# 20 surfaces, 10 glass elements, f/4.0

name: Canon EF28-105mm f4-5.6
focal_length: 28.90

surfaces:
# radius       thickness    ior      abbe     semi_ap   coating
  55.3830        7.4300       1.69680  55.50    43.340    1
  -157.0620      1.8000       1.84666  23.90    43.340    1
  496.7550       3.3900       1.00000  0.00     43.340    0
  204.7580       1.4000       1.74320  49.30    27.640    1
  14.8130        5.4700       1.00000  0.00     20.960    0
  -57.9820       1.1000       1.71300  53.90    20.960    1
  30.4580        0.1200       1.00000  0.00     20.960    0
  23.8980        3.3900       1.84666  23.90    20.000    1
  507.6650       19.2300      1.00000  0.00     20.000    0
  stop           0.4000       1.00000  0.00     13.139    0
  36.0330        2.4200       1.69680  55.50    14.260    1
  -66.0550       0.4200       1.00000  0.00     14.260    0
  -33.4050       1.0000       1.84666  23.90    14.260    1
  -258.9200      7.2500       1.00000  0.00     14.260    0
  18.4940        3.7400       1.48749  70.20    15.080    1
  -61.2890       9.5800       1.00000  0.00     15.080    0
  -27.4900       1.8000       1.58306  30.20    17.000    1
  -47.0170       0.8300       1.00000  0.00     17.680    0
  0              1.0000       1.51633  64.10    21.000    1
  0              38.3900      1.00000  0.00     21.000    0
