# Canon Extender EF2X III
#
# Patent: US20180095255
# Converted from photonstophotos.net Optical Bench data
# 14 surfaces, 9 glass elements

name: Canon Extender EF2X III
focal_length: 50.00

surfaces:
# radius       thickness    ior      abbe     semi_ap   coating
  106.1090       1.0000       1.81600  46.62    28.620    1
  20.1280        10.0400      1.54814  45.79    26.440    1
  -45.6670       1.6200       1.00000  0.00     25.900    0
  -47.0410       1.0000       1.75500  52.32    24.260    1
  24.4520        6.3900       1.66565  35.64    24.260    1
  -61.4100       12.0100      1.00000  0.00     24.260    0
  -50.4540       1.4000       2.00069  25.46    25.460    1
  104.6510       8.8900       1.65460  37.95    28.400    1
  -24.4220       0.2500       1.00000  0.00     28.400    0
  -38.1200       1.2000       1.59282  68.63    28.840    1
  53.2630        0.2500       1.00000  0.00     28.840    0
  38.9810        10.4400      1.48749  70.23    30.040    1
  -30.5200       1.7000       1.59282  68.63    30.040    1
  -455.0100      46.1700      1.00000  0.00     30.040    0
