# Canon RF24-105mm F4.0 L IS USM
#
# Patent: US20190278068
# Converted from photonstophotos.net Optical Bench data
# 33 surfaces, 18 glass elements, f/4.1

name: Canon RF24-105mm F4.0 L IS USM
focal_length: 24.72

surfaces:
# radius       thickness    ior      abbe     semi_ap   coating
  266.2750       1.8000       1.80810  22.80    63.000    1
  93.3680        6.5200       1.72916  54.70    61.290    1
  0              0.1500       1.00000  0.00     60.870    0
  49.8260        6.9700       1.72916  54.70    55.940    1
  126.1550       0.7500       1.00000  0.00     54.730    0
  65.8320        1.2500       1.95375  32.30    31.370    1
  15.0190        8.1900       1.00000  0.00     23.430    0
  -33.4760       1.1000       1.58313  59.40    22.880    1
  65.1370        0.1500       1.00000  0.00     21.960    0
  40.3250        5.0300       1.80810  22.80    21.710    1
  -40.3250       0.9700       1.00000  0.00     20.830    0
  -25.4910       1.0000       1.80400  46.60    20.550    1
  -63.4350       21.5300      1.00000  0.00     20.090    0
  stop           0.3000       1.00000  0.00     13.086    0
  44.9650        2.3000       1.91082  35.30    19.940    1
  0              0.1500       1.00000  0.00     19.930    0
  21.5330        1.0000       1.95375  32.30    19.900    1
  13.1080        6.7600       1.59522  67.70    18.660    1
  -795.2310      1.3700       1.00000  0.00     18.100    0
  -152.9360      0.8000       1.74951  35.30    17.700    1
  16.0380        2.8800       2.00069  25.50    17.200    1
  30.7170        3.8100       1.00000  0.00     16.770    0
  76.4010        0.7500       1.78472  25.70    16.790    1
  19.1100        3.5700       1.49700  81.50    16.590    1
  0              0.1500       1.00000  0.00     16.720    0
  24.4610        7.2600       1.58313  59.40    18.620    1
  -25.2120       1.8000       1.00000  0.00     19.760    0
  121.3150       0.7500       1.72916  54.70    19.990    1
  23.8460        11.5900      1.00000  0.00     19.900    0
  -43.0710       1.5000       1.76450  49.10    24.170    1
  -248.8210      0.8000       1.00000  0.00     27.130    0
  -68.1160       4.5000       1.80400  46.60    35.100    1
  -32.3180       17.8800      1.00000  0.00     36.000    0
