# US 2019/0041606 Example 2
#
# Patent: US20190041606
# Converted from photonstophotos.net Optical Bench data
# 31 surfaces, 17 glass elements, f/2.9

name: US 2019/0041606 Example 2
focal_length: 392.00

surfaces:
# radius       thickness    ior      abbe     semi_ap   coating
  154.5570       14.2300      1.59522  67.74    138.920   1
  679.8750       120.5400     1.00000  0.00     138.920   0
  94.8580        14.3000      1.43700  95.10    79.640    1
  -305.0770      0.1700       1.00000  0.00     76.980    0
  -287.5200      1.5000       1.80610  33.27    76.980    1
  74.5170        2.7900       1.00000  0.00     73.100    0
  74.4990        11.8400      1.43700  95.10    72.380    1
  0              17.8800      1.00000  0.00     72.380    0
  67.1310        5.7800       1.89286  20.36    63.640    1
  126.3690       1.5100       1.00000  0.00     63.640    0
  70.3320        2.0000       1.83400  37.16    59.040    1
  40.2540        10.3200      1.43700  95.10    54.680    1
  136.3540       6.9600       1.00000  0.00     58.560    0
  stop           5.0000       1.00000  0.00     48.264    0
  -565.8960      1.6000       1.61800  63.40    46.440    1
  60.0470        36.4900      1.00000  0.00     46.440    0
  100.6090       1.4000       1.89286  20.36    37.060    1
  65.8980        7.5600       1.51742  52.43    37.060    1
  -93.9400       1.0000       1.00000  0.00     37.060    0
  93.4980        5.0200       1.80610  33.27    32.980    1
  -121.1710      1.2000       1.53775  74.70    32.980    1
  36.5440        5.4300       1.00000  0.00     32.220    0
  -82.4480       1.2000       1.72916  54.68    32.220    1
  68.5890        3.0100       1.00000  0.00     32.220    0
  137.9810       4.6800       1.65412  39.68    34.740    1
  -1080.0690     6.2500       1.00000  0.00     34.540    0
  71.0250        10.1800      1.72047  34.71    40.560    1
  -58.6240       1.5000       1.80810  22.76    40.560    1
  -358.1980      7.7700       1.00000  0.00     40.560    0
  0              2.2000       1.51633  64.14    43.460    1
  0              60.7000      1.00000  0.00     43.460    0
