# US 2018/0314060 Example 3
#
# Patent: US20180314060
# Converted from photonstophotos.net Optical Bench data
# 35 surfaces, 20 glass elements, f/2.0

name: US 2018/0314060 Example 3
focal_length: 12.00

surfaces:
# radius       thickness    ior      abbe     semi_ap   coating
  9999.0000      2.7000       1.59522  67.74    86.215    1
  30.4639        17.6260      1.00000  0.00     55.489    0
  244.5596       2.0000       1.81600  46.62    53.571    1
  33.1484        9.0659       1.00000  0.00     45.210    0
  559.8715       2.0000       1.49700  81.54    45.102    1
  40.2923        3.9144       1.00000  0.00     44.066    0
  51.3841        1.8000       1.81600  46.62    44.575    1
  39.9201        3.9932       1.00000  0.00     43.492    0
  55.4802        6.3321       1.80100  34.97    44.512    1
  785.0524       3.6317       1.00000  0.00     44.210    0
  -133.2077      5.3929       1.49700  81.54    43.863    1
  -56.1245       42.8800      1.00000  0.00     43.751    0
  42.2567        1.8000       1.80100  34.97    39.819    1
  28.1124        10.5113      1.48749  70.23    37.617    1
  -127.7793      1.4100       1.00000  0.00     37.007    0
  135.9150       1.0000       1.85026  32.27    31.407    1
  37.5040        3.7129       1.51633  64.14    30.915    1
  60.4570        0.8375       1.00000  0.00     30.972    0
  72.5148        5.0000       1.58913  61.14    31.136    1
  -52.7600       1.6300       1.00000  0.00     31.167    0
  stop           4.9800       1.00000  0.00     24.490    0
  -45.2748       1.0000       1.83481  42.71    23.395    1
  38.6693        3.9054       1.85478  24.80    23.676    1
  1158.2102      0.2000       1.00000  0.00     24.782    0
  42.8795        3.5000       1.65412  39.68    27.393    1
  127.3513       17.7100      1.00000  0.00     27.942    0
  26.5284        5.4360       1.69680  55.53    31.269    1
  78.9529        0.1247       1.00000  0.00     30.756    0
  30.5609        1.0000       2.00100  29.13    30.248    1
  17.9291        7.6413       1.49700  81.54    27.885    1
  101.2960       7.4480       1.00000  0.00     27.618    0
  449.6159       6.8597       1.43875  94.66    27.150    1
  -21.8726       0.9988       1.63555  22.70    27.017    1
  -19.9638       1.0000       2.00330  28.27    27.068    1
  -45.6612       14.8800      1.00000  0.00     29.170    0
