# Canon EF35-135mm f4-5.6 USM
#
# Patent: US005144488
# Converted from photonstophotos.net Optical Bench data
# 28 surfaces, 14 glass elements, f/4.0

name: Canon EF35-135mm f4-5.6 USM
focal_length: 36.30

surfaces:
# radius       thickness    ior      abbe     semi_ap   coating
  191.6700       2.4000       1.80518  25.40    48.280    1
  58.8800        7.0000       1.60311  60.70    44.180    1
  -177.7500      0.1200       1.00000  0.00     44.180    0
  37.5100        4.4000       1.60311  60.70    36.760    1
  101.0600       2.4900       1.00000  0.00     36.140    0
  77.1500        1.2500       1.77250  49.60    25.300    1
  14.7000        5.1500       1.00000  0.00     19.720    0
  -41.3900       1.0000       1.80400  46.60    19.720    1
  54.4400        0.5000       1.00000  0.00     19.720    0
  28.0500        4.0000       1.80518  25.40    19.540    1
  -46.4200       1.1000       1.00000  0.00     18.830    0
  -22.5600       1.0000       1.77250  49.60    18.830    1
  -103.6100      19.4000      1.00000  0.00     19.540    0
  stop           1.0000       1.00000  0.00     17.289    0
  28.2400        3.6000       1.55962  61.20    19.920    1
  -325.6000      0.1500       1.00000  0.00     19.920    0
  21.6400        3.3000       1.51633  64.10    19.980    1
  102.6600       0.4000       1.00000  0.00     19.980    0
  31.7100        5.3100       1.51633  64.10    19.300    1
  56.7000        0.8000       1.00000  0.00     19.300    0
  -2154.7900     2.0000       1.84666  23.90    15.580    1
  14.7200        1.2500       1.00000  0.00     15.580    0
  19.4000        4.0000       1.64769  33.80    15.860    1
  -62.0000       0.6600       1.00000  0.00     15.860    0
  0              3.8000       1.00000  0.00     13.340    0
  -23.7300       1.1000       1.78590  44.20    20.900    1
  624.3500       4.6000       1.53256  45.90    22.220    1
  -20.1400       47.0900      1.00000  0.00     22.220    0
