# Canon 8.8-36.8mm f1.8-2.8[PowerShot G7X]
#
# Patent: US20160062096
# Converted from photonstophotos.net Optical Bench data
# 21 surfaces, 11 glass elements, f/1.9

name: Canon 8.8-36.8mm f1.8-2.8[PowerShot G7X]
focal_length: 9.06

surfaces:
# radius       thickness    ior      abbe     semi_ap   coating
  32.9030        0.8500       1.94595  18.00    23.110    1
  23.6970        3.3900       1.80420  46.50    22.160    1
  239.5250       0.3100       1.00000  0.00     21.670    0
  104.3180       0.6700       1.77250  49.60    17.700    1
  9.3560         4.7500       1.00000  0.00     13.330    0
  -18.0590       0.4000       1.76802  49.20    12.530    1
  116.6910       0.1000       1.00000  0.00     12.340    0
  30.6030        1.2000       1.95906  17.50    12.270    1
  717.3390       12.2600      1.00000  0.00     12.120    0
  stop           5.3400       1.00000  0.00     10.620    0
  15.4700        2.6500       1.76802  49.20    12.970    1
  -45.1320       0.1000       1.00000  0.00     12.820    0
  11.7750        2.5200       1.83481  42.70    11.790    1
  230.1690       0.4500       1.85478  24.80    11.010    1
  8.3380         8.3800       1.00000  0.00     9.560     0
  30.7310        2.8800       1.49700  81.50    11.950    1
  -17.9520       1.4000       1.00000  0.00     12.200    0
  -22.3550       0.4000       1.85135  40.10    12.300    1
  444.5800       0.1000       1.00000  0.00     12.750    0
  21.4260        1.9400       1.63854  55.40    13.570    1
  -542.9450      8.9000       1.00000  0.00     13.690    0
