# JP 2018-031935 Example 1
#
# Patent: JP2018-031935
# Converted from photonstophotos.net Optical Bench data
# 28 surfaces, 14 glass elements, f/1.9

name: JP 2018-031935 Example 1
focal_length: 15.21

surfaces:
# radius       thickness    ior      abbe     semi_ap   coating
  50.0590        1.5200       1.95906  17.50    42.490    1
  41.8600        6.9400       1.59000  68.60    39.980    1
  -731.6260      0.6900       1.00000  0.00     38.640    0
  255.6310       1.1000       1.85000  40.40    30.140    1
  18.7630        7.0100       1.00000  0.00     23.180    0
  -38.0930       0.7600       1.77250  49.60    22.770    1
  67.1590        0.1700       1.00000  0.00     22.600    0
  32.7490        2.7600       1.95906  17.50    22.820    1
  137.2380       18.8800      1.00000  0.00     22.510    0
  0              5.0700       1.00000  0.00     16.390    0
  45.9730        1.8500       1.85400  40.40    17.530    1
  230.9130       0.1700       1.00000  0.00     17.920    0
  17.1120        7.1500       1.55332  71.70    19.510    1
  -26.1540       0.1700       1.00000  0.00     19.070    0
  39.3720        0.6800       2.00069  25.50    16.590    1
  14.9430        2.0900       1.00000  0.00     15.360    0
  78.9160        3.4400       1.49710  81.60    15.310    1
  -18.3860       1.6900       1.00000  0.00     15.070    0
  stop           6.7500       1.00000  0.00     12.756    0
  135.8250       2.9400       1.72825  28.50    14.500    1
  -19.7770       1.3100       1.00000  0.00     14.610    0
  -13.5880       0.6800       1.85400  40.40    14.210    1
  45.8160        1.9600       1.00000  0.00     14.980    0
  0              2.0500       1.54400  60.00    49.710    1
  0              0.6000       1.55900  58.60    49.710    1
  0              1.0900       1.00000  0.00     49.710    0
  0              0.5000       1.52300  58.60    49.710    1
  0              3.8100       1.00000  0.00     49.710    0
