# Canon EF8-15mm f4L Fisheye USM
#
# Patent: US20120013996
# Converted from photonstophotos.net Optical Bench data
# 27 surfaces, 14 glass elements, f/4.1

name: Canon EF8-15mm f4L Fisheye USM
focal_length: 8.05

surfaces:
# radius       thickness    ior      abbe     semi_ap   coating
  59.8400        2.5000       1.80400  46.60    61.870    1
  17.2820        14.6400      1.00000  0.00     34.150    0
  129.7230       1.6100       1.59282  68.60    32.590    1
  21.6100        6.4400       1.00000  0.00     27.390    0
  -86.9350       1.3600       1.59282  68.60    27.100    1
  31.1020        0.1500       1.00000  0.00     25.840    0
  22.5250        7.4500       1.80518  25.40    26.070    1
  -110.2260      5.8200       1.00000  0.00     24.720    0
  -31.0890       1.2000       1.85135  40.10    17.800    1
  -844.3400      20.8900      1.00000  0.00     17.080    0
  0              1.4600       1.00000  0.00     10.260    0
  43.4130        1.6200       1.88300  40.80    10.870    1
  -94.2600       1.8500       1.00000  0.00     10.940    0
  stop           1.7000       1.00000  0.00     8.599     0
  -19.2920       0.7500       1.88300  40.80    10.960    1
  32.4930        3.2200       1.51823  58.90    11.530    1
  -20.2610       0.2000       1.00000  0.00     12.310    0
  194.7160       4.2500       1.48749  70.20    12.740    1
  -12.3770       0.8000       1.88300  40.80    13.210    1
  -27.1820       0.2000       1.00000  0.00     13.960    0
  712.8930       3.2800       1.59270  35.30    14.770    1
  -21.6200       0.3500       1.00000  0.00     15.870    0
  -60941.7980    0.9300       1.83400  37.20    16.910    1
  28.2310        4.7700       1.49700  81.50    17.600    1
  -34.2790       0.2000       1.00000  0.00     18.700    0
  -80910.7950    1.6800       1.48749  70.20    19.490    1
  -87.0720       40.2500      1.00000  0.00     19.870    0
