# Canon RF28-70mm F2 L USM
#
# Patent: JP2020-118807
# Converted from photonstophotos.net Optical Bench data
# 36 surfaces, 20 glass elements, f/2.1

name: Canon RF28-70mm F2 L USM
focal_length: 28.90

surfaces:
# radius       thickness    ior      abbe     semi_ap   coating
  187.4180       2.2000       1.80810  22.80    84.630    1
  76.6610        8.5500       1.72916  54.70    73.270    1
  335.6050       0.1500       1.00000  0.00     73.270    0
  58.9700        8.0500       1.77250  49.60    66.740    1
  158.7300       3.9300       1.00000  0.00     66.740    0
  167.2090       1.5500       1.76902  49.30    44.050    1
  20.6390        9.5600       1.00000  0.00     31.050    0
  -49.1520       1.0000       1.76385  48.50    31.050    1
  26.4870        8.1500       1.85478  24.80    33.380    1
  -51.4630       1.4500       1.00000  0.00     29.200    0
  -42.2830       5.8500       1.48749  70.20    29.370    1
  -19.1100       1.2000       1.88300  40.80    29.370    1
  -64.1860       15.6100      1.00000  0.00     32.650    0
  stop           0.3000       1.00000  0.00     27.094    0
  55.7810        5.0500       1.72916  54.70    40.580    1
  0              0.1500       1.00000  0.00     40.580    0
  42.9010        9.5000       1.80400  46.60    38.790    1
  -87.2690       3.8000       1.00000  0.00     38.790    0
  -50.3690       1.5000       1.73800  32.30    36.880    1
  24.7060        7.7000       1.49700  81.50    32.810    1
  166.9890       8.6700       1.00000  0.00     32.810    0
  0              -2.5900      1.00000  0.00     31.890    0
  30.3730        7.3000       1.43875  94.70    35.320    1
  -664.8680      0.1500       1.00000  0.00     35.320    0
  48.8390        5.5000       1.59522  67.70    33.140    1
  -100.1310      0.5700       1.00000  0.00     33.140    0
  66.5310        4.5500       1.49700  81.50    32.800    1
  -115.1900      1.2000       1.80610  33.30    32.800    1
  51.0690        3.8400       1.00000  0.00     28.620    0
  -1000.0000     3.0000       1.85400  40.40    28.620    1
  119.1290       3.4200       1.00000  0.00     32.000    0
  -39.9920       1.3000       1.48749  70.20    29.760    1
  50.0030        6.3000       2.00100  29.10    36.990    1
  -131.6170      15.0000      1.00000  0.00     36.990    0
  0              1.9600       1.51633  64.10    50.980    1
  0              2.7500       1.00000  0.00     50.980    0
