# Canon EF-S15-85mm f3.5-5.6 IS USM
#
# Patent: US20100302648
# Converted from photonstophotos.net Optical Bench data
# 31 surfaces, 18 glass elements, f/3.6

name: Canon EF-S15-85mm f3.5-5.6 IS USM
focal_length: 15.50

surfaces:
# radius       thickness    ior      abbe     semi_ap   coating
  110.6580       1.9000       1.84666  23.80    58.310    1
  52.1610        7.3600       1.61800  63.40    52.800    1
  663.2810       0.1500       1.00000  0.00     52.800    0
  45.1670        4.9900       1.80400  46.60    47.700    1
  113.2490       2.3000       1.00000  0.00     47.700    0
  102.4420       0.0500       1.51640  52.20    25.440    1
  66.9770        1.2000       1.88300  40.80    25.440    1
  10.5560        5.9000       1.00000  0.00     17.020    0
  -23.9550       0.9000       1.88300  40.80    17.020    1
  34.6040        0.1500       1.00000  0.00     17.580    0
  25.1800        4.8000       1.80610  33.30    18.840    1
  -25.1800       0.4800       1.00000  0.00     18.840    0
  -18.8600       0.9000       1.80400  46.60    16.050    1
  62.1310        2.5900       1.80518  25.40    16.730    1
  -33.9020       19.6200      1.00000  0.00     16.730    0
  stop           0.6800       1.00000  0.00     12.472    0
  33.3420        2.7500       1.62588  35.70    14.480    1
  -33.3420       0.1500       1.00000  0.00     14.480    0
  33.5750        3.5000       1.49700  81.50    14.520    1
  -19.9900       0.9000       1.84666  23.80    14.520    1
  -818.0390      1.7400       1.00000  0.00     14.520    0
  -36.7650       1.1000       1.85135  40.10    14.660    1
  20.0080        2.1500       1.84666  23.80    14.660    1
  149.6530       8.7300       1.00000  0.00     14.660    0
  26.1100        6.3000       1.48749  70.20    22.440    1
  -26.1100       0.1500       1.00000  0.00     22.440    0
  115.3440       6.3500       1.48749  70.20    21.940    1
  -16.1830       1.6000       1.85006  40.20    21.940    1
  490.7230       0.9200       1.00000  0.00     21.610    0
  -118.5470      3.8000       1.48749  70.20    21.610    1
  -25.9290       35.4600      1.00000  0.00     22.920    0
