# Canon FD20-35mm f3.5L Aspherical
#
# Patent: US004477153
# Converted from photonstophotos.net Optical Bench data
# 23 surfaces, 11 glass elements, f/3.5

name: Canon FD20-35mm f3.5L Aspherical
focal_length: 20.50

surfaces:
# radius       thickness    ior      abbe     semi_ap   coating
  72.9000        2.1000       1.72342  38.00    47.120    1
  20.2400        8.8900       1.00000  0.00     34.980    0
  128.5800       3.7800       1.59551  39.20    36.740    1
  -109.4900      1.9400       1.00000  0.00     36.740    0
  -81.1100       1.9400       1.77250  49.60    34.180    1
  33.0600        5.9000       1.00000  0.00     30.520    0
  41.4200        3.5500       1.80518  25.40    28.560    1
  234.1500       25.3100      1.00000  0.00     28.560    0
  44.8100        5.8500       1.77250  49.60    18.700    1
  -398.6900      1.1800       1.00000  0.00     18.700    0
  stop           0.8200       1.00000  0.00     14.144    0
  56.8200        5.8500       1.80610  40.90    18.560    1
  -63.6500       2.8800       1.00000  0.00     18.560    0
  -27.4000       3.0600       1.84666  23.90    18.490    1
  559.5400       3.2600       1.00000  0.00     18.490    0
  415.0000       2.3600       1.61800  63.40    18.490    1
  -47.2800       0.6600       1.00000  0.00     18.490    0
  -1900.5500     1.6000       1.83400  37.20    18.460    1
  31.9500        1.5100       1.00000  0.00     18.460    0
  -314.7100      2.8100       1.49700  81.60    18.460    1
  -26.0300       0.1000       1.00000  0.00     18.460    0
  187.3900       2.8500       1.48749  70.10    21.160    1
  -47.9000       36.4200      1.00000  0.00     21.160    0
