# Cosina Super Wide-Heliar 15mm F4.5 Aspherical SL
#
# Patent: JP1999-326756
# Converted from photonstophotos.net Optical Bench data
# 15 surfaces, 8 glass elements, f/4.5

name: Cosina Super Wide-Heliar 15mm F4.5 Aspherical SL
focal_length: 15.30

surfaces:
# radius       thickness    ior      abbe     semi_ap   coating
  22.7390        1.2000       1.77250  49.62    25.980    1
  11.2000        3.8800       1.00000  0.00     19.600    0
  25.5760        1.0000       1.77250  49.62    19.880    1
  10.8990        2.7500       1.00000  0.00     16.580    0
  31.3150        2.9800       1.83400  37.34    16.940    1
  -304.5090      5.0500       1.00000  0.00     16.940    0
  19.3630        3.3900       1.71300  53.94    9.190     1
  -11.2460       0.7000       1.54814  45.82    9.190     1
  50.0000        1.3000       1.00000  0.00     9.190     0
  stop           2.1300       1.00000  0.00     5.114     0
  28.2830        6.0300       1.80420  46.50    11.450    1
  -6.3370        1.0000       1.69895  30.05    11.450    1
  298.3140       2.3000       1.00000  0.00     12.940    0
  -15.1970       1.5000       1.69350  53.34    12.440    1
  -25.0580       14.5000      1.00000  0.00     15.640    0
