# Cosina Viogtlander 100mm F4.5 Heliar
#
# Patent: GB190213441
# Converted from photonstophotos.net Optical Bench data
# 9 surfaces, 5 glass elements, f/4.5

name: Cosina Viogtlander 100mm F4.5 Heliar
focal_length: 100.00

surfaces:
# radius       thickness    ior      abbe     semi_ap   coating
  40.3800        1.6100       1.54990  0.00     24.590    1
  18.4900        4.8200       1.61294  0.00     24.590    1
  123.4000       11.2200      1.00000  0.00     24.590    0
  -38.4600       0.6400       1.53644  0.00     24.540    1
  31.0100        4.3500       1.00000  0.00     24.540    0
  stop           1.4200       1.00000  0.00     19.141    0
  67.6300        4.8200       1.61294  0.00     22.980    1
  -19.2300       0.6400       1.57073  0.00     22.980    1
  -39.5400       88.2500      1.00000  0.00     22.980    0
