# Cosina Voigtlander Nokton 35mm F1.2 Aspherical
#
# Patent: JP2004-101880
# Converted from photonstophotos.net Optical Bench data
# 18 surfaces, 10 glass elements, f/1.2

name: Cosina Voigtlander Nokton 35mm F1.2 Aspherical
focal_length: 35.80

surfaces:
# radius       thickness    ior      abbe     semi_ap   coating
  200.0000       1.6000       1.48749  70.40    42.300    1
  41.3610        9.5500       1.00000  0.00     34.820    0
  -29.5390       1.5000       1.56732  42.80    34.820    1
  233.9850       6.6700       1.80420  46.50    38.800    1
  -41.3500       0.1500       1.00000  0.00     38.800    0
  28.9340        13.1000      1.80420  46.50    39.680    1
  -47.2620       2.8000       1.64769  33.80    39.680    1
  40.3260        4.0400       1.00000  0.00     30.060    0
  stop           3.5100       1.00000  0.00     26.474    0
  -200.0000      1.7000       1.80601  40.70    27.220    1
  -254.0220      2.8600       1.00000  0.00     28.640    0
  -30.2360       1.4000       1.80518  25.50    27.320    1
  46.9630        8.5100       1.80420  46.50    31.760    1
  -27.1720       0.1500       1.00000  0.00     31.760    0
  81.0040        6.4100       1.80610  40.70    31.320    1
  -31.4280       0.2000       1.00000  0.00     31.320    0
  -75.0750       1.5000       1.54814  45.80    31.100    1
  30.0000        23.5100      1.00000  0.00     29.580    0
