# Cosina Voigtlander Ultron Vintage Line 28mm F2 Aspherical
#
# Patent: JP2022-100641
# Converted from photonstophotos.net Optical Bench data
# 18 surfaces, 10 glass elements, f/2.0

name: Cosina Voigtlander Ultron Vintage Line 28mm F2 Aspherical
focal_length: 28.50

surfaces:
# radius       thickness    ior      abbe     semi_ap   coating
  89.9430        1.2000       1.51680  64.20    23.420    1
  22.1310        5.2400       1.00000  0.00     19.740    0
  -23.5780       1.0500       1.64769  33.84    19.300    1
  0              2.7500       1.91082  35.25    18.780    1
  -36.7970       0.1500       1.00000  0.00     18.780    0
  22.9470        5.4600       1.91082  35.25    18.780    1
  -24.2670       1.1000       1.76182  26.61    18.780    1
  97.1220        2.2700       1.00000  0.00     18.780    0
  stop           3.5400       1.00000  0.00     14.890    0
  -17.8090       1.0000       1.71736  29.50    14.680    1
  17.5000        3.8600       1.69680  55.46    16.340    1
  -171.0480      0.3200       1.00000  0.00     16.340    0
  35.8780        4.8500       1.88300  40.81    20.180    1
  -27.1840       1.1400       1.00000  0.00     20.180    0
  -32.8730       1.5000       1.62999  58.12    20.360    1
  -70.8140       4.3100       1.00000  0.00     21.320    0
  -38.0300       2.1000       1.80610  40.73    21.920    1
  -43.0270       18.4000      1.00000  0.00     24.280    0
