# Cosina Nokton 50mm F1.2
#
# Patent: JP2025-058577
# Converted from photonstophotos.net Optical Bench data
# 18 surfaces, 9 glass elements, f/1.2

name: Cosina Nokton 50mm F1.2
focal_length: 48.50

surfaces:
# radius       thickness    ior      abbe     semi_ap   coating
  53.7300        4.2600       1.72916  54.67    42.110    1
  138.4800       0.1500       1.00000  0.00     38.880    0
  36.6700        3.6700       1.72916  54.67    40.030    1
  52.0000        0.3000       1.00000  0.00     36.380    0
  26.6800        6.5100       1.72916  54.67    36.640    1
  85.5000        2.9800       1.00000  0.00     32.200    0
  204.1400       1.4000       1.74077  27.74    31.080    1
  38.6800        2.2400       1.00000  0.00     26.090    0
  47.8200        1.2000       1.76182  26.58    26.600    1
  14.2600        7.5400       1.00000  0.00     21.080    0
  stop           1.1500       1.00000  0.00     21.320    0
  66.0000        1.1000       1.80809  22.76    23.620    1
  26.1300        4.8300       1.90043  37.37    23.620    1
  -145.0100      7.0900       1.00000  0.00     23.620    0
  2707.7200      3.8300       1.90043  37.37    21.540    1
  -25.9700       2.9700       1.00000  0.00     21.540    0
  -26.0700       1.2000       1.65412  39.68    19.570    1
  -300.0000      12.5700      1.00000  0.00     22.930    0
