# Cosina Voigtlander Telomar 180mm f5.5
#
# Patent: FR1045076
# Converted from photonstophotos.net Optical Bench data
# 10 surfaces, 5 glass elements, f/5.4

name: Cosina Voigtlander Telomar 180mm f5.5
focal_length: 180.00

surfaces:
# radius       thickness    ior      abbe     semi_ap   coating
  43.6482        6.6888       1.58360  46.20    34.290    1
  -83.8296       0.2106       1.00000  0.00     34.290    0
  -83.8296       2.5110       1.72755  28.40    33.530    1
  172.0566       36.3556      1.00000  0.00     33.530    0
  stop           12.6800      1.00000  0.00     21.509    0
  172.0566       5.2308       1.62355  47.00    31.040    1
  -216.6210      7.9434       1.00000  0.00     31.040    0
  -32.0292       3.1338       1.58264  42.10    36.260    1
  74.4138        5.5764       1.75512  27.00    39.080    1
  -369.7776      71.4300      1.00000  0.00     39.080    0
