# Cosina Voigtlander Nokton 50mm F1.0 Aspherical
#
# Patent: JP2023-063766
# Converted from photonstophotos.net Optical Bench data
# 17 surfaces, 9 glass elements, f/1.0

name: Cosina Voigtlander Nokton 50mm F1.0 Aspherical
focal_length: 50.00

surfaces:
# radius       thickness    ior      abbe     semi_ap   coating
  40.7650        4.8900       1.90525  35.04    48.120    1
  65.4880        1.0700       1.00000  0.00     47.320    0
  32.9750        8.0100       1.90043  37.37    44.690    1
  84.1500        0.8700       1.00000  0.00     43.610    0
  58.5960        1.6500       1.80518  25.46    40.080    1
  19.8350        12.0500      1.00000  0.00     32.780    0
  stop           3.2400       1.00000  0.00     31.881    0
  -40.9950       1.5500       1.76182  26.61    31.890    1
  26.5780        10.8000      1.88300  40.69    35.180    1
  -90.7020       0.3100       1.00000  0.00     35.180    0
  78.6110        5.0500       1.88300  40.69    36.440    1
  -125.1990      0.3100       1.00000  0.00     36.440    0
  53.7360        9.4700       1.88300  40.69    31.180    1
  -78.4070       1.5500       1.55298  59.07    31.180    1
  45.8460        1.4200       1.00000  0.00     25.180    0
  3376.6120      2.7800       1.80835  40.55    28.080    1
  120.4960       18.7400      1.00000  0.00     25.760    0
