# Enna Munchen Ultra-Lithagon 28mm F3.5
#
# Patent: US002959100
# Converted from photonstophotos.net Optical Bench data
# 13 surfaces, 6 glass elements, f/3.5

name: Enna Munchen Ultra-Lithagon 28mm F3.5
focal_length: 28.00

surfaces:
# radius       thickness    ior      abbe     semi_ap   coating
  54.0400        1.1760       1.62280  56.90    35.160    1
  17.4815        16.2400      1.00000  0.00     28.380    0
  -98.0000       2.8000       1.62536  35.60    23.360    1
  -63.5600       10.7800      1.00000  0.00     23.360    0
  34.1600        2.3800       1.61272  58.60    14.500    1
  -40.2405       0.1400       1.00000  0.00     14.500    0
  16.4640        1.6800       1.62536  35.60    13.960    1
  29.5574        3.3500       1.00000  0.00     13.960    0
  stop           1.1300       1.00000  0.00     10.666    0
  -28.0000       2.3100       1.75520  27.50    11.560    1
  18.3400        2.2400       1.00000  0.00     11.560    0
  0              2.8000       1.61720  54.00    13.300    1
  -14.6563       35.2358      1.00000  0.00     13.300    0
