# Enna Munchen Lithagon 24mm F4
#
# Patent: DE01228820
# Converted from photonstophotos.net Optical Bench data
# 15 surfaces, 7 glass elements, f/4.0

name: Enna Munchen Lithagon 24mm F4
focal_length: 24.00

surfaces:
# radius       thickness    ior      abbe     semi_ap   coating
  38.9280        1.8240       1.51680  64.20    32.620    1
  16.8720        7.8000       1.00000  0.00     27.800    0
  156.0000       1.2960       1.62041  60.30    25.640    1
  25.7040        15.6000      1.00000  0.00     23.240    0
  -108.0000      2.5920       1.62536  35.60    17.840    1
  -33.0000       10.4160      1.00000  0.00     17.840    0
  60.0000        2.3280       1.51895  57.30    12.110    1
  -43.3680       0.2640       1.00000  0.00     12.110    0
  16.2720        1.5600       1.62374  47.00    11.820    1
  35.2080        1.4000       1.00000  0.00     11.820    0
  stop           1.9600       1.00000  0.00     10.968    0
  -45.6000       8.1600       1.78470  26.10    10.590    1
  18.7200        1.1520       1.00000  0.00     10.590    0
  153.6000       1.9200       1.60801  46.20    11.460    1
  -15.9535       36.1752      1.00000  0.00     11.460    0
