# Enna Munchen Lithagon 35mm F3.5 C
#
# Patent: US002821112
# Converted from photonstophotos.net Optical Bench data
# 9 surfaces, 4 glass elements, f/3.5

name: Enna Munchen Lithagon 35mm F3.5 C
focal_length: 35.00

surfaces:
# radius       thickness    ior      abbe     semi_ap   coating
  69.4400        1.7500       1.51821  65.20    40.320    1
  33.5013        26.6000      1.00000  0.00     36.640    0
  16.1000        3.1500       1.74400  44.90    13.260    1
  0              1.7500       1.00000  0.00     13.260    0
  stop           1.7500       1.00000  0.00     10.605    0
  -18.8300       0.9800       1.67270  32.20    11.240    1
  17.2900        2.1000       1.00000  0.00     11.240    0
  91.0000        3.2900       1.65160  58.50    12.860    1
  -14.9856       35.6793      1.00000  0.00     12.860    0
