# Farrand Super-Farron 76mm f0.87
#
# Patent: US002846923
# Converted from photonstophotos.net Optical Bench data
# 17 surfaces, 9 glass elements, f/0.9

name: Farrand Super-Farron 76mm f0.87
focal_length: 76.00

surfaces:
# radius       thickness    ior      abbe     semi_ap   coating
  103.5477       10.8594      1.58896  61.50    95.800    1
  597.5682       0.4037       1.00000  0.00     95.800    0
  64.2883        11.1541      1.63934  55.50    86.150    1
  168.4418       0.3028       1.00000  0.00     86.150    0
  41.3081        19.8254      1.63934  55.50    70.140    1
  0              2.4222       1.69927  30.10    70.140    1
  22.8087        12.9289      1.00000  0.00     40.710    0
  stop           8.8000       1.00000  0.00     38.167    0
  -38.5831       2.9672       1.72800  28.30    37.340    1
  -59.2825       0.9890       1.00000  0.00     41.600    0
  -310.2388      2.9550       1.63598  35.60    45.550    1
  29.1366        14.8055      1.74464  44.60    45.550    1
  -72.1402       0.9890       1.00000  0.00     45.550    0
  49.2911        17.5607      1.74464  44.60    47.360    1
  -109.5023      4.5276       1.00000  0.00     47.360    0
  -56.3860       1.5138       1.51637  56.40    47.580    1
  72.1402        4.8600       1.00000  0.00     42.750    0
