# Fujifilm Fujinon GF120mm F4 R LM OIS WR Macro
#
# Patent: US20180059384
# Converted from photonstophotos.net Optical Bench data
# 26 surfaces, 15 glass elements, f/4.1

name: Fujifilm Fujinon GF120mm F4 R LM OIS WR Macro
focal_length: 116.36

surfaces:
# radius       thickness    ior      abbe     semi_ap   coating
  92.1548        4.7500       1.48749  70.24    44.760    1
  -227.3084      0.1500       1.00000  0.00     44.760    0
  45.4634        6.5500       1.49700  81.54    39.640    1
  -145.5600      1.3000       1.74950  35.28    39.640    1
  39.0618        0.6000       1.00000  0.00     30.820    0
  47.5155        3.8700       1.85150  40.78    30.820    1
  429.8550       3.2320       1.00000  0.00     33.620    0
  -204.5566      1.3000       1.83481  42.72    26.960    1
  34.0165        4.0000       1.00000  0.00     26.330    0
  -67.3306       1.3100       1.51742  52.43    26.330    1
  33.7600        5.3900       1.80000  29.84    29.800    1
  -133.9022      20.8620      1.00000  0.00     29.800    0
  stop           2.0000       1.00000  0.00     27.316    0
  99.9712        6.4500       1.49700  81.54    32.640    1
  -35.4650       1.3000       1.72000  43.69    32.640    1
  -70.4954       24.8550      1.00000  0.00     32.640    0
  -120.6601      2.7400       1.70154  41.24    30.700    1
  -50.7517       1.5000       1.00000  0.00     30.700    0
  154.1487       4.9800       1.49700  81.54    30.260    1
  -37.8880       1.3000       1.62588  35.70    30.260    1
  -202.2613      26.8840      1.00000  0.00     31.840    0
  -51.3729       1.3100       1.80400  46.58    31.360    1
  39.4480        5.3800       1.83400  37.16    36.880    1
  0              36.7460      1.00000  0.00     36.880    0
  0              3.2000       1.51680  64.20    55.740    1
  0              1.0220       1.00000  0.00     55.740    0
