# Fujifilm Fujinon XF23mm F2 R WR
#
# Patent: US20170351051
# Converted from photonstophotos.net Optical Bench data
# 19 surfaces, 11 glass elements, f/2.1

name: Fujifilm Fujinon XF23mm F2 R WR
focal_length: 22.38

surfaces:
# radius       thickness    ior      abbe     semi_ap   coating
  52.5060        1.0900       1.51633  64.14    26.050    1
  13.0560        10.7400      1.00000  0.00     20.170    0
  32.3355        5.2100       1.88300  40.76    18.460    1
  -17.3200       0.8900       1.68893  31.07    18.460    1
  0              3.7300       1.00000  0.00     18.460    0
  stop           3.7700       1.00000  0.00     13.400    0
  -36.8874       1.3000       1.84887  40.12    13.060    1
  120.8088       0.4200       1.00000  0.00     14.430    0
  0              4.5600       1.81600  46.62    15.660    1
  -10.9750       0.9100       1.68893  31.07    15.660    1
  446.7800       3.7900       1.88300  40.76    17.550    1
  -15.5086       2.3120       1.00000  0.00     17.550    0
  -32.4260       1.7500       1.80312  40.54    18.090    1
  2385.0526      5.7640       1.00000  0.00     16.280    0
  -205.2532      1.1000       1.78470  26.29    23.130    1
  33.7900        3.9800       1.80400  46.58    23.130    1
  -96.6923       10.8620      1.00000  0.00     23.130    0
  0              2.8500       1.51680  64.20    27.970    1
  0              1.0000       1.00000  0.00     27.970    0
