# Fujifilm Fujinon XF1.4X TC F2 WR
#
# Patent: US20200018936
# Converted from photonstophotos.net Optical Bench data
# 14 surfaces, 8 glass elements

name: Fujifilm Fujinon XF1.4X TC F2 WR
focal_length: 50.00

surfaces:
# radius       thickness    ior      abbe     semi_ap   coating
  0              4.2900       1.00000  0.00     33.500    0
  80.6062        0.9300       1.88300  39.22    23.520    1
  22.9970        6.0300       1.64769  33.84    22.400    1
  -42.1232       3.2700       1.00000  0.00     22.400    0
  -29.2310       0.9300       1.88300  39.22    20.240    1
  29.2310        6.4900       1.72825  28.32    23.590    1
  -29.2310       0.9300       1.88300  39.22    23.590    1
  75.0001        0.1000       1.00000  0.00     23.590    0
  43.0957        6.6300       1.51633  64.06    24.780    1
  -34.2796       1.1000       1.00000  0.00     24.780    0
  -48.6590       1.0000       1.95906  17.47    24.780    1
  -108.7770      12.5726      1.00000  0.00     26.740    0
  0              2.8500       1.51680  64.20    30.800    1
  0              0.0000       1.00000  0.00     30.800    0
