# Fujifilm Fujinon XF16-55mm F2.8 R LM WR
#
# Patent: US20160154221
# Converted from photonstophotos.net Optical Bench data
# 33 surfaces, 19 glass elements, f/2.9

name: Fujifilm Fujinon XF16-55mm F2.8 R LM WR
focal_length: 16.49

surfaces:
# radius       thickness    ior      abbe     semi_ap   coating
  86.2098        2.2100       1.84666  23.78    56.320    1
  54.3520        6.0000       1.61800  63.33    52.500    1
  139.3118       0.1000       1.00000  0.00     52.500    0
  53.1927        6.3400       1.75500  52.32    50.580    1
  200.5663       0.8000       1.00000  0.00     50.580    0
  141.9165       1.4000       1.85135  40.10    34.740    1
  13.4777        8.5700       1.00000  0.00     23.280    0
  -32.1576       1.0100       1.69680  55.53    23.280    1
  17.9890        7.5000       1.90366  31.31    23.280    1
  -39.7156       1.3800       1.00000  0.00     23.280    0
  -21.6439       1.0000       1.72916  54.68    20.280    1
  -56.6887       19.8900      1.00000  0.00     26.960    0
  27.6653        4.0000       1.68458  30.88    22.600    1
  -787.3268      2.0000       1.00000  0.00     22.600    0
  stop           3.4400       1.00000  0.00     14.333    0
  35.8599        1.0100       1.84666  23.78    23.560    1
  15.9250        6.2800       1.53775  74.70    20.140    1
  -48.1934       0.5000       1.00000  0.00     20.140    0
  396.5159       3.5100       1.49700  81.54    20.000    1
  -39.5780       0.8000       1.79952  42.22    20.000    1
  31.9555        1.8100       1.00000  0.00     20.000    0
  20.6235        5.7600       1.61882  63.58    20.960    1
  -26.8946       2.0000       1.00000  0.00     20.960    0
  0              0.8000       1.61800  63.33    21.780    1
  22.1306        2.0500       1.00000  0.00     18.530    0
  0              0.8100       1.84666  23.78    18.530    1
  45.9840        2.5400       1.49700  81.54    19.320    1
  -121.3790      2.6000       1.00000  0.00     19.320    0
  310.6759       3.0000       1.95906  17.47    27.320    1
  -80.1891       19.6300      1.00000  0.00     27.320    0
  0              2.1500       1.54763  54.98    28.400    1
  0              0.7000       1.49784  54.98    28.400    1
  0              0.5130       1.00000  0.00     28.400    0
