# Fujifilm Fujinon XF2X TC WR
#
# Patent: US010197893
# Converted from photonstophotos.net Optical Bench data
# 17 surfaces, 10 glass elements

name: Fujifilm Fujinon XF2X TC WR
focal_length: 50.00

surfaces:
# radius       thickness    ior      abbe     semi_ap   coating
  0              2.5000       1.00000  0.00     25.230    0
  82.3854        0.9000       1.88300  40.76    21.490    1
  19.0130        5.1600       1.62004  36.26    19.420    1
  -33.9161       2.5000       1.00000  0.00     19.420    0
  -34.6013       0.9100       1.88300  40.76    18.410    1
  17.9890        4.1500       1.74077  27.79    18.920    1
  -132.7745      2.2000       1.00000  0.00     18.920    0
  -31.1833       0.9300       1.88300  40.76    19.020    1
  53.4860        5.2900       1.57501  41.50    21.420    1
  -20.9775       0.1000       1.00000  0.00     21.420    0
  -24.9990       0.9100       1.90043  37.37    20.420    1
  -264.6340      0.2000       1.00000  0.00     23.380    0
  31.0672        7.3400       1.67300  38.15    25.060    1
  -24.6320       1.0000       2.00069  25.46    25.060    1
  -69.0128       23.5960      1.00000  0.00     27.130    0
  0              2.8500       1.51633  64.14    28.400    1
  0              0.0010       1.00000  0.00     28.400    0
