# Fujifilm Fujinon GF100-200mm F5.6 R LM OIS WR
#
# Patent: US20190361195
# Converted from photonstophotos.net Optical Bench data
# 36 surfaces, 21 glass elements, f/5.7

name: Fujifilm Fujinon GF100-200mm F5.6 R LM OIS WR
focal_length: 101.68

surfaces:
# radius       thickness    ior      abbe     semi_ap   coating
  182.7312       2.1300       1.74950  35.02    51.580    1
  59.7900        8.1600       1.51680  64.21    49.000    1
  -244.1537      0.1000       1.00000  0.00     49.000    0
  51.1618        6.5800       1.43875  94.66    46.540    1
  424.5411       1.4000       1.00000  0.00     46.540    0
  138.7122       5.6300       1.83400  37.23    36.020    1
  -54.9450       1.3100       1.58144  40.75    36.020    1
  25.8385        6.3700       1.00000  0.00     27.420    0
  -109.5983      1.1100       1.48749  70.42    29.460    1
  31.9650        3.4300       1.85896  22.73    25.640    1
  128.9091       3.3100       1.00000  0.00     24.060    0
  -27.9491       0.8400       1.58144  40.75    24.060    1
  -209.8241      22.1100      1.00000  0.00     27.280    0
  -427.6232      2.1800       1.92287  18.90    25.920    1
  -74.1246       0.1500       1.00000  0.00     25.920    0
  177.2490       3.0100       1.62041  60.37    24.820    1
  -66.8880       1.0100       1.95906  17.47    24.820    1
  -438.8309      18.2700      1.00000  0.00     27.020    0
  stop           0.2000       1.00000  0.00     22.234    0
  25.1162        5.0300       1.43875  94.66    24.000    1
  73.3817        0.6500       1.00000  0.00     24.000    0
  29.4303        4.9700       1.56883  56.06    22.580    1
  -75.0400       0.9400       1.83481  42.73    22.580    1
  17.6050        5.4500       1.48749  70.42    20.520    1
  -75.4013       4.1000       1.00000  0.00     20.520    0
  437.5349       4.4800       1.64769  33.84    20.400    1
  -18.3580       0.8700       1.62041  60.37    20.400    1
  55.9806        1.0200       1.00000  0.00     17.610    0
  -127.9899      0.8400       1.88300  39.22    17.610    1
  67.6556        5.1900       1.00000  0.00     19.520    0
  39.2886        6.4500       1.51760  63.50    24.440    1
  -40.9507       15.0400      1.00000  0.00     24.440    0
  -21.0887       1.0000       1.48749  70.42    30.120    1
  -40.2457       57.4777      1.00000  0.00     32.100    0
  0              3.2000       1.51680  64.20    56.320    1
  0              1.0314       1.00000  0.00     56.320    0
