# Fujifilm Fujinon GF63mm F2.8 R WR
#
# Patent: US20170242219
# Converted from photonstophotos.net Optical Bench data
# 21 surfaces, 11 glass elements, f/2.9

name: Fujifilm Fujinon GF63mm F2.8 R WR
focal_length: 62.12

surfaces:
# radius       thickness    ior      abbe     semi_ap   coating
  32.3262        4.2300       1.95375  32.32    32.780    1
  66.8687        0.1300       1.00000  0.00     31.280    0
  21.5069        5.2100       1.48749  70.24    26.240    1
  111.0969       0.0500       1.00000  0.00     25.140    0
  92.4044        1.6000       1.69895  30.13    25.140    1
  15.4525        7.9080       1.00000  0.00     17.640    0
  stop           10.2110      1.00000  0.00     15.553    0
  -18.1789       2.3600       1.59282  68.62    19.540    1
  -15.6330       1.0500       1.59270  35.31    20.360    1
  -39.9853       0.6800       1.00000  0.00     23.360    0
  -59.5014       2.9600       1.78800  47.37    26.100    1
  -32.4883       0.1000       1.00000  0.00     26.640    0
  -93.3949       3.6500       1.81600  46.62    28.960    1
  -32.4022       1.2600       1.00000  0.00     28.960    0
  200.7689       6.9300       1.69680  55.53    37.020    1
  -42.0100       1.4700       1.60342  38.03    37.020    1
  0              4.8700       1.00000  0.00     41.380    0
  -85.0921       1.4400       1.51633  64.14    41.380    1
  -328.1791      30.0000      1.00000  0.00     41.380    0
  0              3.2500       1.51680  64.20    56.820    1
  0              0.8182       1.00000  0.00     56.820    0
