# Fujifilm Fujinon 23mm F2 (X100)
#
# Patent: US20150226942
# Converted from photonstophotos.net Optical Bench data
# 17 surfaces, 9 glass elements, f/2.0

name: Fujifilm Fujinon 23mm F2 (X100)
focal_length: 23.00

surfaces:
# radius       thickness    ior      abbe     semi_ap   coating
  29.7870        0.9100       1.74077  27.80    21.300    1
  10.2160        3.0700       1.88300  40.80    11.500    1
  85.5670        0.9000       1.00000  0.00     11.500    0
  stop           5.0100       1.00000  0.00     10.600    0
  -15.2110       1.7000       1.88300  40.80    10.040    1
  -11.6990       0.3000       1.00000  0.00     11.120    0
  -10.0590       0.9100       1.59270  35.30    11.240    1
  13.2110        7.3600       1.88300  40.80    16.180    1
  -18.9760       0.2000       1.00000  0.00     17.080    0
  47.9450        2.5000       1.56865  58.60    18.920    1
  89.2340        5.1300       1.00000  0.00     18.920    0
  -12.5930       1.1000       1.80810  22.80    18.240    1
  -45.0600       0.2000       1.00000  0.00     22.420    0
  46.6280        2.8800       1.88300  40.80    26.980    1
  0              2.5000       1.00000  0.00     26.980    0
  0              2.8000       1.51680  64.20    27.800    1
  0              1.2000       1.00000  0.00     27.800    0
