# Fujifilm Fujinon GF30mm F3.5 R WR
#
# Patent: US20210231930
# Converted from photonstophotos.net Optical Bench data
# 26 surfaces, 14 glass elements, f/3.5

name: Fujifilm Fujinon GF30mm F3.5 R WR
focal_length: 30.89

surfaces:
# radius       thickness    ior      abbe     semi_ap   coating
  131.2588       2.0000       1.85108  40.12    38.950    1
  16.6936        8.0200       1.00000  0.00     28.960    0
  -66.8654       1.0700       1.49700  81.59    28.960    1
  66.8654        5.4500       1.00000  0.00     28.960    0
  438.5292       3.0500       1.78470  26.29    33.120    1
  -99.1927       4.6900       1.00000  0.00     33.120    0
  49.0218        5.2500       1.78590  44.21    31.120    1
  -89.7386       6.1900       1.00000  0.00     31.120    0
  30.2674        1.2900       1.79952  42.25    23.900    1
  13.8650        6.7500       1.62299  58.16    22.500    1
  179.2836       6.5600       1.00000  0.00     22.500    0
  stop           5.0000       1.00000  0.00     15.540    0
  38.6448        1.5000       1.95375  32.32    22.500    1
  12.4290        5.9900       1.49700  81.59    20.210    1
  348.9318       4.6700       1.00000  0.00     20.210    0
  -153.0689      4.6800       1.58135  59.38    19.780    1
  -18.2766       5.2200       1.00000  0.00     23.580    0
  -161.7627      5.3400       2.00272  19.32    28.670    1
  -28.4300       1.2100       1.73800  32.33    31.280    1
  42.0010        3.9000       1.00000  0.00     28.090    0
  -67.5416       1.0200       1.94595  17.98    28.090    1
  -425.6596      3.0500       1.00000  0.00     32.330    0
  125.0308       6.5000       1.56883  56.06    40.840    1
  -60.3989       20.8120      1.00000  0.00     40.840    0
  0              3.2000       1.51680  64.20    55.800    1
  0              0.0200       1.00000  0.00     55.800    0
