# Fujifilm Fujinon XF35mm F1.4 R
#
# Patent: US20140285903
# Converted from photonstophotos.net Optical Bench data
# 17 surfaces, 9 glass elements, f/1.4

name: Fujifilm Fujinon XF35mm F1.4 R
focal_length: 36.17

surfaces:
# radius       thickness    ior      abbe     semi_ap   coating
  31.7670        4.7000       1.75500  52.30    34.380    1
  108.0500       0.1500       1.00000  0.00     34.380    0
  16.7330        5.0100       1.80400  46.60    26.340    1
  25.9730        0.2000       1.00000  0.00     24.160    0
  27.7200        1.3500       1.69895  30.10    24.160    1
  10.4240        6.2700       1.00000  0.00     16.460    0
  37.3450        1.1000       1.60342  38.00    18.040    1
  25.3750        2.7300       1.00000  0.00     18.040    0
  stop           3.2000       1.00000  0.00     15.103    0
  -94.5140       2.5000       1.51760  63.50    17.080    1
  45.5480        0.4500       1.00000  0.00     17.080    0
  0              6.7200       1.88300  40.80    19.000    1
  -11.1740       1.2000       1.76182  26.50    19.000    1
  -124.5000      4.9900       1.88300  40.80    24.760    1
  -20.5160       17.0000      1.00000  0.00     24.760    0
  0              2.8000       1.51680  64.20    27.820    1
  0              3.1300       1.00000  0.00     27.820    0
