# Fujifilm Fujinon XF18mm F2 R
#
# Patent: US20140240851
# Converted from photonstophotos.net Optical Bench data
# 18 surfaces, 9 glass elements, f/2.1

name: Fujifilm Fujinon XF18mm F2 R
focal_length: 18.55

surfaces:
# radius       thickness    ior      abbe     semi_ap   coating
  -127.7261      1.0000       1.51742  52.43    17.660    1
  10.3754        3.7500       1.00000  0.00     13.700    0
  22.3303        2.2800       1.83400  37.16    13.740    1
  0              2.1400       1.00000  0.00     13.740    0
  stop           3.6200       1.00000  0.00     11.521    0
  33.4959        0.8600       1.64769  33.79    14.800    1
  9.7960         5.4200       1.80400  46.57    13.300    1
  -27.8872       0.4700       1.00000  0.00     13.240    0
  29.2500        2.4000       1.80610  40.73    14.360    1
  -130.8460      0.4000       1.00000  0.00     14.360    0
  0              0.8000       1.92286  18.90    14.860    1
  16.6589        3.4200       1.00000  0.00     12.470    0
  -7.2118        1.9000       1.80500  40.98    12.340    1
  -12.0000       0.8700       1.00000  0.00     16.600    0
  52.4207        5.6600       1.83481  42.71    25.220    1
  -29.8692       6.6100       1.00000  0.00     25.220    0
  0              2.7000       1.51633  64.14    29.640    1
  0              2.7000       1.00000  0.00     29.640    0
