# Fujifilm Fujinon GF110mm F2 R LM WR
#
# Patent: US20180100988
# Converted from photonstophotos.net Optical Bench data
# 26 surfaces, 15 glass elements, f/2.1

name: Fujifilm Fujinon GF110mm F2 R LM WR
focal_length: 108.47

surfaces:
# radius       thickness    ior      abbe     semi_ap   coating
  98.0201        3.9500       1.95375  32.32    56.560    1
  265.8358       0.1000       1.00000  0.00     56.560    0
  106.1474       5.3200       1.55032  75.50    53.140    1
  -625.6445      0.3600       1.00000  0.00     53.140    0
  0              1.7300       1.56732  42.81    53.560    1
  49.3830        5.9800       1.88300  39.22    47.680    1
  192.1886       1.4900       1.00000  0.00     47.680    0
  0              1.7000       1.63980  34.49    47.680    1
  30.7780        10.1000      1.55032  75.50    42.900    1
  0              6.0100       1.00000  0.00     42.900    0
  stop           4.7000       1.00000  0.00     37.056    0
  -380.4254      3.0700       1.95906  17.47    36.760    1
  -70.6290       1.2200       1.85150  40.78    36.760    1
  51.2612        18.1900      1.00000  0.00     32.520    0
  -230.3817      5.1800       1.55032  75.50    35.400    1
  -39.2300       1.6300       1.68893  31.16    35.400    1
  -102.2608      0.1000       1.00000  0.00     37.860    0
  48.4494        8.7500       1.59282  68.62    41.260    1
  -82.6540       1.8000       1.76182  26.61    41.260    1
  82.6540        9.9600       1.00000  0.00     41.260    0
  119.8382       7.0400       2.00100  29.13    45.900    1
  -96.6341       19.5100      1.00000  0.00     45.900    0
  -37.7586       1.4700       1.51680  64.21    43.620    1
  -163.9992      23.8566      1.00000  0.00     47.380    0
  0              3.2000       1.51680  64.20    56.470    1
  0              1.0003       1.00000  0.00     56.470    0
