# Fujifilm Fujinon XF56mm F1.2 R WR
#
# Patent: JP2023-029039
# Converted from photonstophotos.net Optical Bench data
# 24 surfaces, 14 glass elements, f/1.2

name: Fujifilm Fujinon XF56mm F1.2 R WR
focal_length: 54.45

surfaces:
# radius       thickness    ior      abbe     semi_ap   coating
  51.6499        6.9800       1.62041  60.36    47.020    1
  -2367.2700     1.5000       1.85451  25.15    47.020    1
  102.5467       17.1000      1.00000  0.00     44.820    0
  36.7616        5.2700       1.95906  17.47    39.640    1
  117.4113       0.5000       1.00000  0.00     39.640    0
  24.6965        7.5900       1.55032  75.50    33.620    1
  899.8530       1.3300       1.92286  20.88    33.620    1
  19.0086        6.8100       1.00000  0.00     24.760    0
  stop           3.3400       1.00000  0.00     23.040    0
  -135.4568      2.1000       1.58254  59.44    22.440    1
  -49.2308       0.2050       1.00000  0.00     22.440    0
  -42.0952       0.8100       1.78472  25.72    23.120    1
  23.0954        4.9900       1.81600  46.56    22.700    1
  -96.6818       1.0000       1.00000  0.00     22.700    0
  -42.9874       0.9100       1.61340  44.17    22.700    1
  58.7355        4.1500       2.05090  26.94    23.380    1
  -41.0867       1.6570       1.00000  0.00     23.380    0
  65.9272        5.4000       2.00100  29.12    24.200    1
  -26.1773       0.9400       1.78880  28.43    24.200    1
  42.2791        3.7590       1.00000  0.00     23.050    0
  -119.5035      1.5100       1.68863  31.19    23.050    1
  -6171825.0395  9.2750       1.00000  0.00     24.200    0
  0              2.8500       1.51680  64.20    27.900    1
  0              1.0130       1.00000  0.00     27.900    0
