# Fujifilm Fujinon XF100-400mm F4.5-5.6 R LM OIS WR
#
# Patent: US20170090170
# Converted from photonstophotos.net Optical Bench data
# 39 surfaces, 23 glass elements, f/4.6

name: Fujifilm Fujinon XF100-400mm F4.5-5.6 R LM OIS WR
focal_length: 102.87

surfaces:
# radius       thickness    ior      abbe     semi_ap   coating
  269.4820       2.2200       1.83481  42.72    77.660    1
  107.6500       8.4500       1.49700  81.54    72.040    1
  -666.6730      0.1500       1.00000  0.00     72.040    0
  96.6240        7.9500       1.43875  94.66    69.640    1
  0              47.9120      1.00000  0.00     69.640    0
  -208.6920      3.6900       1.60562  43.71    30.400    1
  -38.6230       1.0000       1.75500  52.32    30.400    1
  -78.9170       2.3000       1.00000  0.00     30.400    0
  -167.2130      1.0100       1.59522  67.73    28.340    1
  25.0050        3.0900       1.78470  26.29    28.340    1
  44.8280        2.8700       1.00000  0.00     24.720    0
  -69.0550       1.0000       1.81600  46.62    24.720    1
  193.3710       28.8930      1.00000  0.00     28.340    0
  71.4320        5.7200       1.58913  61.13    29.520    1
  -44.4520       0.1500       1.00000  0.00     29.520    0
  39.5870        6.5300       1.49700  81.54    28.320    1
  -33.1140       1.0000       1.90043  37.37    28.320    1
  139.3460       0.1800       1.00000  0.00     28.320    0
  28.8370        6.7000       1.58267  46.42    25.940    1
  -28.8370       1.0000       1.51742  52.43    25.940    1
  21.2760        2.7800       1.00000  0.00     19.260    0
  stop           11.3590      1.00000  0.00     18.178    0
  49.7810        4.6700       1.49700  81.54    20.300    1
  -56.4420       0.3300       1.00000  0.00     20.300    0
  -40.4870       1.0000       1.83481  42.72    20.300    1
  -448.8960      0.1700       1.00000  0.00     20.300    0
  40.5230        1.0100       1.69700  48.52    20.300    1
  20.7500        4.3000       1.51742  52.43    20.300    1
  -43.7300       7.2020       1.00000  0.00     20.300    0
  92.4470        1.0000       1.61800  63.33    19.860    1
  16.3940        2.6300       1.00000  0.00     17.790    0
  0              1.0100       1.49700  81.54    19.860    1
  14.9090        4.4500       1.69350  53.20    19.860    1
  53.2200        5.1650       1.00000  0.00     19.860    0
  -249.6660      2.9100       1.54072  47.23    26.480    1
  -49.7700       36.0480      1.00000  0.00     26.480    0
  0              2.1500       1.54763  54.99    29.540    1
  0              0.7000       1.49784  54.95    29.540    1
  0              1.0000       1.00000  0.00     29.540    0
