# Fujifilm Fujinon XF33 F1.4 R LM WR
#
# Patent: US20220276464
# Converted from photonstophotos.net Optical Bench data
# 28 surfaces, 16 glass elements, f/1.4

name: Fujifilm Fujinon XF33 F1.4 R LM WR
focal_length: 33.93

surfaces:
# radius       thickness    ior      abbe     semi_ap   coating
  -48.6592       1.0000       1.48749  70.42    32.960    1
  41.5771        4.2900       1.00000  0.00     30.190    0
  59.8074        4.4800       1.83481  42.73    31.620    1
  -153.2429      0.2700       1.00000  0.00     31.620    0
  -150.2108      4.3300       1.49700  81.59    30.320    1
  -34.5615       1.0100       1.59270  35.31    30.320    1
  118.3516       2.0800       1.00000  0.00     31.620    0
  68.4344        6.0500       1.81600  46.54    31.600    1
  -44.2924       1.0100       1.78470  26.27    31.600    1
  -77.5628       3.8900       1.00000  0.00     31.600    0
  stop           7.0100       1.00000  0.00     26.473    0
  20.7479        3.0700       1.95906  17.47    24.160    1
  34.4785        0.1300       1.00000  0.00     24.160    0
  29.8600        0.8000       1.84666  23.79    23.930    1
  11.9120        4.7900       1.59283  68.63    20.600    1
  22.1252        4.6000       1.00000  0.00     18.790    0
  -18.9247       3.1200       1.49700  81.59    18.790    1
  -13.8596       0.8000       1.74077  27.76    19.670    1
  -77.3222       0.2300       1.00000  0.00     24.010    0
  116.2144       5.3900       1.85343  40.55    24.010    1
  -19.9974       1.7100       1.00000  0.00     24.010    0
  94.5562        5.1200       1.90043  37.37    24.940    1
  -29.0764       1.0100       1.67300  38.26    24.940    1
  41.7117        3.1300       1.00000  0.00     22.860    0
  -55.6907       1.6000       1.68863  31.19    22.860    1
  -250.0002      9.4071       1.00000  0.00     24.880    0
  0              2.8500       1.51680  64.20    28.820    1
  0              0.2010       1.00000  0.00     28.820    0
