# Fujifilm Fujinon 60mm F4 Super EBC (GA645 Professional)
#
# Patent: US005548447
# Converted from photonstophotos.net Optical Bench data
# 15 surfaces, 7 glass elements, f/4.0

name: Fujifilm Fujinon 60mm F4 Super EBC (GA645 Professional)
focal_length: 60.00

surfaces:
# radius       thickness    ior      abbe     semi_ap   coating
  18.5970        2.4420       1.83400  37.34    22.340    1
  25.3692        0.0960       1.00000  0.00     21.580    0
  17.9484        2.9100       1.78590  43.93    19.220    1
  24.8694        0.3240       1.00000  0.00     16.390    0
  31.8390        0.9720       1.80518  25.50    19.220    1
  13.3884        1.9860       1.00000  0.00     14.050    0
  32.5086        2.6760       1.72342  37.99    14.610    1
  69.3306        4.5680       1.00000  0.00     12.920    0
  stop           2.3200       1.00000  0.00     11.062    0
  -31.6698       2.0820       1.83400  37.34    15.800    1
  -22.1628       0.9600       1.00000  0.00     17.540    0
  -14.5392       1.0200       1.64769  33.90    16.140    1
  -271.8666      0.0000       1.00000  0.00     21.550    0
  -271.8666      4.1940       1.78590  43.93    21.550    1
  -19.7280       44.4500      1.00000  0.00     21.550    0
