# Fujifilm Fujinon GF50mm F3.5 R LM WR
#
# Patent: US20200166730
# Converted from photonstophotos.net Optical Bench data
# 18 surfaces, 10 glass elements, f/3.6

name: Fujifilm Fujinon GF50mm F3.5 R LM WR
focal_length: 48.57

surfaces:
# radius       thickness    ior      abbe     semi_ap   coating
  80.0420        1.0300       1.64769  33.84    20.090    1
  16.0360        3.4400       1.87070  40.73    16.560    1
  90.6570        3.2100       1.00000  0.00     16.560    0
  stop           6.7600       1.00000  0.00     13.100    0
  -29.2120       1.0100       1.61293  37.01    13.700    1
  21.1960        3.8900       1.88300  39.22    16.630    1
  -30.3750       1.0000       1.00000  0.00     16.970    0
  -16.5560       1.0500       1.54814  45.83    15.770    1
  45.1490        5.2600       1.65160  58.55    20.090    1
  -18.7410       1.1900       1.00000  0.00     20.450    0
  -22.1310       1.5000       1.77250  49.50    21.710    1
  -25.0080       5.4600       1.00000  0.00     23.780    0
  -24.3410       3.6300       1.84667  23.79    25.470    1
  -117.5080      4.6200       1.00000  0.00     32.180    0
  0              4.8600       2.00100  29.13    43.090    1
  -62.5420       18.8300      1.00000  0.00     43.090    0
  0              2.8500       1.51680  64.20    60.210    1
  0              1.3100       1.00000  0.00     60.210    0
