# Fujifilm Fujinon GF250mm F4 R LM OIS WR with Fujifilm Fujinon GF1.4X TC WR
#
# Patent: US20190086645
# Converted from photonstophotos.net Optical Bench data
# 39 surfaces, 24 glass elements, f/5.8

name: Fujifilm Fujinon GF250mm F4 R LM OIS WR with Fujifilm Fujinon GF1.4X TC WR
focal_length: 339.58

surfaces:
# radius       thickness    ior      abbe     semi_ap   coating
  437.9481       4.3400       1.48749  70.24    67.180    1
  -437.9481      0.2300       1.00000  0.00     67.180    0
  88.2356        9.2300       1.49700  81.54    64.120    1
  -318.6800      1.9500       1.65160  58.62    66.500    1
  184.2906       1.0500       1.00000  0.00     61.040    0
  52.2197        2.0600       1.51742  52.43    58.320    1
  35.0700        10.6000      1.49700  81.54    53.020    1
  99.3624        10.1100      1.00000  0.00     53.020    0
  58.2609        4.3800       1.90366  31.31    47.740    1
  128.2200       1.9500       1.80610  40.93    47.040    1
  34.8158        16.6200      1.00000  0.00     41.760    0
  41.4281        2.3200       1.56732  42.82    39.720    1
  29.5030        7.1100       1.43875  94.66    36.460    1
  439.0296       8.5200       1.00000  0.00     36.460    0
  stop           3.7100       1.00000  0.00     27.381    0
  356.6297       1.0300       1.85150  40.78    28.800    1
  50.9986        2.8900       1.00000  0.00     26.480    0
  -79.3300       0.9000       1.72916  54.09    26.480    1
  34.9710        3.2800       1.84666  23.78    28.360    1
  109.9049       6.4100       1.00000  0.00     28.360    0
  130.5900       2.6300       1.89286  20.36    32.840    1
  45.9840        7.6100       1.67003  47.20    30.760    1
  -108.5346      20.1500      1.00000  0.00     30.760    0
  129.0771       5.6900       1.60342  38.03    39.580    1
  -82.4767       16.4200      1.00000  0.00     39.580    0
  -104.7176      1.7500       1.72916  54.68    37.800    1
  -1000.2365     16.4997      1.00000  0.00     40.400    0
  425.3981       1.7000       1.71299  53.87    39.390    1
  53.7890        6.9700       1.59551  39.24    37.290    1
  -88.1371       6.8500       1.00000  0.00     37.290    0
  -91.6290       1.7000       1.88300  39.22    41.050    1
  43.0030        11.2000      1.62588  35.74    41.920    1
  -43.0030       1.7000       1.75500  52.32    41.920    1
  173.8058       0.2000       1.00000  0.00     41.920    0
  57.9507        8.1500       1.65412  39.68    44.110    1
  -151.5200      1.7300       2.00272  19.32    46.120    1
  898.0469       38.9201      1.00000  0.00     46.120    0
  0              3.2000       1.51680  64.20    58.560    1
  0              0.0000       1.00000  0.00     58.560    0
