# Fujifilm Fujinon XF200mm F2 R LM OIS WR
#
# Patent: US20190265504
# Converted from photonstophotos.net Optical Bench data
# 36 surfaces, 20 glass elements, f/2.1

name: Fujifilm Fujinon XF200mm F2 R LM OIS WR
focal_length: 194.01

surfaces:
# radius       thickness    ior      abbe     semi_ap   coating
  430.7013       7.0700       1.67270  32.10    97.580    1
  -727.3321      0.4562       1.00000  0.00     97.580    0
  165.9720       10.7500      1.43875  94.66    95.020    1
  -1120.2835     20.2132      1.00000  0.00     95.020    0
  105.9369       13.9100      1.49700  81.54    77.800    1
  -218.3400      3.1600       1.83481  42.74    75.240    1
  775.7212       1.6106       1.00000  0.00     75.240    0
  91.4829        11.0200      1.49700  81.54    66.520    1
  -267.5300      2.7200       1.91082  35.25    64.480    1
  141.8275       22.2150      1.00000  0.00     64.480    0
  266.7587       4.1100       1.80809  22.76    48.260    1
  -266.7587      0.3002       1.00000  0.00     48.260    0
  266.7635       2.0000       1.80000  29.84    46.040    1
  47.2925        9.4871       1.00000  0.00     42.980    0
  stop           18.6300      1.00000  0.00     40.730    0
  61.1684        1.8100       1.54814  45.78    38.940    1
  39.3800        6.6000       1.69680  55.53    37.400    1
  0              4.9200       1.00000  0.00     37.400    0
  36.1305        2.3000       1.60342  38.03    29.900    1
  23.9164        7.9000       1.00000  0.00     28.540    0
  415.3848       2.2800       1.95906  17.47    26.140    1
  -91.4760       1.5100       1.73400  51.47    26.140    1
  42.9219        1.8900       1.00000  0.00     22.980    0
  -217.2372      1.4000       1.80100  34.97    22.980    1
  66.6268        3.2077       1.00000  0.00     22.980    0
  51.5518        3.1100       1.90366  31.31    26.820    1
  0              1.0602       1.00000  0.00     26.820    0
  -77.9583       1.4000       1.80809  22.76    25.530    1
  145.8634       4.4301       1.00000  0.00     27.500    0
  133.6002       4.2800       1.80610  40.93    30.420    1
  -60.7409       0.6043       1.00000  0.00     30.420    0
  53.2520        8.6300       1.65412  39.73    30.580    1
  -53.2520       1.9000       1.80000  29.84    29.900    1
  154.3014       28.1625      1.00000  0.00     29.900    0
  0              2.8500       1.51680  64.20    31.600    1
  0              1.1000       1.00000  0.00     31.600    0
