# US 5,920,436 Example 1
#
# Patent: US005920436
# Converted from photonstophotos.net Optical Bench data
# 17 surfaces, 9 glass elements, f/0.8

name: US 5,920,436 Example 1
focal_length: 24.00

surfaces:
# radius       thickness    ior      abbe     semi_ap   coating
  268.2300       3.2000       1.78500  43.70    34.400    1
  -95.0400       0.3000       1.00000  0.00     34.400    0
  26.7500        4.9000       1.83500  42.70    28.500    1
  103.2800       0.4600       1.00000  0.00     26.580    0
  220.9700       1.2500       1.78472  25.70    26.580    1
  41.6500        0.1000       1.00000  0.00     24.500    0
  13.5900        3.2500       1.83500  42.70    21.900    1
  18.1200        1.0000       1.64769  33.90    20.600    1
  9.2900         5.3000       1.00000  0.00     16.100    0
  stop           3.7000       1.00000  0.00     15.723    0
  -11.3700       1.0000       1.84666  23.90    15.400    1
  53.3500        5.8500       1.88300  40.90    19.400    1
  -17.1800       0.2000       1.00000  0.00     20.700    0
  70.4400        3.5500       1.88300  40.90    22.300    1
  -35.3500       0.1000       1.00000  0.00     22.300    0
  23.3300        2.9000       1.83500  42.70    23.300    1
  44.8300        10.1700      1.00000  0.00     23.300    0
