# Fujifilm Fujinon 7.1-28.4mm F2.0-2.8 Super EBC (X10)
#
# Patent: US20140133036
# Converted from photonstophotos.net Optical Bench data
# 23 surfaces, 12 glass elements, f/2.0

name: Fujifilm Fujinon 7.1-28.4mm F2.0-2.8 Super EBC (X10)
focal_length: 7.34

surfaces:
# radius       thickness    ior      abbe     semi_ap   coating
  38.6302        1.1100       1.94595  17.98    28.220    1
  26.9760        4.3000       1.83481  42.72    26.360    1
  371.8467       0.4000       1.00000  0.00     26.360    0
  66.7099        1.0000       1.88300  40.76    19.360    1
  8.4132         4.8000       1.00000  0.00     13.680    0
  -19.0605       1.0000       1.58313  59.37    13.680    1
  55.6768        0.4000       1.00000  0.00     14.020    0
  24.9067        2.5000       1.92286  20.88    14.560    1
  -499.8687      19.8500      1.00000  0.00     14.560    0
  stop           0.8500       1.00000  0.00     9.763     0
  14.2177        2.5000       1.80360  40.28    12.820    1
  -250.1461      0.1000       1.00000  0.00     12.820    0
  10.0090        3.4100       1.59282  68.62    10.740    1
  -20.8840       0.7000       1.69895  30.13    11.400    1
  7.4062         2.1000       1.00000  0.00     8.060     0
  -10.0000       0.9000       1.80360  40.28    8.060     1
  -20.4609       0.1000       1.00000  0.00     8.060     0
  27.8958        2.9000       1.49700  81.54    10.420    1
  -10.0111       6.7700       1.00000  0.00     10.420    0
  14.4956        2.8000       1.48749  70.24    14.020    1
  34.9421        4.1000       1.00000  0.00     14.020    0
  0              2.1400       1.51680  64.20    11.400    1
  0              0.6100       1.00000  0.00     11.400    0
