# Fujifilm Fujinon XF150-600mm F5.6-8 R LM OIS WR
#
# Patent: DE102022118285
# Converted from photonstophotos.net Optical Bench data
# 44 surfaces, 25 glass elements, f/5.8

name: Fujifilm Fujinon XF150-600mm F5.6-8 R LM OIS WR
focal_length: 154.61

surfaces:
# radius       thickness    ior      abbe     semi_ap   coating
  219.9234       1.8000       1.62005  36.35    75.470    1
  106.0311       0.1730       1.00000  0.00     73.230    0
  107.1024       8.0840       1.43700  95.10    73.230    1
  -1680.7281     0.2000       1.00000  0.00     73.230    0
  104.5365       7.5870       1.43700  95.10    71.170    1
  0              24.8970      1.00000  0.00     71.170    0
  -189.3411      2.1560       1.69680  55.53    36.850    1
  64.6561        3.9110       1.00000  0.00     32.450    0
  -72.7943       1.4240       1.43700  95.10    32.450    1
  77.5918        3.2200       1.85896  22.73    33.170    1
  259.9401       79.5460      1.00000  0.00     33.170    0
  0              4.8860       1.49700  81.54    46.720    1
  -77.5337       0.3940       1.00000  0.00     46.720    0
  123.8516       3.5100       1.49700  81.54    45.980    1
  0              0.1000       1.00000  0.00     45.980    0
  83.5438        7.1710       1.43700  95.10    46.090    1
  -112.0438      1.8360       1.91082  35.25    46.090    1
  0              20.9980      1.00000  0.00     46.090    0
  57.3935        1.2240       1.78590  44.20    40.140    1
  34.6227        1.5000       1.00000  0.00     37.110    0
  34.6076        8.2970       1.49700  81.54    38.070    1
  -244.5700      11.3230      1.00000  0.00     38.070    0
  stop           5.2390       1.00000  0.00     27.927    0
  -279.1230      3.4470       1.73800  32.33    26.790    1
  -37.0446       1.1480       1.69680  55.53    26.790    1
  62.1090        26.8840      1.00000  0.00     27.330    0
  434.5712       3.6800       1.54814  45.78    20.010    1
  -22.5340       0.8270       2.00069  25.46    20.010    1
  -33.2574       2.5000       1.00000  0.00     20.010    0
  51.1450        3.0110       1.80519  25.48    19.460    1
  -51.1450       0.8390       1.72915  54.64    19.460    1
  26.5543        1.9930       1.00000  0.00     17.950    0
  -96.4501       0.6660       1.81600  46.54    17.950    1
  42.4581        2.6140       1.00000  0.00     18.520    0
  30.1723        4.6920       1.67300  38.26    18.090    1
  -22.1603       0.8100       2.00069  25.46    18.090    1
  33.8228        3.1260       1.73800  32.33    20.000    1
  -72.3695       1.2520       1.00000  0.00     20.000    0
  49.3969        4.0430       1.60342  38.03    20.240    1
  -29.1572       5.6000       1.00000  0.00     20.240    0
  -23.0241       0.6570       1.62041  60.37    18.240    1
  126.7514       53.9220      1.00000  0.00     21.480    0
  0              2.8500       1.51680  64.20    29.000    1
  0              1.0000       1.00000  0.00     29.000    0
