# Fujifilm Fujinon GF55mm F1.7 R WR
#
# Patent: US20230341664
# Converted from photonstophotos.net Optical Bench data
# 27 surfaces, 15 glass elements, f/1.8

name: Fujifilm Fujinon GF55mm F1.7 R WR
focal_length: 56.67

surfaces:
# radius       thickness    ior      abbe     semi_ap   coating
  189.7752       1.7000       1.59270  35.45    54.630    1
  38.4658        1.6800       1.00000  0.00     47.110    0
  39.4444        4.3700       1.95375  32.31    46.540    1
  58.6361        15.4700      1.00000  0.00     46.540    0
  47.1747        3.8800       2.05091  26.95    34.440    1
  195.3507       2.9800       1.00000  0.00     34.440    0
  46.9048        4.4700       1.49700  81.61    31.590    1
  -330.2990      1.2200       1.78880  28.43    30.550    1
  42.5483        4.2600       1.00000  0.00     28.730    0
  stop           6.6500       1.00000  0.00     27.970    0
  -67.7803       3.8800       1.77210  49.30    27.730    1
  -29.6594       0.6400       1.00000  0.00     27.730    0
  -28.4983       1.1700       1.62589  35.71    27.450    1
  23.5438        12.4400      1.59283  68.63    28.270    1
  -27.7112       0.7000       1.00000  0.00     28.710    0
  -28.8287       1.2300       1.78880  28.43    28.930    1
  52.3351        7.5200       2.00069  25.43    32.260    1
  -44.4459       3.5100       1.00000  0.00     33.090    0
  94.8433        7.7600       1.84850  43.79    36.190    1
  -39.6921       1.3600       1.59551  39.22    36.190    1
  58.6314        5.0600       1.00000  0.00     36.190    0
  -76.6425       1.2400       1.54072  47.23    36.490    1
  -750.3849      4.1100       1.00000  0.00     36.490    0
  -299.9968      3.5000       1.68863  31.20    36.750    1
  -593.4954      17.4498      1.00000  0.00     39.790    0
  0              3.2000       1.51680  64.20    54.320    1
  0              1.0582       1.00000  0.00     54.320    0
