# Fujifilm Fujinon GF500mm F5.6 R LM OIS WR
#
# Patent: WO2025-013477
# Converted from photonstophotos.net Optical Bench data
# 36 surfaces, 21 glass elements, f/5.7

name: Fujifilm Fujinon GF500mm F5.6 R LM OIS WR
focal_length: 485.45

surfaces:
# radius       thickness    ior      abbe     semi_ap   coating
  287.9986       4.5000       1.63980  34.47    87.080    1
  0              0.9510       1.00000  0.00     87.080    0
  88.2297        9.0900       1.49700  81.61    85.040    1
  279.4780       63.5240      1.00000  0.00     85.040    0
  49.8839        8.0000       1.43700  95.10    48.980    1
  0              0.6970       1.00000  0.00     48.980    0
  -1153.3576     1.5000       1.80420  46.50    47.320    1
  39.8871        7.5900       1.43700  95.10    43.140    1
  -1962.8727     2.0010       1.00000  0.00     43.140    0
  395.3446       1.2200       1.69680  55.46    37.620    1
  64.9927        15.0000      1.00000  0.00     37.620    0
  29.4999        6.3200       1.49700  81.61    32.860    1
  0              2.5590       1.00000  0.00     32.860    0
  stop           4.4860       1.00000  0.00     29.296    0
  346.7425       0.8800       1.92119  23.96    26.040    1
  20.9662        4.8700       1.55032  75.50    24.600    1
  157.7037       7.4000       1.00000  0.00     24.600    0
  415.7340       3.6700       1.84666  23.84    22.700    1
  -29.6829       0.7600       1.83481  42.72    22.020    1
  52.4615        1.2150       1.00000  0.00     20.710    0
  -320.5664      0.8600       1.94595  17.98    20.710    1
  94.9071        2.9990       1.00000  0.00     21.760    0
  38.1656        5.8300       1.63980  34.47    23.400    1
  -23.6923       1.0000       1.77250  49.62    23.400    1
  -247.6705      9.2240       1.00000  0.00     23.720    0
  56.5577        6.8600       1.59551  39.24    25.880    1
  -24.0928       1.0000       1.49700  81.61    25.880    1
  64.8246        2.9130       1.00000  0.00     25.880    0
  297.9934       1.0000       1.87070  40.73    26.260    1
  20.3416        8.1400       1.84666  23.84    26.260    1
  -94.8636       3.0670       1.00000  0.00     26.260    0
  -28.3317       0.9700       1.49700  81.61    26.260    1
  75.0160        1.2000       1.00000  0.00     27.700    0
  57.4938        8.6200       1.78880  28.43    29.220    1
  -27.1008       1.0500       1.98613  16.48    29.220    1
  0              66.3210      1.00000  0.00     30.280    0
