# Fujifilm Fujinon XF18-135mm F3.5-5.6 R LM OIS WR
#
# Patent: US009651761
# Converted from photonstophotos.net Optical Bench data
# 31 surfaces, 17 glass elements, f/3.6

name: Fujifilm Fujinon XF18-135mm F3.5-5.6 R LM OIS WR
focal_length: 18.50

surfaces:
# radius       thickness    ior      abbe     semi_ap   coating
  115.1219       1.6100       1.92286  20.88    49.940    1
  61.9500        5.4000       1.59282  68.63    44.480    1
  0              0.1000       1.00000  0.00     44.480    0
  50.3301        4.0000       1.75500  52.32    39.300    1
  160.3207       0.6980       1.00000  0.00     39.300    0
  870.6589       1.2500       1.85135  40.23    29.200    1
  16.6187        5.8920       1.00000  0.00     21.490    0
  -47.8354       0.8500       1.83481  42.73    21.490    1
  36.2239        0.4400       1.00000  0.00     23.860    0
  28.7603        4.5800       1.92286  20.88    22.360    1
  -49.2800       3.0910       1.00000  0.00     22.360    0
  -36.6889       1.0000       1.79839  45.28    18.000    1
  200.0000       20.9990      1.00000  0.00     18.000    0
  17.3196        4.0000       1.56867  58.50    17.860    1
  -1504.8869     1.3000       1.00000  0.00     17.860    0
  stop           2.8000       1.00000  0.00     12.418    0
  25.7060        4.1000       1.49700  81.54    16.500    1
  -25.7060       0.7000       1.92286  20.88    16.500    1
  -186.4615      2.0000       1.00000  0.00     18.280    0
  -46.1274       2.1100       2.00069  25.46    19.360    1
  -19.9650       1.0000       1.67300  38.15    19.360    1
  38.8515        4.0000       1.00000  0.00     19.360    0
  24.8175        5.0000       1.66630  55.16    16.300    1
  -31.5092       4.0000       1.00000  0.00     16.300    0
  -24.2108       1.5100       1.88300  40.76    19.900    1
  50.3970        2.9900       1.72825  28.46    19.900    1
  -96.3859       2.0000       1.00000  0.00     19.900    0
  -99.9663       2.5700       1.48749  70.23    28.200    1
  -48.8141       2.0000       1.00000  0.00     28.200    0
  0              2.8500       1.51680  64.20    27.240    1
  0              16.0800      1.00000  0.00     27.240    0
