# Fujifilm Fujinon XF90mm F2 R LM WR
#
# Patent: US20160274335
# Converted from photonstophotos.net Optical Bench data
# 22 surfaces, 12 glass elements, f/2.1

name: Fujifilm Fujinon XF90mm F2 R LM WR
focal_length: 87.50

surfaces:
# radius       thickness    ior      abbe     semi_ap   coating
  134.5422       4.5500       1.51633  64.14    49.600    1
  -308.4824      0.5200       1.00000  0.00     49.600    0
  57.1145        6.0500       1.49700  81.61    44.320    1
  0              0.1800       1.00000  0.00     44.320    0
  54.9520        7.0100       1.59522  67.73    41.380    1
  -138.9200      3.0000       1.74950  35.33    41.380    1
  65.1295        8.0500       1.00000  0.00     34.400    0
  stop           4.6000       1.00000  0.00     28.951    0
  -99.9670       2.6100       1.92286  18.90    28.660    1
  -53.9950       1.4900       1.63854  55.38    28.660    1
  38.3833        18.7530      1.00000  0.00     27.260    0
  -299.9336      2.8000       1.59522  67.73    29.580    1
  -65.5145       0.2500       1.00000  0.00     29.580    0
  65.0303        6.5100       1.83481  42.72    30.060    1
  -43.0030       1.3500       1.67270  32.10    30.060    1
  33.7544        9.1800       1.00000  0.00     30.520    0
  39.8225        6.4000       1.71300  53.87    33.160    1
  -107.0352      5.7500       1.00000  0.00     33.160    0
  -75.1706       1.3500       1.51742  52.43    29.740    1
  75.1706        20.7840      1.00000  0.00     29.740    0
  0              2.8500       1.51633  64.14    28.740    1
  0              2.0100       1.00000  0.00     28.740    0
