# Fujifilm Fujinon GF20-35mm F4 R WR
#
# Patent: US20220236544
# Converted from photonstophotos.net Optical Bench data
# 27 surfaces, 15 glass elements, f/4.1

name: Fujifilm Fujinon GF20-35mm F4 R WR
focal_length: 20.60

surfaces:
# radius       thickness    ior      abbe     semi_ap   coating
  42.2962        1.4000       1.95906  17.47    47.100    1
  21.1899        6.3511       1.00000  0.00     35.900    0
  61.1798        2.2900       1.58313  59.46    36.760    1
  19.1309        9.1788       1.00000  0.00     30.030    0
  -56.2094       1.2100       1.49700  81.60    30.030    1
  26.1773        4.7900       1.84667  23.79    29.760    1
  137.3349       17.4600      1.00000  0.00     29.760    0
  44.7695        2.4500       1.91082  35.25    18.110    1
  0              7.0374       1.00000  0.00     22.060    0
  -36.7101       2.7500       1.68863  31.20    18.320    1
  -44.4975       7.5600       1.00000  0.00     18.320    0
  stop           1.2008       1.00000  0.00     13.242    0
  25.9750        6.9800       1.48749  70.44    20.340    1
  -25.9750       0.8000       1.75700  47.71    20.340    1
  19.4240        3.8500       1.49700  81.61    20.280    1
  0              1.4526       1.00000  0.00     20.280    0
  39.3908        6.8000       1.49648  81.30    24.360    1
  -22.7697       7.4500       1.00000  0.00     24.360    0
  41.5939        1.1500       1.90366  31.31    28.060    1
  16.6618        4.8500       1.49700  81.61    25.800    1
  42.3986        4.7645       1.00000  0.00     25.310    0
  -45.8664       1.5000       1.69350  53.20    25.310    1
  -277.6916      5.0800       1.00000  0.00     27.730    0
  -254.4443      6.5500       1.87070  40.73    48.320    1
  -45.2499       17.0778      1.00000  0.00     48.320    0
  0              3.2000       1.51680  64.20    54.920    1
  0              2.0500       1.00000  0.00     54.920    0
