# Fujifilm Fujinon XF16mm F1.4 R WR
#
# Patent: US20160282590
# Converted from photonstophotos.net Optical Bench data
# 27 surfaces, 14 glass elements, f/1.4

name: Fujifilm Fujinon XF16mm F1.4 R WR
focal_length: 16.48

surfaces:
# radius       thickness    ior      abbe     semi_ap   coating
  38.3268        2.2000       1.84666  23.78    40.500    1
  18.2985        6.4628       1.00000  0.00     32.370    0
  101.4033       1.8000       1.58313  59.37    34.400    1
  24.8055        8.1652       1.00000  0.00     29.580    0
  -54.0691       1.2000       1.48749  70.24    29.140    1
  48.5554        0.7482       1.00000  0.00     29.140    0
  70.2046        5.4400       2.00100  29.13    29.840    1
  -47.6350       1.3800       1.51742  52.43    29.840    1
  269.0688       0.1436       1.00000  0.00     29.840    0
  28.1259        5.3500       1.88300  40.76    29.580    1
  424.0469       5.5671       1.00000  0.00     29.580    0
  23.0504        3.3200       1.81600  46.62    20.320    1
  273.0245       0.1300       1.00000  0.00     20.320    0
  49.5397        1.0000       1.92286  18.90    19.800    1
  16.3940        4.3829       1.00000  0.00     16.920    0
  stop           3.8277       1.00000  0.00     15.572    0
  -11.7384       1.8700       1.80348  40.45    16.300    1
  -13.2023       1.1383       1.00000  0.00     19.180    0
  -29.6767       4.5200       1.59282  68.62    17.700    1
  -11.1270       1.3000       1.64769  33.79    17.700    1
  -15.9271       0.1300       1.00000  0.00     18.320    0
  0              6.0100       1.49700  81.61    23.200    1
  -17.3654       1.0017       1.00000  0.00     23.200    0
  125.9601       2.8000       1.94595  17.98    24.160    1
  52.8849        13.7445      1.00000  0.00     24.160    0
  0              2.8500       1.51680  64.20    27.800    1
  0              2.1206       1.00000  0.00     27.800    0
