# Fujifilm Fujinon XF8-16mm F2.8 R LM WR
#
# Patent: US20190302431
# Converted from photonstophotos.net Optical Bench data
# 36 surfaces, 21 glass elements, f/2.9

name: Fujifilm Fujinon XF8-16mm F2.8 R LM WR
focal_length: 8.24

surfaces:
# radius       thickness    ior      abbe     semi_ap   coating
  41.9403        2.1000       1.85150  40.78    57.560    1
  24.2816        6.1780       1.00000  0.00     43.610    0
  75.0000        2.5000       1.69259  53.07    45.000    1
  18.4727        7.7840       1.00000  0.00     33.540    0
  36.2927        2.1000       1.85108  40.12    36.400    1
  17.1000        8.3540       1.00000  0.00     27.520    0
  -46.4126       1.1200       1.43875  94.66    27.520    1
  26.3200        5.1000       1.95375  32.32    27.660    1
  366.7757       29.5310      1.00000  0.00     27.660    0
  stop           1.3110       1.00000  0.00     12.276    0
  26.2612        4.8800       1.69350  53.18    17.680    1
  -35.2813       0.2030       1.00000  0.00     17.680    0
  -57.4258       0.8200       1.75500  52.32    17.600    1
  19.6670        2.8000       1.59522  67.73    16.560    1
  137.1463       1.8930       1.00000  0.00     16.560    0
  -277.2475      0.7900       1.81600  46.62    17.360    1
  29.7790        2.8000       1.64769  33.79    15.580    1
  -67.7776       3.3570       1.00000  0.00     15.580    0
  -155.8605      0.8100       1.81600  46.62    18.200    1
  20.4130        4.3600       1.59282  68.62    17.700    1
  -35.6199       2.1000       1.00000  0.00     17.700    0
  42.0272        1.0100       1.85150  40.78    20.000    1
  18.2450        4.9900       1.43875  94.66    18.820    1
  -56.8595       0.1500       1.00000  0.00     18.820    0
  25.7848        5.8000       1.43875  94.66    20.120    1
  -25.7848       2.1000       1.00000  0.00     20.120    0
  -64.1256       2.6900       1.85343  40.56    20.220    1
  -21.4585       0.1000       1.00000  0.00     20.220    0
  0              0.8900       1.88300  40.76    19.500    1
  12.2090        5.6800       1.49700  81.54    18.620    1
  -177.0300      0.8100       1.88300  39.22    18.620    1
  27.7437        3.4470       1.00000  0.00     18.000    0
  155.1527       2.5000       1.94595  17.98    25.440    1
  -99.5864       8.9490       1.00000  0.00     25.440    0
  0              2.8500       1.51680  64.20    29.800    1
  0              1.0000       1.00000  0.00     29.800    0
