# Fujifilm Fujinon GF1.4X TC WR
#
# Patent: US20190086645
# Converted from photonstophotos.net Optical Bench data
# 13 surfaces, 8 glass elements

name: Fujifilm Fujinon GF1.4X TC WR
focal_length: 50.00

surfaces:
# radius       thickness    ior      abbe     semi_ap   coating
  0              16.4997      1.00000  0.00     40.400    0
  425.3981       1.7000       1.71299  53.87    39.390    1
  53.7890        6.9700       1.59551  39.24    37.290    1
  -88.1371       6.8500       1.00000  0.00     37.290    0
  -91.6290       1.7000       1.88300  39.22    41.050    1
  43.0030        11.2000      1.62588  35.74    41.920    1
  -43.0030       1.7000       1.75500  52.32    41.920    1
  173.8058       0.2000       1.00000  0.00     41.920    0
  57.9507        8.1500       1.65412  39.68    44.110    1
  -151.5200      1.7300       2.00272  19.32    46.120    1
  898.0469       38.9201      1.00000  0.00     46.120    0
  0              3.2000       1.51680  64.20    58.560    1
  0              0.0000       1.00000  0.00     58.560    0
