# Fujifilm Fujinon-Z 43-75mm F3.5-4.5
#
# Patent: US004195912
# Converted from photonstophotos.net Optical Bench data
# 15 surfaces, 7 glass elements, f/3.5

name: Fujifilm Fujinon-Z 43-75mm F3.5-4.5
focal_length: 45.00

surfaces:
# radius       thickness    ior      abbe     semi_ap   coating
  126.3960       1.6425       1.68893  31.10    40.490    1
  26.5297        6.3675       1.00000  0.00     35.090    0
  570.3885       1.2330       1.62299  58.10    36.790    1
  45.2291        0.2070       1.00000  0.00     36.790    0
  32.9067        6.5700       1.68893  31.10    34.970    1
  3422.2815      41.5399      1.00000  0.00     34.970    0
  28.9211        3.0825       1.69680  55.60    21.860    1
  236.0268       0.2070       1.00000  0.00     21.860    0
  21.2126        2.8755       1.67790  55.50    20.400    1
  44.1589        2.7680       1.00000  0.00     20.400    0
  stop           2.9200       1.00000  0.00     18.239    0
  513.3465       1.2330       1.80518  25.50    17.000    1
  16.4799        4.7340       1.00000  0.00     15.250    0
  64.3698        5.4000       1.66680  33.10    16.430    1
  -64.3698       49.6700      1.00000  0.00     16.430    0
