# Fujifilm Fujinon GF45mm F2.8 R WR
#
# Patent: US20200174231
# Converted from photonstophotos.net Optical Bench data
# 22 surfaces, 12 glass elements, f/2.9

name: Fujifilm Fujinon GF45mm F2.8 R WR
focal_length: 44.69

surfaces:
# radius       thickness    ior      abbe     semi_ap   coating
  435.4060       1.5000       1.56732  42.82    43.160    1
  23.7968        6.0800       1.00000  0.00     33.720    0
  110.9875       1.3000       1.48749  70.44    37.820    1
  34.2201        2.5000       1.00000  0.00     33.640    0
  35.4026        4.3800       1.83481  42.72    35.460    1
  100.9749       6.8000       1.00000  0.00     35.460    0
  27.4819        6.7500       1.65160  58.55    29.520    1
  -99.9793       3.0800       1.00000  0.00     29.520    0
  -88.1673       8.1500       1.49700  81.61    24.020    1
  -15.7650       0.9100       1.51742  52.43    24.020    1
  -108.4250      4.7400       1.00000  0.00     26.380    0
  stop           9.3000       1.00000  0.00     15.535    0
  -14.8471       0.9000       1.69895  30.05    17.900    1
  152.3200       6.0100       1.49700  81.61    29.080    1
  -25.0078       0.1500       1.00000  0.00     27.340    0
  117.4165       8.5000       1.85400  40.38    37.340    1
  -31.1846       1.8900       1.00000  0.00     37.340    0
  -49.9993       3.0300       1.85026  32.27    36.860    1
  -36.4290       1.4100       1.58144  40.75    38.200    1
  0              25.0000      1.00000  0.00     40.420    0
  0              3.2000       1.51680  64.20    55.340    1
  0              4.6170       1.00000  0.00     55.340    0
