# Fujifilm Fujinon XF30mm F2.8 R LM WR Macro
#
# Patent: CN116500768
# Converted from photonstophotos.net Optical Bench data
# 23 surfaces, 12 glass elements, f/2.9

name: Fujifilm Fujinon XF30mm F2.8 R LM WR Macro
focal_length: 29.11

surfaces:
# radius       thickness    ior      abbe     semi_ap   coating
  259.4452       1.0000       1.58254  59.44    14.600    1
  11.4263        2.8900       1.00000  0.00     13.000    0
  95.1795        1.1300       1.51633  64.14    12.900    1
  18.5004        1.0000       1.00000  0.00     12.700    0
  18.7410        3.7500       1.80611  33.29    13.590    1
  -72.2853       2.0000       1.00000  0.00     13.630    0
  stop           6.6900       1.00000  0.00     13.304    0
  79.8183        3.7100       1.49700  81.54    13.930    1
  -18.4539       1.8700       1.00000  0.00     13.910    0
  -11.3714       1.0000       1.77047  29.74    13.450    1
  29.9463        4.7100       1.49700  81.54    15.110    1
  -17.2589       0.5300       1.00000  0.00     16.130    0
  40.0809        5.0100       1.69350  53.20    17.400    1
  -16.0685       2.3010       1.00000  0.00     18.010    0
  1355.6292      2.0000       1.98613  16.48    16.760    1
  -58.3520       0.5000       1.00000  0.00     16.580    0
  -80.6318       1.7100       1.67270  32.17    16.190    1
  -31.0144       0.8500       1.88300  39.22    15.920    1
  17.5997        13.2100      1.00000  0.00     15.360    0
  -362.9095      4.4700       1.51633  64.06    22.580    1
  -29.0003       17.7310      1.00000  0.00     23.490    0
  0              2.8500       1.51680  64.20    40.000    1
  0              1.0940       1.00000  0.00     40.000    0
