# Fujifilm Fujinon XF18mm F1.4 R LM WR
#
# Patent: US20220011542
# Converted from photonstophotos.net Optical Bench data
# 27 surfaces, 16 glass elements, f/1.4

name: Fujifilm Fujinon XF18mm F1.4 R LM WR
focal_length: 17.90

surfaces:
# radius       thickness    ior      abbe     semi_ap   coating
  42.5066        2.2600       1.58313  59.46    37.260    1
  14.3565        11.0287      1.00000  0.00     28.480    0
  -100.1648      1.0200       1.58313  59.46    27.340    1
  18.6299        7.0500       1.89190  37.13    24.760    1
  -75.4980       0.9700       1.48749  70.42    23.900    1
  42.5062        4.8671       1.00000  0.00     23.900    0
  -20.6733       3.2800       1.58313  59.46    20.440    1
  -13.9817       1.6600       2.00069  25.43    20.440    1
  -31.4975       0.3000       1.00000  0.00     24.400    0
  89.0372        4.1100       1.95375  32.32    25.340    1
  -38.4770       3.1390       1.00000  0.00     25.340    0
  stop           6.5800       1.00000  0.00     22.938    0
  28.6629        8.1800       1.59282  68.62    24.040    1
  -19.7999       0.9100       1.85451  25.15    24.040    1
  0              0.4007       1.00000  0.00     24.040    0
  0              5.8500       1.77250  49.61    22.140    1
  -15.4540       1.0900       1.85451  25.15    22.140    1
  -209.9846      0.1389       1.00000  0.00     22.960    0
  45.3596        4.1600       2.00272  19.32    23.400    1
  -45.3596       0.4000       1.00000  0.00     23.400    0
  16.1711        1.3856       1.80610  40.73    23.740    1
  11.0173        6.7200       1.00000  0.00     20.560    0
  363.2443       2.2800       1.60300  65.46    23.700    1
  -62.1067       0.9200       1.84667  23.79    23.700    1
  0              8.4141       1.00000  0.00     25.500    0
  0              2.8500       1.51680  64.20    28.760    1
  0              1.1000       1.00000  0.00     28.760    0
