# Fujifilm Fujinon XF27mm F2.8
#
# Patent: US20160011404
# Converted from photonstophotos.net Optical Bench data
# 15 surfaces, 8 glass elements, f/2.9

name: Fujifilm Fujinon XF27mm F2.8
focal_length: 27.81

surfaces:
# radius       thickness    ior      abbe     semi_ap   coating
  26.0530        0.8000       1.59270  35.30    12.020    1
  6.4570         3.0400       1.88300  40.80    10.060    1
  30.5780        2.1400       1.00000  0.00     10.060    0
  stop           2.4400       1.00000  0.00     7.826     0
  -9.5480        0.7000       1.59270  35.30    7.960     1
  15.8700        2.8600       1.72916  54.70    7.960     1
  -11.3810       0.6000       1.00000  0.00     8.180     0
  -11.8980       2.8000       1.58313  59.50    8.900     1
  -20.7980       4.3900       1.00000  0.00     12.340    0
  -18.4500       1.5200       1.80518  25.40    15.600    1
  -64.7690       0.2000       1.00000  0.00     17.940    0
  100.0100       4.2700       1.90366  31.30    21.820    1
  -29.0010       6.0000       1.00000  0.00     21.820    0
  0              2.8000       1.51680  64.20    26.740    1
  0              3.4300       1.00000  0.00     26.740    0
