# Fujifilm Fujinon 23mm F2.0 II Super EBC (X100V)
#
# Patent: US20200333569
# Converted from photonstophotos.net Optical Bench data
# 17 surfaces, 9 glass elements, f/2.1

name: Fujifilm Fujinon 23mm F2.0 II Super EBC (X100V)
focal_length: 23.69

surfaces:
# radius       thickness    ior      abbe     semi_ap   coating
  30.9802        0.5900       1.71736  29.51    19.980    1
  12.4290        2.6700       1.88300  39.22    13.770    1
  64.1760        1.5700       1.00000  0.00     13.770    0
  stop           5.8800       1.00000  0.00     10.544    0
  -10.5861       0.6100       1.69895  30.05    11.390    1
  42.2950        4.3500       1.77250  49.61    16.730    1
  -15.3304       0.2000       1.00000  0.00     16.730    0
  34.7223        5.0000       1.80780  40.86    20.000    1
  -33.4768       1.1000       1.00000  0.00     19.220    0
  666.5713       2.8400       1.51633  64.06    20.970    1
  135.0377       5.8600       1.00000  0.00     19.960    0
  -15.1714       0.7400       1.69895  30.05    20.370    1
  0              0.1000       1.00000  0.00     24.450    0
  82.5011        1.9800       1.88300  39.22    26.510    1
  0              3.5040       1.00000  0.00     26.510    0
  0              1.3000       1.51680  64.20    28.000    1
  0              0.5000       1.00000  0.00     28.000    0
