# Fujifilm Fujinon GF45-100mm F4 R LM OIS WR
#
# Patent: US20200379223
# Converted from photonstophotos.net Optical Bench data
# 32 surfaces, 18 glass elements, f/4.1

name: Fujifilm Fujinon GF45-100mm F4 R LM OIS WR
focal_length: 45.95

surfaces:
# radius       thickness    ior      abbe     semi_ap   coating
  56.6741        2.4000       1.91082  35.25    57.590    1
  38.9500        12.1200      1.62041  60.37    53.300    1
  583.4940       1.7700       1.00000  0.00     53.000    0
  248.6187       1.4000       2.00069  25.46    41.900    1
  30.1278        7.1700       1.00000  0.00     36.090    0
  -110.0929      4.4700       1.58254  59.47    36.090    1
  -59.8535       0.3000       1.00000  0.00     36.090    0
  -57.0972       2.4100       1.48749  70.24    33.630    1
  32.0520        7.5100       1.84666  23.78    32.000    1
  -160.8127      9.7100       1.00000  0.00     32.000    0
  -45.0287       1.0500       1.65160  58.55    24.890    1
  0              20.1500      1.00000  0.00     26.090    0
  stop           3.9200       1.00000  0.00     18.481    0
  36.1835        5.9000       1.69350  53.20    29.030    1
  -84.0797       3.4800       1.00000  0.00     29.030    0
  -197.3116      1.2100       1.64769  33.79    28.600    1
  22.4200        8.1500       1.43875  94.66    26.970    1
  -56.6881       2.1000       1.00000  0.00     26.970    0
  -94.3420       0.6500       1.62426  23.06    26.260    1
  -68.2903       1.7000       1.48749  70.24    26.260    1
  52.5621        3.5000       1.00000  0.00     27.560    0
  33.2947        9.1000       1.49700  81.54    30.870    1
  -39.9800       1.0000       1.00000  0.00     30.870    0
  -226.4350      1.3100       1.67003  47.23    29.810    1
  79.8610        3.5300       1.51680  64.20    29.810    1
  -150.0015      16.4900      1.00000  0.00     29.810    0
  -18.8732       1.2000       1.90043  37.37    30.050    1
  -38.0255       4.0000       1.00000  0.00     33.130    0
  -78.5658       4.0000       2.00272  19.32    47.820    1
  -51.6519       23.6600      1.00000  0.00     47.820    0
  0              3.2000       1.51680  64.20    55.250    1
  0              1.0000       1.00000  0.00     55.250    0
