# Fujifilm Fujinon GF80mm F1.7 R WR
#
# Patent: US20210294073
# Converted from photonstophotos.net Optical Bench data
# 24 surfaces, 13 glass elements, f/1.8

name: Fujifilm Fujinon GF80mm F1.7 R WR
focal_length: 78.68

surfaces:
# radius       thickness    ior      abbe     semi_ap   coating
  82.3255        4.6600       1.79952  42.25    58.330    1
  206.9226       2.7500       1.00000  0.00     55.130    0
  -420.0742      1.6800       1.72825  28.31    55.130    1
  227.5627       16.3400      1.00000  0.00     55.700    0
  41.3284        7.0200       1.75500  52.34    45.070    1
  285.6388       0.2000       1.00000  0.00     45.070    0
  28.5038        8.2100       1.43875  94.66    38.000    1
  329.0440       1.6300       1.57099  50.80    40.220    1
  17.9857        9.8099       1.00000  0.00     29.800    0
  stop           6.0118       1.00000  0.00     25.543    0
  -40.9786       5.4200       1.43875  94.66    26.070    1
  -17.3114       1.2000       1.67270  32.18    26.970    1
  -62.5410       6.0100       1.00000  0.00     30.210    0
  -146.6394      7.2600       1.81000  41.00    40.020    1
  -33.0799       2.3200       1.00000  0.00     40.020    0
  145.6170       8.6700       1.88300  39.22    44.880    1
  -48.3190       1.9400       1.59270  35.31    44.880    1
  0              2.3300       1.00000  0.00     47.790    0
  -105.4941      1.3000       1.51680  64.21    44.080    1
  0              2.8900       1.00000  0.00     47.790    0
  -86.5553       1.3000       1.64769  33.84    44.260    1
  0              20.1247      1.00000  0.00     47.400    0
  0              3.2000       1.51680  64.20    54.300    1
  0              1.0500       1.00000  0.00     54.300    0
