# Fujifilm Fujinon XF14mm F2.8 R
#
# Patent: US20150168694
# Converted from photonstophotos.net Optical Bench data
# 20 surfaces, 11 glass elements, f/2.9

name: Fujifilm Fujinon XF14mm F2.8 R
focal_length: 14.47

surfaces:
# radius       thickness    ior      abbe     semi_ap   coating
  45.4700        1.2800       1.57135  53.00    26.940    1
  13.3660        5.8700       1.00000  0.00     20.400    0
  34.1150        2.5000       1.58312  59.40    18.320    1
  8.6520         4.3600       1.00000  0.00     15.160    0
  19.2420        9.3500       1.88299  40.80    14.820    1
  -15.3650       1.0400       1.59270  35.30    11.760    1
  65.9760        3.5000       1.00000  0.00     11.760    0
  stop           4.0000       1.00000  0.00     8.402     0
  -135.6600      0.8100       1.54072  47.20    9.480     1
  10.2670        3.5600       1.49700  81.50    9.480     1
  310.9800       0.1500       1.00000  0.00     10.900    0
  16.6700        4.5800       1.59522  67.70    15.480    1
  -38.6480       3.4800       1.00000  0.00     15.480    0
  -31.6460       3.9900       1.58312  59.40    16.020    1
  -14.9230       0.1500       1.00000  0.00     16.020    0
  -24.4530       1.0500       1.67300  38.10    16.360    1
  21.3310        8.0800       1.49700  81.50    17.380    1
  -21.3310       9.9600       1.00000  0.00     21.380    0
  0              2.8000       1.51680  64.20    27.920    1
  0              1.5000       1.00000  0.00     27.920    0
