# Fujifilm Fujinon GF32-64mm F4 R LM WR
#
# Patent: US010191246
# Converted from photonstophotos.net Optical Bench data
# 29 surfaces, 16 glass elements, f/4.1

name: Fujifilm Fujinon GF32-64mm F4 R LM WR
focal_length: 32.93

surfaces:
# radius       thickness    ior      abbe     semi_ap   coating
  72.8512        1.7000       1.89286  20.36    64.600    1
  50.7400        7.9000       1.83481  42.72    60.760    1
  169.0838       0.6300       1.00000  0.00     55.060    0
  91.2814        1.3500       1.81600  46.62    45.200    1
  20.5810        0.4900       1.51876  54.04    35.150    1
  18.5803        13.2600      1.00000  0.00     35.150    0
  -69.4164       1.2400       1.54072  47.23    28.400    1
  34.4260        5.3800       1.85478  24.80    30.740    1
  -196.2662      7.2745       1.00000  0.00     30.740    0
  -39.5658       1.2000       1.63930  44.87    25.680    1
  -103.4169      13.5800      1.00000  0.00     20.800    0
  22.2321        6.0800       1.43875  94.66    24.320    1
  -49.9058       1.9073       1.00000  0.00     24.320    0
  stop           3.9900       1.00000  0.00     14.930    0
  -162.4825      1.9600       1.58313  59.38    23.760    1
  263.0760       2.5200       1.00000  0.00     23.760    0
  0              1.3000       1.69895  30.13    23.360    1
  51.9325        3.1846       1.00000  0.00     19.200    0
  50.4139        1.4200       1.53172  48.84    26.080    1
  28.2600        8.2600       1.49700  81.54    26.080    1
  -20.8423       2.1100       1.00000  0.00     22.880    0
  78.5812        4.8500       1.58313  59.38    31.060    1
  37.6117        13.4200      1.00000  0.00     24.240    0
  -17.4832       1.2000       1.85026  32.27    29.020    1
  -26.0440       1.0000       1.00000  0.00     33.520    0
  -100.9926      5.2700       1.91082  35.25    51.400    1
  -47.4212       25.8035      1.00000  0.00     51.400    0
  0              3.2500       1.51680  64.20    57.420    1
  0              0.0000       1.00000  0.00     57.420    0
