# Fujifilm Fujinon XF16-80mm F4 R OIS WR
#
# Patent: US20200166735
# Converted from photonstophotos.net Optical Bench data
# 31 surfaces, 17 glass elements, f/4.1

name: Fujifilm Fujinon XF16-80mm F4 R OIS WR
focal_length: 16.50

surfaces:
# radius       thickness    ior      abbe     semi_ap   coating
  128.2462       1.5000       1.84666  23.78    51.540    1
  66.3540        5.4200       1.72916  54.67    49.800    1
  370.2310       0.1500       1.00000  0.00     49.800    0
  60.8532        4.9100       1.69680  55.53    47.820    1
  218.2504       0.8000       1.00000  0.00     47.820    0
  294.1056       2.0000       1.80780  40.89    31.120    1
  13.2923        8.3800       1.00000  0.00     21.060    0
  -17.1220       0.7000       1.61800  63.39    21.060    1
  -108.1860      0.1500       1.00000  0.00     23.360    0
  89.9561        3.6200       1.92287  20.88    22.600    1
  -33.2337       1.4500       1.00000  0.00     22.600    0
  -19.0102       0.7000       1.84667  23.79    20.900    1
  -27.6301       20.0100      1.00000  0.00     21.620    0
  stop           1.1000       1.00000  0.00     9.782     0
  16.6272        4.5100       1.68893  31.16    20.080    1
  -416.3997      1.6400       1.00000  0.00     20.080    0
  50.6617        0.7000       1.84667  23.79    19.760    1
  10.8810        3.7500       1.61800  63.39    17.580    1
  19.2326        1.6000       1.00000  0.00     17.580    0
  16.5393        5.8900       1.49710  81.56    19.220    1
  -20.8004       2.4000       1.00000  0.00     19.220    0
  87.2080        2.0000       1.85896  22.73    15.220    1
  -87.2080       0.6100       1.80440  39.59    14.680    1
  20.1565        4.0100       1.00000  0.00     14.680    0
  398.5693       3.3000       1.51680  64.20    25.180    1
  -46.6160       1.2000       1.69350  53.35    25.180    1
  0              0.5110       1.00000  0.00     26.740    0
  -83.4481       3.6900       1.58313  59.46    26.020    1
  -29.5602       14.6140      1.00000  0.00     27.020    0
  0              2.8500       1.51680  64.20    28.440    1
  0              1.0000       1.00000  0.00     28.440    0
