# Fujifilm Fujinon XF70-300mm F4-5.6 R LM OIS WR
#
# Patent: US20210286156
# Converted from photonstophotos.net Optical Bench data
# 32 surfaces, 18 glass elements, f/4.1

name: Fujifilm Fujinon XF70-300mm F4-5.6 R LM OIS WR
focal_length: 72.05

surfaces:
# radius       thickness    ior      abbe     semi_ap   coating
  245.9417       2.0000       1.80610  33.27    57.830    1
  100.0080       6.2400       1.48749  70.42    51.850    1
  -278.4621      0.1500       1.00000  0.00     51.850    0
  84.8222        4.5400       1.49700  81.59    50.850    1
  399.2123       2.1080       1.00000  0.00     50.850    0
  179.7233       2.4700       1.48749  70.42    28.370    1
  -179.7233      13.0560      1.00000  0.00     28.370    0
  0              1.0100       1.83481  42.74    21.390    1
  18.2954        3.0900       1.89286  20.36    19.260    1
  38.0029        2.6770       1.00000  0.00     17.550    0
  -31.5498       1.0000       1.91082  35.25    17.550    1
  -88.1780       17.8240      1.00000  0.00     21.680    0
  stop           0.7500       1.00000  0.00     19.424    0
  20.1422        4.0400       1.58313  59.38    21.850    1
  100.9560       7.0840       1.00000  0.00     21.850    0
  37.5268        1.0000       1.88300  39.22    19.810    1
  14.2141        5.1400       1.49700  81.59    18.200    1
  -229.0363      9.0410       1.00000  0.00     18.200    0
  142.7175       2.3700       1.78800  47.37    17.300    1
  -49.0426       0.8460       1.00000  0.00     17.090    0
  -23.6923       1.1200       1.63980  34.47    17.090    1
  23.6923        3.7600       1.87070  40.73    17.180    1
  -46.0098       12.5540      1.00000  0.00     17.180    0
  71.7743        1.0000       1.74100  52.64    16.620    1
  18.5809        1.5520       1.00000  0.00     15.180    0
  399.5010       3.7600       1.64769  33.79    15.180    1
  -14.6049       1.0100       1.78800  47.37    15.510    1
  0              2.9780       1.00000  0.00     16.180    0
  -37.2334       2.5900       1.91082  35.25    26.120    1
  -26.6631       26.2840      1.00000  0.00     26.120    0
  0              2.8500       1.54763  54.98    28.320    1
  0              1.1230       1.00000  0.00     28.320    0
