# Fujifilm Fujinon XF80mm F2.8 R LM OIS WR Macro
#
# Patent: US20180246292
# Converted from photonstophotos.net Optical Bench data
# 31 surfaces, 17 glass elements, f/2.9

name: Fujifilm Fujinon XF80mm F2.8 R LM OIS WR Macro
focal_length: 78.79

surfaces:
# radius       thickness    ior      abbe     semi_ap   coating
  119.8423       5.4400       1.72916  54.67    43.700    1
  -119.8423      0.8000       1.00000  0.00     43.700    0
  59.8966        5.6700       1.49700  81.54    35.560    1
  -101.2948      0.7100       1.00000  0.00     35.560    0
  -67.2399       1.2500       1.62588  35.70    33.060    1
  27.2189        0.8000       1.00000  0.00     28.840    0
  25.2054        8.7000       1.58313  59.46    28.920    1
  -75.3450       2.3400       1.00000  0.00     28.920    0
  -115.0082      1.0000       1.58913  61.13    24.820    1
  21.8873        3.2000       1.00000  0.00     21.200    0
  -168.1721      0.9600       1.67300  38.15    24.720    1
  22.3200        3.5400       2.00069  25.46    22.640    1
  95.1317        20.3900      1.00000  0.00     22.640    0
  stop           19.5300      1.00000  0.00     19.534    0
  75.2429        3.5200       1.43875  94.66    24.080    1
  -48.6919       0.1000       1.00000  0.00     24.080    0
  51.9815        4.3400       1.49700  81.54    22.880    1
  -33.6900       1.1000       1.84666  23.78    22.880    1
  -60.0019       6.5000       1.00000  0.00     23.320    0
  -94.7357       2.5700       2.00272  19.32    23.420    1
  -33.8670       0.9100       1.69700  48.52    23.420    1
  33.8670        1.5600       1.00000  0.00     21.190    0
  395.2263       0.9000       1.53775  74.70    21.190    1
  31.3496        3.6000       1.00000  0.00     22.120    0
  37.5229        3.4100       1.95375  32.32    26.700    1
  709.7839       0.1000       1.00000  0.00     26.700    0
  59.0208        4.9000       1.51680  64.20    26.160    1
  -43.1090       1.0700       1.95906  17.47    26.160    1
  -528.8086      27.4200      1.00000  0.00     26.700    0
  0              2.8500       1.51680  64.20    28.620    1
  0              1.0000       1.00000  0.00     28.620    0
