# Fujifilm Fujinon XF23mm F1.4 R
#
# Patent: US20140368926
# Converted from photonstophotos.net Optical Bench data
# 22 surfaces, 12 glass elements, f/1.4

name: Fujifilm Fujinon XF23mm F1.4 R
focal_length: 23.74

surfaces:
# radius       thickness    ior      abbe     semi_ap   coating
  96.1980        1.4200       1.48749  70.20    36.200    1
  39.1350        4.0000       1.00000  0.00     33.580    0
  181.4400       1.3000       1.61293  37.00    32.480    1
  27.3990        11.9300      1.00000  0.00     29.700    0
  36.4350        4.0800       2.00069  25.50    27.620    1
  -1126.3000     1.9400       1.00000  0.00     27.620    0
  22.8940        5.1500       1.88300  40.80    22.010    1
  -76.1710       3.5000       1.80810  22.80    20.890    1
  13.7530        0.2500       1.00000  0.00     16.740    0
  14.8510        2.0600       1.71300  53.90    16.740    1
  23.6900        2.6500       1.00000  0.00     16.740    0
  stop           7.1300       1.00000  0.00     15.082    0
  -8.9220        1.2700       1.80348  40.40    13.020    1
  -11.3860       0.1500       1.00000  0.00     14.280    0
  155.2600       5.8100       1.88300  40.80    19.140    1
  -13.3160       1.2100       1.68893  31.10    19.140    1
  59.5240        5.5600       1.88300  40.80    22.820    1
  -25.5860       0.9000       1.00000  0.00     23.520    0
  -91.0510       1.2000       1.80810  22.80    24.020    1
  249.6400       10.0000      1.00000  0.00     24.020    0
  0              2.8000       1.51680  64.20    28.170    1
  0              0.7600       1.00000  0.00     28.170    0
