# Fujifilm Fujinon XF23mm F1.4 R LM WR
#
# Patent: US20220276464
# Converted from photonstophotos.net Optical Bench data
# 28 surfaces, 16 glass elements, f/1.4

name: Fujifilm Fujinon XF23mm F1.4 R LM WR
focal_length: 23.62

surfaces:
# radius       thickness    ior      abbe     semi_ap   coating
  -887.4776      1.0500       1.53996  59.73    33.240    1
  41.1494        6.0700       1.00000  0.00     28.960    0
  -41.1494       2.9000       1.88300  40.80    29.300    1
  -29.0764       1.2100       1.80809  22.76    29.300    1
  59.9485        2.4300       1.00000  0.00     27.640    0
  383.4806       5.2100       1.88300  40.80    29.220    1
  -30.6142       1.2400       1.59270  35.31    29.220    1
  30.6142        5.2800       1.88300  40.80    29.220    1
  -205.8923      1.9200       1.00000  0.00     29.220    0
  57.3331        3.0800       1.95906  17.47    27.740    1
  -548.6944      4.5300       1.00000  0.00     27.740    0
  stop           7.1000       1.00000  0.00     24.082    0
  20.3442        5.7000       1.59282  68.62    23.100    1
  -62.1811       1.0100       1.53172  48.85    23.100    1
  19.7263        4.9315       1.00000  0.00     18.740    0
  -18.5053       0.9000       1.71736  29.51    18.740    1
  41.4180        2.7800       1.69680  55.53    20.840    1
  -131.9641      0.2000       1.00000  0.00     20.840    0
  26.3178        6.6400       1.59282  68.62    23.860    1
  -26.3178       1.2100       1.00000  0.00     23.860    0
  -47.8136       2.7500       1.80610  40.73    24.300    1
  -29.8762       1.7500       1.00000  0.00     24.300    0
  41.9378        3.4700       1.59282  68.62    25.600    1
  -182.0569      0.1705       1.00000  0.00     24.200    0
  -96.5919       1.6000       1.68863  31.20    24.200    1
  39.8918        12.4725      1.00000  0.00     24.200    0
  0              2.8500       1.51680  64.20    29.800    1
  0              0.2112       1.00000  0.00     29.800    0
