# Fujifilm Fujinon-SW 65mm F5.6
#
# Patent: JP1981-140311
# Converted from photonstophotos.net Optical Bench data
# 11 surfaces, 6 glass elements, f/5.6

name: Fujifilm Fujinon-SW 65mm F5.6
focal_length: 65.00

surfaces:
# radius       thickness    ior      abbe     semi_ap   coating
  30.5890        1.5925       1.51823  59.00    37.120    1
  18.5640        14.3260      1.00000  0.00     32.610    0
  43.1080        16.0745      1.69359  53.40    25.640    1
  -26.2405       1.0790       1.56732  42.80    13.160    1
  82.7905        1.6705       1.00000  0.00     13.160    0
  stop           1.6705       1.00000  0.00     12.219    0
  -104.6955      1.9305       1.56732  42.80    13.160    1
  18.6680        20.4425      1.69350  53.40    24.890    1
  -36.3740       12.0705      1.00000  0.00     24.890    0
  -17.8035       1.7420       1.60342  38.00    30.000    1
  -31.8110       41.6000      1.00000  0.00     36.260    0
