# Fujifilm Fujinon-W 35mm f1.9 EBC
#
# Patent: US004018512
# Converted from photonstophotos.net Optical Bench data
# 15 surfaces, 8 glass elements, f/1.9

name: Fujifilm Fujinon-W 35mm f1.9 EBC
focal_length: 35.00

surfaces:
# radius       thickness    ior      abbe     semi_ap   coating
  41.9759        1.7500       1.51633  64.00    28.200    1
  18.8657        17.5700      1.00000  0.00     24.540    0
  33.0134        6.7550       1.77252  49.60    24.270    1
  -63.0763       0.6000       1.00000  0.00     24.270    0
  stop           5.7000       1.00000  0.00     22.468    0
  -21.8768       3.5000       1.72000  43.70    20.940    1
  -13.2076       1.0500       1.62606  39.10    20.940    1
  38.7901        2.1000       1.00000  0.00     20.940    0
  -84.7329       1.0500       1.69895  30.10    20.940    1
  44.8717        4.2000       1.69680  55.60    23.230    1
  -29.2107       0.3500       1.00000  0.00     23.230    0
  -123.6252      2.8000       1.69680  55.60    25.550    1
  -35.6919       0.3500       1.00000  0.00     25.550    0
  -634.5535      2.8000       1.69680  55.60    23.230    1
  -76.1222       37.5170      1.00000  0.00     23.230    0
