# Fujifilm Fujinon XC15-45mm F3.5-5.6 OIS PZ
#
# Patent: JP2021-015312
# Converted from photonstophotos.net Optical Bench data
# 22 surfaces, 11 glass elements, f/3.6

name: Fujifilm Fujinon XC15-45mm F3.5-5.6 OIS PZ
focal_length: 15.33

surfaces:
# radius       thickness    ior      abbe     semi_ap   coating
  33.2950        1.5000       1.95375  32.32    29.720    1
  12.5450        6.8000       1.00000  0.00     21.630    0
  -166.6710      1.2500       1.53409  55.89    21.630    1
  37.8680        0.6200       1.00000  0.00     21.880    0
  28.3480        2.4200       1.94595  17.98    22.720    1
  77.4880        24.5700      1.00000  0.00     22.720    0
  14.0500        3.2500       1.62041  60.29    14.440    1
  220.1730       2.0000       1.00000  0.00     14.440    0
  stop           1.4100       1.00000  0.00     9.378     0
  16.4540        3.5100       1.53775  74.70    12.060    1
  -16.4540       0.8800       1.62588  35.70    12.060    1
  11.4790        0.2900       1.00000  0.00     10.390    0
  8.6540         0.8500       1.58313  59.38    8.590     1
  9.6750         2.0000       1.00000  0.00     8.590     0
  25.6650        2.1400       1.49700  81.61    12.560    1
  -54.9150       2.3800       1.00000  0.00     12.560    0
  -23.3960       0.7500       1.58313  59.38    12.000    1
  538.9890       7.1300       1.00000  0.00     12.500    0
  199.7800       3.1300       1.80400  46.53    28.500    1
  -55.5660       7.3300       1.00000  0.00     28.500    0
  0              2.8500       1.51633  64.14    40.860    1
  0              2.1400       1.00000  0.00     40.860    0
