# Fujifilm Fujinon XF16mm F2.8 R WR
#
# Patent: US20200073096
# Converted from photonstophotos.net Optical Bench data
# 21 surfaces, 11 glass elements, f/2.9

name: Fujifilm Fujinon XF16mm F2.8 R WR
focal_length: 16.48

surfaces:
# radius       thickness    ior      abbe     semi_ap   coating
  33.3560        1.0000       1.53996  59.73    26.140    1
  17.0100        5.0000       1.00000  0.00     21.900    0
  29.9800        1.2500       1.51633  64.06    18.360    1
  9.9750         5.7000       1.00000  0.00     14.180    0
  17.3720        1.6600       1.72916  54.68    12.000    1
  48.5830        4.8600       1.00000  0.00     12.000    0
  stop           2.3900       1.00000  0.00     8.350     0
  27.2460        2.5600       2.00069  25.46    11.160    1
  -14.9090       0.6400       1.72047  34.71    11.160    1
  33.6420        0.8300       1.00000  0.00     10.150    0
  -25.2610       1.6900       1.58313  59.38    10.150    1
  -11.8600       0.2000       1.00000  0.00     11.540    0
  -12.2040       0.8500       1.84666  23.78    10.700    1
  21.0220        4.7200       1.72916  54.68    14.960    1
  -14.5620       3.3400       1.00000  0.00     14.960    0
  174.9000       3.1600       1.83481  42.74    20.440    1
  -35.4110       4.2700       1.00000  0.00     20.440    0
  -22.7280       1.3200       1.85478  24.80    20.740    1
  -42.0230       11.1000      1.00000  0.00     23.260    0
  0              2.8500       1.51633  64.14    27.940    1
  0              1.1000       1.00000  0.00     27.940    0
