# Fujifilm Fujinon XF50-140mm F2.8 R LM OIS WR
#
# Patent: US20170090163
# Converted from photonstophotos.net Optical Bench data
# 42 surfaces, 24 glass elements, f/2.9

name: Fujifilm Fujinon XF50-140mm F2.8 R LM OIS WR
focal_length: 51.52

surfaces:
# radius       thickness    ior      abbe     semi_ap   coating
  314.4308       2.2900       1.80100  34.97    60.320    1
  80.8630        7.4000       1.49700  81.54    55.200    1
  -411.8253      0.2000       1.00000  0.00     55.200    0
  70.8095        7.1000       1.43875  94.94    55.040    1
  0              0.2000       1.00000  0.00     55.040    0
  69.9388        5.2400       1.49700  81.54    53.500    1
  243.2625       1.3900       1.00000  0.00     53.500    0
  97.3350        6.2800       1.72047  34.71    34.560    1
  -44.4430       1.5400       1.62230  53.17    34.560    1
  24.5106        5.6000       1.00000  0.00     25.340    0
  -67.3261       1.4100       1.49700  81.54    28.740    1
  26.8210        4.0000       1.84661  23.88    25.160    1
  128.9145       3.1300       1.00000  0.00     24.730    0
  -31.5621       1.2000       1.91082  35.25    24.730    1
  268.8915       14.3000      1.00000  0.00     28.060    0
  -454.7411      2.8500       1.80100  34.97    25.500    1
  -44.3534       0.1000       1.00000  0.00     25.500    0
  73.4584        4.2600       1.61800  63.33    25.500    1
  -43.2070       1.1700       1.80518  25.42    25.500    1
  0              27.9900      1.00000  0.00     29.260    0
  stop           1.3000       1.00000  0.00     24.511    0
  27.8674        7.0500       1.49700  81.54    28.780    1
  -58.7589       0.1500       1.00000  0.00     28.780    0
  34.5685        2.5700       1.65412  39.68    24.180    1
  84.5573        1.8000       1.00000  0.00     21.160    0
  -50.7158       1.1000       1.90366  31.31    21.160    1
  23.9830        5.2100       1.49700  81.54    21.680    1
  -62.4364       2.8000       1.00000  0.00     21.680    0
  452.2104       3.7600       1.80518  25.42    21.120    1
  -23.3710       0.9600       1.58913  61.13    21.240    1
  39.4316        2.4800       1.00000  0.00     19.800    0
  -40.8960       1.0000       1.80100  34.97    19.800    1
  60.1440        3.9700       1.00000  0.00     21.460    0
  53.0700        5.3600       1.80000  29.84    26.360    1
  -37.6531       4.9500       1.00000  0.00     26.360    0
  49.5305        6.4600       1.48749  70.24    25.840    1
  -26.0930       1.3100       1.80518  25.42    25.840    1
  -92.8937       4.4000       1.00000  0.00     29.420    0
  -27.4751       1.2600       1.91082  35.25    27.220    1
  -40.9228       26.4281      1.00000  0.00     29.320    0
  0              2.8500       1.51680  64.20    29.740    1
  0              1.1000       1.00000  0.00     29.740    0
