# Fujifilm Fujinon XF10-24mm F4 R OIS
#
# Patent: US20150131163
# Converted from photonstophotos.net Optical Bench data
# 27 surfaces, 15 glass elements, f/4.1

name: Fujifilm Fujinon XF10-24mm F4 R OIS
focal_length: 10.33

surfaces:
# radius       thickness    ior      abbe     semi_ap   coating
  48.9076        1.7000       1.75500  52.32    41.080    1
  17.1234        4.0000       1.00000  0.00     28.480    0
  35.6783        1.5000       1.74025  49.12    29.760    1
  11.9671        8.6800       1.00000  0.00     23.720    0
  -39.7818       1.3000       1.59282  68.63    23.720    1
  44.8286        0.1000       1.00000  0.00     25.280    0
  32.2764        4.6700       1.88300  40.76    25.280    1
  -67.7357       25.9100      1.00000  0.00     25.280    0
  stop           1.3000       1.00000  0.00     8.139     0
  22.3243        3.0000       1.58103  59.23    16.380    1
  -3623.6878     1.3000       1.00000  0.00     16.380    0
  577.6778       0.7100       1.81600  46.62    15.260    1
  16.6190        3.8000       1.73400  51.47    15.260    1
  -41.8885       3.7500       1.00000  0.00     15.900    0
  -27.9410       0.7100       1.77250  49.60    14.630    1
  26.1820        3.0600       1.49700  81.54    16.320    1
  -39.8440       1.9700       1.00000  0.00     16.320    0
  18.4297        5.0000       1.49710  81.56    17.600    1
  -17.5629       1.3000       1.00000  0.00     17.600    0
  220.7677       0.9100       1.80400  46.58    17.670    1
  10.6520        6.3000       1.49700  81.54    16.550    1
  -83.5500       1.0000       1.69680  55.53    18.100    1
  49.9738        2.0000       1.00000  0.00     18.100    0
  416.7292       4.0000       1.69350  53.18    28.970    1
  -48.3381       5.0000       1.00000  0.00     28.970    0
  0              2.8500       1.51680  64.20    28.280    1
  0              7.6391       1.00000  0.00     28.280    0
