# Fujifilm Fujinon XF8mm F3.5 R WR
#
# Patent: JP2023-001878
# Converted from photonstophotos.net Optical Bench data
# 24 surfaces, 13 glass elements, f/3.6

name: Fujifilm Fujinon XF8mm F3.5 R WR
focal_length: 8.21

surfaces:
# radius       thickness    ior      abbe     semi_ap   coating
  45.1551        1.1100       1.72916  54.68    33.680    1
  13.2079        2.4000       1.00000  0.00     22.920    0
  174.4166       1.3500       1.58313  59.46    23.060    1
  12.0862        5.6800       1.00000  0.00     18.900    0
  0              0.8000       1.60300  65.44    20.840    1
  11.2196        2.2200       1.00000  0.00     16.200    0
  26.5966        3.2900       1.61266  44.46    18.080    1
  -108.8664      3.1280       1.00000  0.00     18.080    0
  36.7690        2.4500       1.58313  99.46    15.920    1
  -188.3100      3.8010       1.00000  0.00     15.920    0
  17.1863        1.5200       1.91082  35.25    13.480    1
  9.0837         3.8000       1.65410  39.54    11.120    1
  -23.2908       1.7000       1.00000  0.00     11.120    0
  stop           2.5800       1.00000  0.00     6.506     0
  16.0933        0.9600       1.95375  32.33    10.320    1
  6.7827         2.9800       1.45650  90.27    9.580     1
  38.4000        2.8700       1.00000  0.00     9.580     0
  137.0576       3.9700       1.58313  99.46    14.720    1
  -11.9133       0.2000       1.00000  0.00     14.720    0
  0              0.9000       1.91082  35.25    19.940    1
  14.0436        8.6300       1.49700  81.54    19.940    1
  -23.9209       8.6220       1.00000  0.00     20.600    0
  0              2.8500       1.51680  64.20    27.650    1
  0              1.1040       1.00000  0.00     27.650    0
