# Fujifilm Fujinon XF50mm F2 R WR
#
# Patent: US010168507
# Converted from photonstophotos.net Optical Bench data
# 19 surfaces, 10 glass elements, f/2.1

name: Fujifilm Fujinon XF50mm F2 R WR
focal_length: 48.52

surfaces:
# radius       thickness    ior      abbe     semi_ap   coating
  37.7680        4.1000       1.74400  44.90    28.040    1
  -413.5610      0.6100       1.00000  0.00     23.210    0
  25.9810        3.6400       1.74400  44.90    24.000    1
  47.4870        1.2500       1.00000  0.00     21.580    0
  0              1.0500       1.63980  34.50    22.000    1
  16.9560        4.4800       1.00000  0.00     18.420    0
  stop           2.3100       1.00000  0.00     17.459    0
  927.9470       3.3100       1.49710  81.60    20.050    1
  -26.2220       0.9000       1.00000  0.00     20.050    0
  -20.0500       2.0100       1.68893  31.20    18.020    1
  20.0500        5.6200       1.88300  39.20    19.960    1
  -25.8480       1.8000       1.00000  0.00     19.960    0
  715.2790       0.9000       1.48749  70.20    19.160    1
  18.6270        9.7300       1.00000  0.00     15.520    0
  -164.9320      1.1800       1.54072  47.20    19.680    1
  24.2180        5.9700       1.72916  54.70    23.900    1
  -44.8570       20.2800      1.00000  0.00     23.900    0
  0              2.8500       1.51742  52.40    40.180    1
  0              1.1000       1.00000  0.00     40.180    0
