# Fujifilm Fujinon XF16-55mm F2.8 R LM WR II
#
# Patent: US20250234079
# Converted from photonstophotos.net Optical Bench data
# 28 surfaces, 16 glass elements, f/2.9

name: Fujifilm Fujinon XF16-55mm F2.8 R LM WR II
focal_length: 16.50

surfaces:
# radius       thickness    ior      abbe     semi_ap   coating
  156.6331       1.0500       1.84666  23.79    52.400    1
  79.0465        4.3500       1.49700  81.55    48.950    1
  439.4315       0.1500       1.00000  0.00     48.950    0
  52.9012        5.2300       1.72915  54.64    46.520    1
  215.9538       0.8000       1.00000  0.00     42.840    0
  299.9678       2.0700       1.80780  40.86    31.440    1
  14.1521        7.4600       1.00000  0.00     21.160    0
  -22.6727       0.7000       1.51741  52.16    21.160    1
  22.6727        4.7400       1.85027  32.27    18.900    1
  -35.9984       1.3500       1.00000  0.00     18.900    0
  -18.4455       0.6000       1.49700  81.61    20.600    1
  -55.5751       20.9100      1.00000  0.00     19.500    0
  stop           1.6000       1.00000  0.00     13.346    0
  25.5779        5.1300       1.68863  31.20    21.690    1
  -75.2777       3.2400       1.00000  0.00     21.280    0
  26.9753        0.6500       1.85451  25.15    20.560    1
  14.5564        3.2400       1.43700  95.12    18.240    1
  30.9451        1.4900       1.00000  0.00     17.190    0
  0              0.5800       1.85451  25.15    20.590    1
  21.9744        3.5400       1.49700  81.61    18.340    1
  -124.8640      1.1700       1.00000  0.00     18.340    0
  26.1996        5.4600       1.61884  63.56    19.860    1
  -22.8932       1.7100       1.00000  0.00     21.030    0
  232.2641       2.1500       1.98613  16.48    19.540    1
  -88.4694       0.5800       1.83400  37.21    21.600    1
  23.2050        7.3300       1.00000  0.00     18.200    0
  -209.7857      3.0400       1.51625  64.05    26.880    1
  -41.0722       17.9243      1.00000  0.00     27.380    0
