# Fujifilm Fujinon XF56mm F1.2 R
#
# Patent: US20150212302
# Converted from photonstophotos.net Optical Bench data
# 22 surfaces, 12 glass elements, f/1.2

name: Fujifilm Fujinon XF56mm F1.2 R
focal_length: 56.98

surfaces:
# radius       thickness    ior      abbe     semi_ap   coating
  163.4100       2.5900       1.48749  70.20    47.600    1
  1252.6000      0.1500       1.00000  0.00     47.600    0
  32.5800        9.1600       1.49700  81.60    44.980    1
  177.3800       0.1500       1.00000  0.00     44.980    0
  31.6600        4.5400       1.49700  81.60    39.080    1
  55.4000        0.4000       1.00000  0.00     39.080    0
  28.4300        3.9900       1.88300  40.80    34.060    1
  51.5400        1.3000       1.75211  25.10    32.640    1
  28.9900        2.9600       1.00000  0.00     29.040    0
  89.5000        1.2100       1.67300  38.20    28.720    1
  15.9700        6.2200       1.00000  0.00     23.460    0
  stop           11.5900      1.00000  0.00     22.782    0
  -187.8000      1.5000       1.58313  59.40    19.320    1
  74.2700        0.3900       1.00000  0.00     21.060    0
  -193.9100      6.9600       1.88300  40.80    22.820    1
  -13.8700       1.2100       1.66680  33.00    22.820    1
  29.6900        6.6300       1.88300  40.80    27.080    1
  -55.4300       0.9000       1.00000  0.00     27.720    0
  289.8700       1.8100       1.48749  70.20    28.060    1
  -289.8700      10.0000      1.00000  0.00     28.060    0
  0              2.8000       1.51680  64.20    28.420    1
  0              4.6900       1.00000  0.00     28.420    0
