# Fujifilm Fujinon 23mm F2.0 Super EBC (X100F)
#
# Patent: US20120069456
# Converted from photonstophotos.net Optical Bench data
# 17 surfaces, 9 glass elements, f/2.1

name: Fujifilm Fujinon 23mm F2.0 Super EBC (X100F)
focal_length: 23.72

surfaces:
# radius       thickness    ior      abbe     semi_ap   coating
  29.7870        0.9100       1.74077  27.80    21.510    1
  10.2160        3.0700       1.88300  40.80    12.160    1
  85.5670        0.9000       1.00000  0.00     12.160    0
  stop           5.0100       1.00000  0.00     10.521    0
  -15.2110       1.7000       1.88300  40.80    10.180    1
  -11.6990       0.3000       1.00000  0.00     13.180    0
  -10.0590       0.9100       1.59270  35.30    11.260    1
  13.2110        7.3600       1.88300  40.80    18.060    1
  -18.9760       0.2000       1.00000  0.00     18.060    0
  47.9450        2.5000       1.56865  58.60    17.280    1
  89.2340        5.1300       1.00000  0.00     18.770    0
  -12.5930       1.1000       1.80809  22.80    18.280    1
  -45.0600       0.2000       1.00000  0.00     23.320    0
  46.6280        3.0800       1.88300  40.80    27.410    1
  0              2.8000       1.00000  0.00     27.410    0
  0              2.3300       1.51680  64.20    28.000    1
  0              1.2000       1.00000  0.00     28.000    0
