# Fujifilm Fujinon XF60mm F2.4 R Macro
#
# Patent: US20140247506
# Converted from photonstophotos.net Optical Bench data
# 21 surfaces, 11 glass elements, f/2.5

name: Fujifilm Fujinon XF60mm F2.4 R Macro
focal_length: 61.06

surfaces:
# radius       thickness    ior      abbe     semi_ap   coating
  51.9744        3.1700       1.48749  70.20    27.480    1
  0              0.1000       1.00000  0.00     27.480    0
  28.9998        3.8000       1.58913  61.10    26.080    1
  52.7228        0.1000       1.00000  0.00     23.700    0
  18.5122        5.5000       1.72916  54.70    22.440    1
  57.1350        1.1600       1.66680  31.10    20.820    1
  12.7943        4.2000       1.00000  0.00     17.120    0
  stop           2.6000       1.00000  0.00     15.527    0
  -317.3207      1.0100       1.51742  48.80    18.380    1
  17.1800        2.8000       1.49700  81.50    15.860    1
  52.4398        2.5400       1.00000  0.00     15.860    0
  34.5881        2.6000       1.80348  40.40    16.420    1
  106.5522       1.8000       1.00000  0.00     16.420    0
  0              1.8000       1.72916  54.70    20.620    1
  22.4660        3.5500       1.00000  0.00     18.520    0
  28.6691        2.8200       1.51823  58.90    23.980    1
  77.4943        1.8100       1.00000  0.00     23.980    0
  236.5466       3.0000       1.80400  46.60    25.020    1
  -56.9828       17.4600      1.00000  0.00     25.020    0
  0              2.8500       1.51680  64.20    41.000    1
  0              1.0000       1.00000  0.00     41.000    0
