# Fujifilm Fujinon XF200mm F2 R LM OIS WR with Fujifilm Fujinon XF1.4X TC F2 WR
#
# Patent: US20200018936
# Converted from photonstophotos.net Optical Bench data
# 47 surfaces, 27 glass elements, f/2.9

name: Fujifilm Fujinon XF200mm F2 R LM OIS WR with Fujifilm Fujinon XF1.4X TC F2 WR
focal_length: 271.54

surfaces:
# radius       thickness    ior      abbe     semi_ap   coating
  430.7013       7.0700       1.67270  32.10    97.000    1
  -727.3321      0.4562       1.00000  0.00     97.000    0
  165.9720       10.7500      1.43875  94.66    93.800    1
  -1120.2835     20.2132      1.00000  0.00     93.800    0
  105.9369       13.9100      1.49700  81.54    77.540    1
  -218.3400      3.1600       1.83481  42.74    77.540    1
  775.7212       1.6106       1.00000  0.00     77.540    0
  91.4829        11.0200      1.49700  81.54    67.140    1
  -267.5300      2.7200       1.91082  35.25    67.140    1
  141.8275       22.2150      1.00000  0.00     60.740    0
  266.7587       4.1100       1.80809  22.76    49.000    1
  -266.7587      0.3002       1.00000  0.00     49.000    0
  266.7635       2.0000       1.80000  29.84    48.740    1
  47.2925        9.4871       1.00000  0.00     42.600    0
  stop           18.6296      1.00000  0.00     40.730    0
  61.1684        1.8100       1.54814  45.78    40.460    1
  39.3800        6.6000       1.69680  55.53    37.540    1
  0              4.9200       1.00000  0.00     37.540    0
  36.1305        2.3000       1.60342  38.03    29.560    1
  23.9164        7.9000       1.00000  0.00     25.640    0
  415.3848       2.2800       1.95906  17.47    24.440    1
  -91.4760       1.5100       1.73400  51.47    24.440    1
  42.9219        1.8900       1.00000  0.00     22.980    0
  -217.2372      1.4000       1.80100  34.97    22.980    1
  66.6268        3.2077       1.00000  0.00     24.860    0
  51.5518        3.1100       1.90366  31.31    25.200    1
  0              1.0602       1.00000  0.00     25.200    0
  -77.9583       1.4000       1.80809  22.76    25.200    1
  145.8634       4.4301       1.00000  0.00     27.600    0
  133.6002       4.2800       1.80610  40.93    31.100    1
  -60.7409       0.6043       1.00000  0.00     31.100    0
  53.2520        8.6300       1.65412  39.73    31.640    1
  -53.2520       1.9000       1.80000  29.84    31.640    1
  154.3014       4.2900       1.00000  0.00     33.500    0
  80.6062        0.9300       1.88300  39.22    23.520    1
  22.9970        6.0300       1.64769  33.84    22.400    1
  -42.1232       3.2700       1.00000  0.00     22.400    0
  -29.2310       0.9300       1.88300  39.22    20.240    1
  29.2310        6.4900       1.72825  28.32    23.590    1
  -29.2310       0.9300       1.88300  39.22    23.590    1
  75.0001        0.1000       1.00000  0.00     23.590    0
  43.0957        6.6300       1.51633  64.06    24.780    1
  -34.2796       1.1000       1.00000  0.00     24.780    0
  -48.6590       1.0000       1.95906  17.47    24.780    1
  -108.7770      12.5726      1.00000  0.00     26.740    0
  0              2.8500       1.51680  64.20    30.800    1
  0              0.0000       1.00000  0.00     30.800    0
