# Fujifilm Fujinon XF1.4X TC WR
#
# Patent: US20170090163
# Converted from photonstophotos.net Optical Bench data
# 13 surfaces, 8 glass elements

name: Fujifilm Fujinon XF1.4X TC WR
focal_length: 50.00

surfaces:
# radius       thickness    ior      abbe     semi_ap   coating
  0              2.5000       1.00000  0.00     29.320    0
  138.7994       0.9300       1.88300  40.76    24.730    1
  26.2480        4.9400       1.67270  32.10    23.610    1
  -55.7408       3.7500       1.00000  0.00     23.610    0
  -57.9214       0.9300       1.88300  40.76    25.230    1
  23.5950        7.3700       1.59270  35.31    25.230    1
  -23.5950       0.9300       1.88300  40.76    25.230    1
  109.8995       0.2000       1.00000  0.00     26.020    0
  27.7570        5.1200       1.74320  49.34    28.220    1
  0              1.6600       1.92286  18.90    28.220    1
  99.9651        13.1685      1.00000  0.00     28.220    0
  0              2.8500       1.51680  64.20    29.740    1
  0              1.1000       1.00000  0.00     29.740    0
