# Fujifilm Fujinon XF18-55mm F2.8-4 R LM OIS
#
# Patent: US20150177500
# Converted from photonstophotos.net Optical Bench data
# 27 surfaces, 15 glass elements, f/2.9

name: Fujifilm Fujinon XF18-55mm F2.8-4 R LM OIS
focal_length: 18.56

surfaces:
# radius       thickness    ior      abbe     semi_ap   coating
  51.5416        1.3500       1.92286  18.90    41.520    1
  35.0700        6.5900       1.83481  42.73    38.340    1
  209.5025       0.6000       1.00000  0.00     38.340    0
  125.0732       1.0000       1.62041  60.29    27.860    1
  10.6516        7.0000       1.00000  0.00     19.190    0
  -135.8461      1.0500       1.69098  52.95    18.360    1
  35.9134        0.1000       1.00000  0.00     18.360    0
  28.4414        2.2000       1.92286  18.90    18.070    1
  82.7316        13.8000      1.00000  0.00     18.070    0
  stop           1.3000       1.00000  0.00     11.638    0
  20.0172        2.8000       1.80348  40.44    13.880    1
  -112.9886      0.4100       1.00000  0.00     13.220    0
  -46.0437       0.7000       1.67270  32.10    13.220    1
  16.7820        4.0100       1.49700  81.54    12.560    1
  -16.7820       2.3000       1.00000  0.00     12.560    0
  -25.3157       2.2000       1.88300  40.76    14.540    1
  -12.6840       0.7100       1.63930  44.87    15.620    1
  37.9929        3.8200       1.00000  0.00     15.620    0
  26.9327        4.0000       1.69098  52.95    16.380    1
  -29.4415       3.8000       1.00000  0.00     16.380    0
  -143.2379      0.8000       1.83400  37.16    18.580    1
  17.9890        2.9200       1.48749  70.23    18.580    1
  52.4550        3.3000       1.00000  0.00     18.580    0
  56.9749        3.7000       1.76200  40.10    29.060    1
  -260.0272      11.8300      1.00000  0.00     29.060    0
  0              2.8500       1.51680  64.20    28.300    1
  0              2.4200       1.00000  0.00     28.300    0
