# Fujifilm Fujinon XF50mm F1.0 R WR
#
# Patent: US20210231927
# Converted from photonstophotos.net Optical Bench data
# 24 surfaces, 13 glass elements, f/1.0

name: Fujifilm Fujinon XF50mm F1.0 R WR
focal_length: 49.55

surfaces:
# radius       thickness    ior      abbe     semi_ap   coating
  -138.6283      2.4000       1.54072  47.23    61.160    1
  58.5572        10.0300      1.00000  0.00     57.180    0
  75.8962        11.8000      1.59282  68.62    59.880    1
  -105.0126      0.2000       1.00000  0.00     59.880    0
  45.4598        10.8000      1.59282  68.62    57.740    1
  399.2144       0.6000       1.00000  0.00     57.740    0
  44.9536        4.3200       1.95906  17.47    50.480    1
  63.8482        0.6000       1.00000  0.00     48.560    0
  36.1270        5.2700       1.78800  47.52    44.720    1
  60.1770        1.8000       1.89286  20.36    44.720    1
  31.6563        4.5650       1.00000  0.00     35.510    0
  177.1241       1.5200       1.80809  22.76    38.320    1
  27.8612        6.4060       1.00000  0.00     30.900    0
  stop           11.4660      1.00000  0.00     28.970    0
  -14.6446       2.5500       1.68863  31.20    25.520    1
  -18.7306       0.2000       1.00000  0.00     29.580    0
  49.6607        6.4500       1.88300  39.22    28.080    1
  -32.5220       1.2100       1.69895  30.05    29.990    1
  32.5220        0.8200       1.00000  0.00     28.620    0
  42.2243        8.8000       1.88300  39.22    31.050    1
  -28.7540       1.2100       1.62005  36.35    30.000    1
  -178.1429      14.4010      1.00000  0.00     30.000    0
  0              2.8500       1.51680  64.20    28.520    1
  0              1.0000       1.00000  0.00     28.520    0
