# Fujifilm X-Fujinon-SW 24mm f2.8 DM EBC
#
# Patent: US004158482
# Converted from photonstophotos.net Optical Bench data
# 18 surfaces, 9 glass elements, f/2.8

name: Fujifilm X-Fujinon-SW 24mm f2.8 DM EBC
focal_length: 24.02

surfaces:
# radius       thickness    ior      abbe     semi_ap   coating
  39.5909        1.4400       1.62280  56.90    31.630    1
  17.1895        6.7200       1.00000  0.00     26.070    0
  355.5554       3.1200       1.51823  59.00    24.790    1
  -82.0512       0.2400       1.00000  0.00     24.790    0
  28.9994        0.9600       1.62299  58.10    20.240    1
  11.8978        5.5200       1.00000  0.00     17.410    0
  0              1.2000       1.68273  44.50    15.260    1
  23.4626        3.6000       1.69895  30.10    15.260    1
  -90.4978       0.2400       1.00000  0.00     15.260    0
  28.0277        12.0000      1.64000  60.20    15.370    1
  -21.1901       1.2160       1.00000  0.00     15.370    0
  stop           2.0000       1.00000  0.00     12.968    0
  -19.8725       3.6000       1.76182  26.50    12.610    1
  36.0197        1.5000       1.00000  0.00     14.910    0
  -40.1069       2.3112       1.62041  60.30    14.910    1
  -17.5387       0.2400       1.00000  0.00     16.250    0
  2400.0000      2.4000       1.62230  53.10    16.210    1
  -21.6178       36.6400      1.00000  0.00     16.210    0
