# Fujifilm Fujinon XC16-50mm F3.5-5.6 OIS II
#
# Patent: US20140368925
# Converted from photonstophotos.net Optical Bench data
# 25 surfaces, 13 glass elements, f/3.6

name: Fujifilm Fujinon XC16-50mm F3.5-5.6 OIS II
focal_length: 16.49

surfaces:
# radius       thickness    ior      abbe     semi_ap   coating
  51.2772        1.3700       1.92286  18.90    40.420    1
  34.9710        5.2000       1.83481  42.73    35.680    1
  170.9704       0.7000       1.00000  0.00     33.540    0
  45.0553        1.0000       1.88300  40.76    27.050    1
  10.3764        6.2000       1.00000  0.00     17.860    0
  -74.2538       1.0500       1.58254  59.47    17.860    1
  24.3554        0.1000       1.00000  0.00     16.500    0
  18.4578        2.5000       1.94595  17.98    18.360    1
  41.9811        14.5800      1.00000  0.00     17.100    0
  stop           1.3000       1.00000  0.00     9.551     0
  21.0609        3.3000       1.80348  40.44    12.010    1
  -81.0221       1.5600       1.00000  0.00     12.010    0
  0              0.7100       1.80000  29.84    14.060    1
  13.1140        4.5000       1.49700  81.54    12.210    1
  -13.1140       2.3200       1.00000  0.00     12.210    0
  -49.8789       1.0000       1.58517  59.41    9.920     1
  38.0025        5.2000       1.00000  0.00     11.070    0
  48.9365        3.1000       1.61800  63.33    17.280    1
  -26.6016       3.6000       1.00000  0.00     17.280    0
  -18.1159       0.8000       1.54072  47.23    16.110    1
  0              2.2000       1.00000  0.00     20.570    0
  0              2.8000       1.71299  53.87    28.170    1
  -65.0336       11.9500      1.00000  0.00     28.170    0
  0              2.8500       1.51680  64.20    28.760    1
  0              2.4200       1.00000  0.00     28.760    0
