# Fujifilm Fujinon XF55-200mm F3.5-4.8 R LM OIS
#
# Patent: DE112013006887
# Converted from photonstophotos.net Optical Bench data
# 31 surfaces, 17 glass elements, f/3.6

name: Fujifilm Fujinon XF55-200mm F3.5-4.8 R LM OIS
focal_length: 56.68

surfaces:
# radius       thickness    ior      abbe     semi_ap   coating
  93.4577        4.3000       1.58913  61.14    44.780    1
  0              0.1000       1.00000  0.00     44.780    0
  103.1337       1.7100       1.58144  40.75    43.040    1
  37.9520        7.1500       1.49700  81.54    39.860    1
  1295.9911      14.3320      1.00000  0.00     39.860    0
  -114.4807      0.8400       1.88300  40.76    21.200    1
  54.6230        2.0000       1.00000  0.00     18.560    0
  -39.7040       0.8500       1.72916  54.68    18.460    1
  39.7040        2.2000       1.92286  20.88    20.320    1
  503.7335       15.8570      1.00000  0.00     20.320    0
  stop           1.0000       1.00000  0.00     19.029    0
  35.2473        3.2000       1.72777  40.33    21.840    1
  302.5188       6.5100       1.00000  0.00     21.840    0
  68.0514        5.7000       1.43875  94.93    23.380    1
  -23.0494       0.3000       1.00000  0.00     23.380    0
  40.9271        1.0000       1.84666  23.78    23.820    1
  20.2890        6.4880       1.00000  0.00     19.660    0
  28.8457        3.8600       1.74320  49.34    19.480    1
  -43.3070       0.8500       1.80100  34.97    19.480    1
  107.9227       15.4780      1.00000  0.00     21.340    0
  0              2.6100       1.92286  18.90    19.040    1
  -68.1850       1.1000       1.72916  54.68    20.780    1
  27.9438        6.2130       1.00000  0.00     16.320    0
  0              3.5800       1.48749  70.23    29.100    1
  -55.5622       19.0270      1.00000  0.00     29.100    0
  0              0.6000       1.54763  54.98    27.880    1
  0              0.8100       1.00000  0.00     27.880    0
  0              1.5500       1.54763  54.98    28.440    1
  0              0.5000       1.00000  0.00     28.440    0
  0              0.7000       1.49784  54.98    28.760    1
  0              1.1200       1.00000  0.00     28.760    0
