# Fujifilm Fujinon 18.5mm F2.8 (X70)
#
# Patent: US20170075089
# Converted from photonstophotos.net Optical Bench data
# 15 surfaces, 8 glass elements, f/2.9

name: Fujifilm Fujinon 18.5mm F2.8 (X70)
focal_length: 19.13

surfaces:
# radius       thickness    ior      abbe     semi_ap   coating
  33.6670        0.5000       1.59270  35.31    16.490    1
  6.3650         2.2800       1.88300  40.76    8.260     1
  51.9620        1.1400       1.00000  0.00     7.370     0
  stop           1.4000       1.00000  0.00     5.828     0
  -10.7520       0.5000       1.69895  30.13    5.640     1
  8.0400         3.1100       1.88300  40.76    8.490     1
  -10.9310       1.1700       1.00000  0.00     8.490     0
  -6.7930        1.5500       1.56867  58.50    8.120     1
  -10.8156       4.4930       1.00000  0.00     11.460    0
  -39.3621       1.5500       1.68201  31.43    16.460    1
  58.1383        0.3000       1.00000  0.00     21.950    0
  124.7700       4.3200       1.88300  40.76    25.390    1
  -31.8690       2.0000       1.00000  0.00     25.390    0
  0              1.3000       1.49784  54.98    29.280    1
  0              2.2250       1.00000  0.00     29.280    0
