# Fujifilm Fujinon XF18-120mm F4.0 LM PZ WR
#
# Patent: JP2023-033114
# Converted from photonstophotos.net Optical Bench data
# 30 surfaces, 16 glass elements, f/4.0

name: Fujifilm Fujinon XF18-120mm F4.0 LM PZ WR
focal_length: 18.54

surfaces:
# radius       thickness    ior      abbe     semi_ap   coating
  87.8731        1.7000       1.92286  20.89    54.040    1
  52.9991        7.9000       1.59283  68.63    50.810    1
  0              0.1100       1.00000  0.00     49.730    0
  44.2217        4.8000       1.77535  50.30    42.600    1
  116.1158       1.0100       1.00000  0.00     41.800    0
  245.6604       1.2000       1.80610  40.73    24.840    1
  12.6893        6.1270       1.00000  0.00     18.240    0
  -26.9139       0.6500       1.77535  50.30    17.490    1
  51.2408        0.1300       1.00000  0.00     17.020    0
  31.3690        4.1400       1.84667  23.79    17.000    1
  -31.3690       0.6190       1.00000  0.00     16.490    0
  -22.7223       0.6000       1.88299  40.78    16.220    1
  -77.6976       31.2200      1.00000  0.00     16.000    0
  stop           1.2000       1.00000  0.00     14.305    0
  18.3694        4.7600       1.49648  81.26    18.460    1
  -48.2718       1.1900       1.00000  0.00     18.400    0
  29.6911        0.8100       1.91082  35.25    18.080    1
  13.0521        6.8600       1.53775  74.70    17.150    1
  -23.8705       1.0000       1.00000  0.00     17.060    0
  -77.8537       2.0100       1.90200  25.26    12.500    1
  -18.6299       0.6100       1.78799  47.47    12.640    1
  23.2536        22.0600      1.00000  0.00     12.870    0
  -179.4713      5.6300       1.58313  59.46    22.640    1
  -17.0089       0.3000       1.00000  0.00     23.240    0
  -20.3393       0.8100       2.00069  25.43    22.980    1
  -52.6546       2.5500       1.00000  0.00     24.470    0
  -170.9581      3.9300       1.53172  48.85    26.340    1
  -30.2666       21.9290      1.00000  0.00     26.860    0
  0              2.8500       1.51633  64.14    29.500    1
  0              1.0210       1.00000  0.00     29.700    0
