# Fujifilm Fujinon GF35-70mm F4.5-5.6 WR
#
# Patent: US20220236544
# Converted from photonstophotos.net Optical Bench data
# 23 surfaces, 12 glass elements, f/4.6

name: Fujifilm Fujinon GF35-70mm F4.5-5.6 WR
focal_length: 36.05

surfaces:
# radius       thickness    ior      abbe     semi_ap   coating
  69.1043        1.1500       1.80518  25.46    38.350    1
  29.8514        2.3520       1.00000  0.00     33.190    0
  52.0933        1.0000       1.58313  59.46    33.430    1
  22.5633        7.1490       1.00000  0.00     29.870    0
  0              0.9600       1.48749  70.39    32.070    1
  22.9374        5.0400       1.91083  35.26    28.070    1
  101.4645       28.0560      1.00000  0.00     27.570    0
  stop           0.8000       1.00000  0.00     14.094    0
  18.9700        7.0000       1.49700  81.61    20.150    1
  -38.7341       3.4870       1.00000  0.00     20.150    0
  -14.2160       1.8900       1.58313  59.46    16.070    1
  -28.1207       1.5000       1.00000  0.00     16.870    0
  -70.0906       0.8600       1.51741  52.16    15.190    1
  16.7278        6.1700       1.49700  81.61    17.730    1
  -16.7278       1.5460       1.00000  0.00     17.730    0
  36.6395        0.8500       1.67790  55.56    21.650    1
  22.7234        12.5000      1.00000  0.00     20.800    0
  -20.6151       0.8500       1.64769  33.84    24.890    1
  -41.3343       7.6420       1.00000  0.00     25.840    0
  0              6.0400       1.58144  40.75    50.270    1
  -68.1929       19.0920      1.00000  0.00     50.270    0
  0              2.8500       1.51680  64.20    56.950    1
  0              1.1220       1.00000  0.00     56.950    0
