# Fujifilm Fujinon XF35mm F2 R WR
#
# Patent: US20170010441
# Converted from photonstophotos.net Optical Bench data
# 18 surfaces, 10 glass elements, f/2.1

name: Fujifilm Fujinon XF35mm F2 R WR
focal_length: 35.33

surfaces:
# radius       thickness    ior      abbe     semi_ap   coating
  48.0769        2.7940       1.88300  40.76    27.680    1
  192.3077       0.1000       1.00000  0.00     27.680    0
  26.3158        4.0100       1.75500  52.32    24.220    1
  0              0.9250       1.89286  20.36    24.220    1
  82.5014        3.2140       1.00000  0.00     21.610    0
  -249.9998      0.8500       1.75500  52.32    16.950    1
  19.8886        7.4980       1.00000  0.00     14.620    0
  stop           3.9940       1.00000  0.00     12.343    0
  62.3123        3.1250       1.61881  63.85    13.810    1
  -21.9259       0.2250       1.00000  0.00     15.400    0
  -20.2782       4.3850       1.77250  49.60    15.620    1
  -10.3306       0.8600       1.60342  38.03    17.240    1
  21.8975        7.5000       1.77250  49.60    20.290    1
  -21.8975       5.5190       1.00000  0.00     22.240    0
  -14.2046       1.0000       1.51633  64.06    20.690    1
  -96.3765       8.8060       1.00000  0.00     22.400    0
  0              2.8500       1.51680  64.20    27.480    1
  0              1.7870       1.00000  0.00     27.480    0
