# Fujifilm Fujinon GF23mm F4 R LM WR
#
# Patent: US20180210178
# Converted from photonstophotos.net Optical Bench data
# 28 surfaces, 15 glass elements, f/4.0

name: Fujifilm Fujinon GF23mm F4 R LM WR
focal_length: 23.69

surfaces:
# radius       thickness    ior      abbe     semi_ap   coating
  37.6470        1.7400       1.69680  55.53    46.640    1
  18.8736        4.7514       1.00000  0.00     34.080    0
  29.0985        2.0200       1.58313  59.38    36.580    1
  14.3847        9.0566       1.00000  0.00     28.500    0
  332.1847       1.6400       1.49700  81.59    28.620    1
  20.9717        0.7957       1.00000  0.00     24.360    0
  25.2743        10.7800      1.65412  39.73    26.320    1
  -18.4080       2.3400       1.84666  23.78    26.760    1
  -131.6846      6.3480       1.00000  0.00     26.760    0
  -112.5732      3.3500       2.00069  25.43    19.760    1
  -33.8019       8.5118       1.00000  0.00     19.760    0
  stop           7.4861       1.00000  0.00     12.524    0
  76.3971        2.2500       1.54072  47.23    24.380    1
  31.4569        0.3603       1.00000  0.00     18.960    0
  29.9647        8.6000       1.43875  94.66    22.900    1
  -16.0360       1.5800       1.76200  40.10    22.900    1
  -22.0807       3.9687       1.00000  0.00     24.560    0
  -120.8019      4.0800       1.80625  40.91    26.140    1
  -40.3005       1.1655       1.00000  0.00     29.620    0
  0              1.8000       1.72047  34.71    32.680    1
  22.7320        6.1100       1.49700  81.59    32.240    1
  64.9909        2.5180       1.00000  0.00     30.690    0
  -173.3789      1.4000       1.60342  38.03    30.690    1
  91.7200        3.4827       1.00000  0.00     33.040    0
  77.7950        7.5100       1.53775  74.70    44.060    1
  -77.7950       20.2074      1.00000  0.00     44.060    0
  0              3.2000       1.51680  64.20    58.340    1
  0              0.0000       1.00000  0.00     58.340    0
