# Fujifilm Fujinon GF250mm F4 R LM OIS WR
#
# Patent: US20190094496
# Converted from photonstophotos.net Optical Bench data
# 29 surfaces, 17 glass elements, f/4.1

name: Fujifilm Fujinon GF250mm F4 R LM OIS WR
focal_length: 242.54

surfaces:
# radius       thickness    ior      abbe     semi_ap   coating
  437.9481       4.3400       1.48749  70.24    64.620    1
  -437.9481      0.2300       1.00000  0.00     64.620    0
  88.2356        9.2300       1.49700  81.54    62.300    1
  -318.6800      1.9500       1.65160  58.62    64.360    1
  184.2906       1.0500       1.00000  0.00     58.760    0
  52.2197        2.0600       1.51742  52.43    56.160    1
  35.0700        10.6000      1.49700  81.54    51.120    1
  99.3624        10.1100      1.00000  0.00     51.120    0
  58.2609        4.3800       1.90366  31.31    45.660    1
  128.2200       1.9500       1.80610  40.93    44.840    1
  34.8158        16.6200      1.00000  0.00     40.460    0
  41.4281        2.3200       1.56732  42.82    37.320    1
  29.5030        7.1100       1.43875  94.66    35.420    1
  439.0296       8.5200       1.00000  0.00     35.420    0
  stop           3.7100       1.00000  0.00     27.381    0
  356.6297       1.0300       1.85150  40.78    27.400    1
  50.9986        2.8900       1.00000  0.00     26.600    0
  -79.3300       0.9000       1.72916  54.09    26.600    1
  34.9710        3.2800       1.84666  23.78    26.600    1
  109.9049       6.4100       1.00000  0.00     26.600    0
  130.5900       2.6300       1.89286  20.36    31.220    1
  45.9840        7.6100       1.67003  47.20    29.160    1
  -108.5346      20.1500      1.00000  0.00     29.160    0
  129.0771       5.6900       1.60342  38.03    37.460    1
  -82.4767       16.4200      1.00000  0.00     37.460    0
  -104.7176      1.7500       1.72916  54.68    38.660    1
  -1000.2365     68.8170      1.00000  0.00     38.660    0
  0              3.2000       1.51680  64.20    57.680    1
  0              0.0260       1.00000  0.00     57.680    0
