# Fujifilm Fujinon GF30mm F5.6 T&S
#
# Patent: WO2024-195273
# Converted from photonstophotos.net Optical Bench data
# 30 surfaces, 17 glass elements, f/5.8

name: Fujifilm Fujinon GF30mm F5.6 T&S
focal_length: 30.90

surfaces:
# radius       thickness    ior      abbe     semi_ap   coating
  247.1074       3.3100       1.58480  58.71    48.495    1
  23.0054        7.0200       1.00000  0.00     35.233    0
  50.3300        1.2300       1.69680  55.53    34.090    1
  20.0711        7.4000       1.00000  0.00     28.839    0
  438.6617       1.0000       1.49709  81.60    27.740    1
  25.3736        0.7976       1.00000  0.00     25.932    0
  31.0189        8.7700       1.65412  39.68    25.928    1
  -25.1959       9.7400       1.84666  23.84    24.900    1
  -52.7669       0.8400       1.00000  0.00     22.428    0
  -35.4528       1.0300       1.48749  70.44    22.203    1
  278.3370       10.5500      1.90043  37.37    21.344    1
  -45.9945       6.9392       1.00000  0.00     19.140    0
  stop           2.8300       1.00000  0.00     13.242    0
  24.2230        7.4900       1.72916  54.54    14.318    1
  12.2052        5.3300       1.48749  70.44    13.473    1
  -44.2557       0.4300       1.00000  0.00     13.980    0
  -112.1941      1.0000       1.87070  40.73    14.488    1
  21.3658        7.1300       1.43700  95.10    15.609    1
  -16.0840       0.5000       1.00000  0.00     18.331    0
  -17.8071       1.6700       1.58480  58.71    18.719    1
  -256.0233      0.1200       1.00000  0.00     22.286    0
  46.0954        6.5600       1.49700  81.61    25.510    1
  -32.9055       1.7130       1.00000  0.00     26.703    0
  -207.1480      2.0900       1.58480  58.71    28.610    1
  300.0012       1.4763       1.00000  0.00     29.861    0
  -118.6089      1.2200       1.80420  42.81    29.943    1
  31.4600        12.4400      1.56732  42.81    33.617    1
  -39.5818       48.1062      1.00000  0.00     36.500    0
  0              3.2000       1.51680  64.20    83.326    1
  0              1.0097       1.00000  0.00     85.114    0
