# Fujifilm Fujinon XF16-50mm F2.8-4.8 R LM WR
#
# Patent: WO2024-057734
# Converted from photonstophotos.net Optical Bench data
# 23 surfaces, 12 glass elements, f/2.9

name: Fujifilm Fujinon XF16-50mm F2.8-4.8 R LM WR
focal_length: 16.49

surfaces:
# radius       thickness    ior      abbe     semi_ap   coating
  34.7628        1.0000       1.77250  49.60    30.011    1
  13.5266        8.7160       1.00000  0.00     23.546    0
  -82.8134       1.6000       1.58510  58.74    23.192    1
  36.3271        0.1260       1.00000  0.00     22.740    0
  30.2168        2.6300       2.05091  26.95    22.987    1
  76.4413        26.6200      1.00000  0.00     22.623    0
  16.3962        2.4600       1.49700  81.61    14.628    1
  46.5774        2.1100       1.00000  0.00     14.445    0
  stop           1.0000       1.00000  0.00     13.435    0
  20.4640        3.0800       1.59283  68.63    14.412    1
  -58.8570       0.5700       1.54814  45.82    14.060    1
  58.8570        0.2060       1.00000  0.00     13.675    0
  17.4835        4.1100       1.59283  68.63    13.338    1
  -24.0337       0.5400       1.65411  39.68    12.369    1
  15.9153        0.6300       1.00000  0.00     11.301    0
  29.1113        1.8900       1.58510  58.74    11.262    1
  294.8208       3.2870       1.00000  0.00     10.816    0
  -27.2175       1.1700       1.76802  49.24    12.645    1
  241.5555       5.6000       1.00000  0.00     12.921    0
  -751.9980      4.2200       1.61773  49.81    25.200    1
  -30.5006       12.0688      1.00000  0.00     25.835    0
  0              2.8500       1.51680  64.20    28.000    1
  0              1.0100       1.00000  0.00     28.272    0
