# Hasselblad HC TC 1.7x (Fujinon)
#
# Patent: US20020191303
# Converted from photonstophotos.net Optical Bench data
# 11 surfaces, 6 glass elements

name: Hasselblad HC TC 1.7x (Fujinon)
focal_length: 50.00

surfaces:
# radius       thickness    ior      abbe     semi_ap   coating
  0              16.5255      1.00000  0.00     59.070    0
  113.2575       1.9995       1.82017  46.40    37.300    1
  29.4240        11.5005      1.59667  35.30    36.760    1
  -63.5220       5.3205       1.00000  0.00     36.760    0
  -67.5555       2.2500       1.88815  40.80    41.380    1
  183.3705       5.8005       1.00000  0.00     37.460    0
  -38.7165       2.2500       1.88815  40.80    37.460    1
  -127.1295      0.3000       1.00000  0.00     41.560    0
  148.6905       15.7005      1.52033  58.60    47.360    1
  -31.3590       3.0000       1.88815  40.80    47.360    1
  -40.3425       62.4225      1.00000  0.00     51.380    0
