# Hasselblad XCD 3.5 120 Macro
#
# Patent: US20200192060
# Converted from photonstophotos.net Optical Bench data
# 20 surfaces, 11 glass elements, f/3.5

name: Hasselblad XCD 3.5 120 Macro
focal_length: 120.00

surfaces:
# radius       thickness    ior      abbe     semi_ap   coating
  265.4650       4.0500       1.85026  32.27    42.000    1
  -265.4650      9.6505       1.00000  0.00     42.000    0
  43.7100        7.0500       1.53775  74.70    32.000    1
  -75.4720       1.0000       1.74077  27.79    31.200    1
  36.6550        0.7732       1.00000  0.00     29.700    0
  40.3610        4.4000       1.91650  31.60    29.800    1
  124.2150       5.1547       1.00000  0.00     29.200    0
  17080.4913     4.3500       1.89286  20.36    26.800    1
  -45.1240       1.6500       1.67270  32.10    26.300    1
  40.8790        7.9338       1.00000  0.00     24.500    0
  stop           45.0101      1.00000  0.00     23.020    0
  88.1240        6.2000       1.48749  70.24    36.000    1
  -88.1240       0.8000       1.00000  0.00     36.800    0
  -333.1460      1.0000       1.80000  29.84    37.500    1
  40.8030        8.6000       1.91650  31.60    38.800    1
  -144.7770      11.2391      1.00000  0.00     39.000    0
  -61.9520       2.0000       1.69895  30.13    38.700    1
  401.0680       31.2557      1.00000  0.00     40.000    0
  0              1.8000       1.51633  64.14    58.000    1
  0              0.1000       1.00000  0.00     58.000    0
