# Hasselblad XCD 3.5 30
#
# Patent: WO2018-052113
# Converted from photonstophotos.net Optical Bench data
# 22 surfaces, 11 glass elements, f/3.5

name: Hasselblad XCD 3.5 30
focal_length: 30.98

surfaces:
# radius       thickness    ior      abbe     semi_ap   coating
  68.5100        4.1400       1.63854  55.38    46.000    1
  132.7800       0.1500       1.00000  0.00     43.400    0
  46.9800        1.0000       1.48749  70.24    37.700    1
  14.8500        9.1100       1.00000  0.00     27.200    0
  -447.1600      1.2000       1.48749  70.24    27.200    1
  18.8000        4.1100       1.00000  0.00     24.200    0
  22.2800        3.7200       1.90200  25.26    24.000    1
  37.3600        12.8300      1.00000  0.00     22.800    0
  20.3200        4.1800       1.49700  81.54    15.400    1
  -49.7400       0.3930       1.00000  0.00     15.600    0
  stop           3.9100       1.00000  0.00     14.600    0
  -27.6100       0.4900       1.78472  25.68    14.200    1
  44.2000        0.1500       1.00000  0.00     14.800    0
  19.0000        5.1300       1.49700  81.54    15.800    1
  -22.0400       0.1500       1.00000  0.00     16.400    0
  37.2400        7.3400       1.80809  22.76    16.000    1
  -10.6100       1.2000       1.90200  25.26    16.200    1
  29.2800        1.6300       1.00000  0.00     17.400    0
  37.6600        2.9500       1.89286  20.36    19.200    1
  174.1000       10.7800      1.00000  0.00     19.600    0
  -11.3500       1.2000       1.53172  48.84    21.400    1
  -16.5000       18.6400      1.00000  0.00     25.600    0
