# Hasselblad XCD 2.5 90V
#
# Patent: JP2022-099402
# Converted from photonstophotos.net Optical Bench data
# 21 surfaces, 13 glass elements, f/2.6

name: Hasselblad XCD 2.5 90V
focal_length: 92.26

surfaces:
# radius       thickness    ior      abbe     semi_ap   coating
  48.4341        6.8459       1.72916  54.70    42.150    1
  370.5984       0.2071       1.00000  0.00     42.150    0
  37.1312        6.1373       1.49700  81.60    34.250    1
  -760.5376      0.0129       1.56732  42.80    34.250    1
  -760.5376      1.4496       1.77047  29.70    34.250    1
  29.7255        4.3191       1.00000  0.00     30.440    0
  41.3215        3.4390       1.77047  29.70    28.190    1
  126.4144       7.3362       1.00000  0.00     28.190    0
  stop           2.5866       1.00000  0.00     23.922    0
  199.5563       4.1278       1.85896  22.70    22.430    1
  -31.4132       0.0129       1.56732  42.80    22.430    1
  -31.4132       0.8284       1.91082  35.20    22.430    1
  38.3468        15.6654      1.00000  0.00     20.660    0
  57.5853        8.8509       1.69680  55.50    31.350    1
  -30.2793       0.0129       1.56732  42.80    31.350    1
  -30.2793       10.1015      1.84666  23.80    31.350    1
  -43.8629       15.9335      1.00000  0.00     35.750    0
  -21.3794       3.1064       1.68863  31.20    36.400    1
  -66.7884       13.8220      1.00000  0.00     42.020    0
  0              1.8638       1.51680  64.20    56.660    1
  0              1.0355       1.00000  0.00     56.660    0
