# Hasselblad HC 3.5 35 (Fujinon)
#
# Patent: US20040136095
# Converted from photonstophotos.net Optical Bench data
# 22 surfaces, 11 glass elements, f/3.6

name: Hasselblad HC 3.5 35 (Fujinon)
focal_length: 35.76

surfaces:
# radius       thickness    ior      abbe     semi_ap   coating
  60.7730        8.0800       1.74330  49.20    63.300    1
  145.3410       0.1500       1.00000  0.00     58.640    0
  50.6350        2.4400       1.84666  23.80    47.030    1
  21.3620        6.7100       1.00000  0.00     35.580    0
  50.5840        2.0400       1.83400  37.30    34.630    1
  22.2240        7.0800       1.00000  0.00     29.350    0
  -71.4290       20.9500      1.48749  70.40    29.350    1
  -50.0340       0.2000       1.00000  0.00     22.500    0
  66.9050        1.3300       1.71300  53.90    20.880    1
  28.0500        0.1800       1.00000  0.00     18.530    0
  31.4760        17.1700      1.80518  25.40    18.530    1
  199.4660       3.2500       1.00000  0.00     20.440    0
  stop           4.9000       1.00000  0.00     19.570    0
  -61.3130       7.4100       1.51742  52.20    20.280    1
  -29.1470       7.8200       1.00000  0.00     22.760    0
  67.7650        10.2200      1.83400  37.30    30.340    1
  29.5280        16.6400      1.49700  81.50    30.340    1
  -21.2500       0.0700       1.00000  0.00     32.364    0
  -21.6580       2.1300       1.84666  23.90    32.364    1
  -39.5820       0.2000       1.00000  0.00     35.790    0
  -55.0710       4.1800       1.48749  70.40    36.600    1
  -41.5350       61.0200      1.00000  0.00     38.440    0
