# Hasselblad XCD 3.5 45
#
# Patent: WO2017-221949
# Converted from photonstophotos.net Optical Bench data
# 17 surfaces, 9 glass elements, f/3.5

name: Hasselblad XCD 3.5 45
focal_length: 45.03

surfaces:
# radius       thickness    ior      abbe     semi_ap   coating
  -54.6080       1.0000       1.54814  45.78    24.400    1
  18.8010        2.1300       1.00000  0.00     21.500    0
  40.8290        3.4000       1.91650  31.60    21.500    1
  212.8020       6.4700       1.00000  0.00     20.800    0
  22.5080        5.2000       1.69700  48.52    17.000    1
  -26.0280       1.0000       1.69895  30.13    16.600    1
  -52.2980       2.9200       1.00000  0.00     16.200    0
  stop           5.0500       1.00000  0.00     14.200    0
  -22.8860       1.0000       1.85026  32.27    13.900    1
  16.7690        5.2000       1.64850  53.02    14.900    1
  -26.7400       0.9300       1.00000  0.00     16.200    0
  44.6080        4.4000       1.85026  32.37    17.600    1
  -51.3000       0.1500       1.00000  0.00     18.400    0
  43.1040        1.0000       1.83481  42.72    19.000    1
  22.5000        6.6300       1.00000  0.00     18.900    0
  -13.4160       1.0000       1.48749  70.24    19.200    1
  -21.5830       27.0500      1.00000  0.00     21.600    0
