# Hasselblad HC 3.5 50-II
#
# Patent: US20120063011
# Converted from photonstophotos.net Optical Bench data
# 19 surfaces, 11 glass elements, f/3.6

name: Hasselblad HC 3.5 50-II
focal_length: 50.69

surfaces:
# radius       thickness    ior      abbe     semi_ap   coating
  44.6660        9.2000       1.83481  42.70    52.620    1
  26.8880        6.4700       1.00000  0.00     38.700    0
  85.6260        6.5000       1.84666  23.90    38.280    1
  26.8870        8.3200       1.00000  0.00     31.180    0
  97.8550        9.8900       1.88300  40.80    30.920    1
  -45.9840       10.0200      1.48749  70.20    29.680    1
  33.1140        9.5500       1.83481  42.70    23.260    1
  73.7600        1.8500       1.00000  0.00     20.380    0
  -47.2290       4.8900       1.62041  60.30    20.380    1
  -28.8440       6.7500       1.00000  0.00     20.380    0
  stop           7.6400       1.00000  0.00     19.951    0
  33.0670        3.0400       1.84666  23.90    20.020    1
  47.0320        7.2100       1.00000  0.00     20.020    0
  -175.6600      1.3000       1.80000  29.80    24.900    1
  29.2310        12.7500      1.49700  81.50    24.900    1
  -19.0770       1.6300       1.70154  41.20    27.820    1
  -43.8820       0.2000       1.00000  0.00     32.360    0
  -144.9000      4.3500       1.83481  42.70    35.760    1
  -46.4300       61.8350      1.00000  0.00     35.760    0
