# Hasselblad HC 3.2 150 (Fujinon)
#
# Patent: US20020075570
# Converted from photonstophotos.net Optical Bench data
# 18 surfaces, 9 glass elements, f/3.2

name: Hasselblad HC 3.2 150 (Fujinon)
focal_length: 150.00

surfaces:
# radius       thickness    ior      abbe     semi_ap   coating
  63.5145        10.6605      1.77621  49.60    63.830    1
  578.9460       0.2400       1.00000  0.00     63.830    0
  45.8370        8.1000       1.49845  81.60    54.660    1
  141.8235       1.4595       1.00000  0.00     51.160    0
  322.5615       3.0495       1.69416  31.20    56.000    1
  35.3970        3.5895       1.00000  0.00     41.860    0
  63.2505        4.9995       1.49845  81.60    41.630    1
  289.2000       4.9905       1.00000  0.00     41.630    0
  -1185.2670     1.8000       1.67380  57.20    34.020    1
  25.0050        4.0005       1.83932  37.20    30.180    1
  41.7330        21.3910      1.00000  0.00     30.180    0
  stop           16.5500      1.00000  0.00     27.024    0
  121.0410       6.0000       1.56433  45.30    33.680    1
  -74.8260       5.5695       1.00000  0.00     33.680    0
  -33.0555       1.9995       1.72538  34.70    35.720    1
  -331.8795      0.4800       1.00000  0.00     44.970    0
  -198.4965      9.5205       1.77621  49.60    41.600    1
  -38.8710       77.0900      1.00000  0.00     44.980    0
