# Hasselblad HC 3.5 50 (Fujinon)
#
# Patent: US20030011895
# Converted from photonstophotos.net Optical Bench data
# 22 surfaces, 10 glass elements, f/3.5

name: Hasselblad HC 3.5 50 (Fujinon)
focal_length: 50.00

surfaces:
# radius       thickness    ior      abbe     semi_ap   coating
  65.7650        2.6850       1.80610  40.90    59.640    1
  32.5400        8.3400       1.00000  0.00     48.900    0
  109.7600       2.2850       1.80610  40.90    51.460    1
  35.1950        11.6350      1.00000  0.00     48.460    0
  105.5350       8.9100       1.78470  26.30    51.320    1
  -185.4500      2.9850       1.00000  0.00     51.320    0
  51.3550        4.9700       1.80810  22.80    45.720    1
  34.2300        13.5100      1.71300  53.90    41.480    1
  -70.4050       3.1700       1.00000  0.00     41.480    0
  306.9400       2.3450       1.51742  52.40    29.060    1
  34.4800        5.3200       1.00000  0.00     23.340    0
  0              6.8100       1.00000  0.00     18.950    0
  stop           9.8150       1.00000  0.00     18.377    0
  0              2.5850       1.00000  0.00     19.100    0
  -116.9450      3.1800       1.77250  49.60    25.360    1
  -39.1600       1.9800       1.00000  0.00     25.360    0
  -20.3950       1.5900       1.63980  34.50    23.650    1
  -691.9250      1.4900       1.00000  0.00     31.660    0
  -68.1150       5.1200       1.61800  63.30    29.700    1
  -28.5000       0.2000       1.00000  0.00     31.660    0
  -254.7300      8.1050       1.49700  81.50    39.180    1
  -32.0850       64.9650      1.00000  0.00     39.180    0
