# Hasselblad HC 4.5 300 (Fujinon)
#
# Patent: US20060209426
# Converted from photonstophotos.net Optical Bench data
# 17 surfaces, 9 glass elements, f/4.7

name: Hasselblad HC 4.5 300 (Fujinon)
focal_length: 291.95

surfaces:
# radius       thickness    ior      abbe     semi_ap   coating
  76.6680        8.9400       1.70154  41.10    82.120    1
  154.9900       13.2700      1.00000  0.00     82.120    0
  127.5400       2.9000       1.80610  33.30    82.190    1
  48.9010        0.4800       1.00000  0.00     69.750    0
  48.8030        16.3600      1.43875  95.00    69.750    1
  -1650.8000     0.2500       1.00000  0.00     69.750    0
  81.4570        30.0000      1.62041  60.40    59.790    1
  227.5800       5.5500       1.00000  0.00     59.790    0
  1463.5000      4.2000       1.80518  25.50    38.380    1
  -88.9870       2.8000       1.74400  44.80    38.380    1
  69.5510        32.8700      1.00000  0.00     38.380    0
  stop           37.0800      1.00000  0.00     27.206    0
  147.6000       3.0000       1.74320  49.30    48.160    1
  59.1670        16.3700      1.00000  0.00     48.160    0
  73.2600        2.1000       1.80518  25.50    48.020    1
  42.1100        8.5400       1.80610  33.30    48.020    1
  205.0700       70.1800      1.00000  0.00     48.020    0
