# Hasselblad HC 4 120 Macro (Fujinon)
#
# Patent: JP2004-302170
# Converted from photonstophotos.net Optical Bench data
# 19 surfaces, 9 glass elements, f/4.1

name: Hasselblad HC 4 120 Macro (Fujinon)
focal_length: 120.00

surfaces:
# radius       thickness    ior      abbe     semi_ap   coating
  162.8028       4.0423       1.76182  26.50    33.580    1
  -162.8028      1.6023       1.00000  0.00     33.580    0
  -57.5500       1.6169       1.72342  38.00    32.330    1
  43.6577        5.6592       1.00000  0.00     30.050    0
  54.0594        8.0846       1.69680  55.60    33.680    1
  -54.0594       23.2431      1.00000  0.00     33.680    0
  stop           4.4465       1.00000  0.00     26.084    0
  -28.5547       5.5884       1.67270  32.20    26.170    1
  533.5811       1.0101       1.00000  0.00     27.870    0
  -150.7003      9.0951       1.77250  49.60    30.630    1
  -40.5299       0.3032       1.00000  0.00     30.630    0
  419.3058       7.9835       1.48749  70.20    31.370    1
  -55.1508       3.0317       1.00000  0.00     31.370    0
  180.6596       5.0529       1.80518  25.50    32.170    1
  -180.6596      4.2949       1.00000  0.00     32.170    0
  -163.3182      3.0317       1.80440  39.60    32.110    1
  49.5210        7.2761       1.00000  0.00     32.110    0
  54.9336        7.2629       1.48749  70.20    37.980    1
  195.0097       84.5900      1.00000  0.00     37.980    0
