# Hasselblad HC 4 210 (Fujinon)
#
# Patent: US006445511
# Converted from photonstophotos.net Optical Bench data
# 17 surfaces, 10 glass elements, f/4.0

name: Hasselblad HC 4 210 (Fujinon)
focal_length: 210.00

surfaces:
# radius       thickness    ior      abbe     semi_ap   coating
  79.4640        10.9430      1.48749  70.20    69.700    1
  -1663.1370     0.4580       1.00000  0.00     69.700    0
  50.0640        13.2320      1.49700  81.60    60.860    1
  -923.2650      3.1840       1.65412  39.70    60.860    1
  97.2930        0.2000       1.00000  0.00     55.060    0
  41.5170        7.3020       1.58144  40.70    47.420    1
  28.2870        10.9452      1.00000  0.00     38.680    0
  268.3380       4.9750       1.80518  25.40    35.080    1
  -172.1790      2.9840       1.81600  46.60    35.080    1
  66.1080        22.8816      1.00000  0.00     35.080    0
  stop           12.7740      1.00000  0.00     26.670    0
  -81.0390       5.8000       1.71736  29.50    32.700    1
  81.0390        7.2720       1.80400  46.60    32.700    1
  -156.4290      6.1970       1.00000  0.00     32.700    0
  190.0500       5.9280       1.80518  25.40    44.160    1
  69.5730        9.9480       1.74000  28.30    43.460    1
  -162.5820      96.4740      1.00000  0.00     43.460    0
