# Hasselblad XCD 2.8 65
#
# Patent: US20200319427
# Converted from photonstophotos.net Optical Bench data
# 20 surfaces, 12 glass elements, f/2.8

name: Hasselblad XCD 2.8 65
focal_length: 65.02

surfaces:
# radius       thickness    ior      abbe     semi_ap   coating
  38.5570        1.7000       1.63980  34.47    32.200    1
  26.2050        5.2000       1.83481  42.74    29.800    1
  77.6000        1.2800       1.00000  0.00     28.000    0
  23.9720        6.3000       1.58913  61.13    23.300    1
  129.0000       1.3000       1.60342  38.03    19.700    1
  15.6200        8.7500       1.00000  0.00     16.700    0
  stop           8.4500       1.00000  0.00     15.100    0
  -17.6720       1.4000       1.59551  39.24    18.200    1
  -42.4780       3.3000       1.49700  81.54    21.500    1
  -24.4980       0.2000       1.00000  0.00     23.700    0
  271.9320       6.8000       1.53775  74.70    29.200    1
  -29.7030       1.0000       1.00000  0.00     30.900    0
  -579.5190      12.3700      1.89190  37.13    37.500    1
  -31.0900       4.6000       1.69895  30.13    39.100    1
  -88.7550       4.3500       1.00000  0.00     40.400    0
  -35.5010       2.2000       1.48749  70.24    40.400    1
  -1023.3570     20.7300      1.00000  0.00     43.600    0
  0              0.8000       1.53741  61.81    55.200    1
  0              1.0000       1.52312  54.36    55.500    1
  0              0.2300       1.00000  0.00     55.900    0
