# Hasselblad HC 2.8 80 (Fujinon)
#
# Patent: US20010050819
# Converted from photonstophotos.net Optical Bench data
# 13 surfaces, 6 glass elements, f/2.9

name: Hasselblad HC 2.8 80 (Fujinon)
focal_length: 80.00

surfaces:
# radius       thickness    ior      abbe     semi_ap   coating
  38.0394        4.6647       1.78589  44.20    38.440    1
  88.6001        0.9709       1.00000  0.00     36.330    0
  29.0164        5.9862       1.51680  64.10    31.750    1
  131.7382       0.0472       1.00000  0.00     28.850    0
  110.6121       2.0466       1.60342  38.00    28.110    1
  19.2316        13.5418      1.00000  0.00     21.280    0
  stop           7.8382       1.00000  0.00     19.300    0
  -21.5195       2.5947       1.72825  28.50    20.320    1
  -202.8955      0.2002       1.00000  0.00     26.400    0
  -139.6596      7.2886       1.78589  44.20    26.400    1
  -31.3888       0.1944       1.00000  0.00     31.130    0
  -494.4805      6.8027       1.74330  49.30    33.560    1
  -44.7302       60.8720      1.00000  0.00     37.660    0
