# Isco 135mm F2.8
#
# Patent: GB0870189
# Converted from photonstophotos.net Optical Bench data
# 9 surfaces, 4 glass elements, f/2.8

name: Isco 135mm F2.8
focal_length: 135.00

surfaces:
# radius       thickness    ior      abbe     semi_ap   coating
  98.4300        5.3300       1.58913  61.20    54.490    1
  622.2300       0.8100       1.00000  0.00     54.490    0
  48.7200        30.2400      1.58900  48.60    49.760    1
  -128.5300      0.2000       1.00000  0.00     49.760    0
  -127.4400      11.7500      1.72825  28.30    49.760    1
  31.2000        6.7500       1.00000  0.00     37.580    0
  stop           19.3700      1.00000  0.00     25.234    0
  77.4100        5.8100       1.67270  32.20    39.700    1
  0              57.2600      1.00000  0.00     39.700    0
