# Isco Westrogon 24mm F4
#
# Patent: CH352160
# Converted from photonstophotos.net Optical Bench data
# 15 surfaces, 8 glass elements, f/4.0

name: Isco Westrogon 24mm F4
focal_length: 24.00

surfaces:
# radius       thickness    ior      abbe     semi_ap   coating
  53.6380        3.3910       1.49890  65.20    55.270    1
  30.5450        16.4740      1.00000  0.00     46.230    0
  140.0860       9.5930       1.69890  30.10    39.190    1
  -69.7700       3.3910       1.50140  56.50    39.190    1
  23.2560        28.5860      1.00000  0.00     31.440    0
  32.5100        1.9390       1.73870  28.20    10.440    1
  -74.6160       3.8760       1.00000  0.00     10.440    0
  stop           0.0000       1.00000  0.00     9.440     0
  10.2220        2.5200       1.47070  67.20    9.230     1
  0              0.8710       1.80690  25.50    9.230     1
  10.3680        2.2300       1.00000  0.00     8.060     0
  -6.7820        1.1640       1.76030  26.50    8.060     1
  -8.3660        0.0960       1.00000  0.00     8.700     0
  -45.5450       4.5550       1.63850  55.50    11.920    1
  -12.4030       36.6000      1.00000  0.00     11.920    0
