# Kapella 100mm F1
#
# Patent: US002012822
# Converted from photonstophotos.net Optical Bench data
# 10 surfaces, 5 glass elements, f/1.0

name: Kapella 100mm F1
focal_length: 100.00

surfaces:
# radius       thickness    ior      abbe     semi_ap   coating
  121.4700       8.8100       1.61350  59.40    104.480   1
  310.7000       0.5000       1.00000  0.00     104.480   0
  73.2700        8.3800       1.61350  59.40    98.550    1
  118.5500       0.5000       1.00000  0.00     98.550    0
  50.4200        33.7000      1.60620  59.80    85.660    1
  -105.1600      3.3900       1.69450  30.70    85.660    1
  29.0300        16.2800      1.00000  0.00     49.280    0
  stop           6.6600       1.00000  0.00     48.571    0
  59.3900        13.7200      1.61350  59.40    60.360    1
  -190.6200      32.1800      1.00000  0.00     60.360    0
