# Kinoptik Super-Tegea 1.9mm f/1.9 Fisheye
#
# Patent: US003037426
# Converted from photonstophotos.net Optical Bench data
# 15 surfaces, 7 glass elements, f/1.9

name: Kinoptik Super-Tegea 1.9mm f/1.9 Fisheye
focal_length: 1.98

surfaces:
# radius       thickness    ior      abbe     semi_ap   coating
  87.1050        5.1200       1.69112  54.00    92.740    1
  37.2500        15.3700      1.00000  0.00     58.510    0
  0              2.5600       1.80000  45.00    55.110    1
  7.5000         37.7500      1.00000  0.00     30.360    0
  93.8260        10.2500      1.68102  32.00    37.230    1
  -42.5000       29.5300      1.00000  0.00     37.230    0
  stop           1.8000       1.00000  0.00     6.361     0
  7.9360         1.7900       1.69112  54.00    7.800     1
  -179.1300      1.8200       1.00000  0.00     7.800     0
  -6.8520        0.6100       1.73259  28.40    7.770     1
  9.9690         1.3800       1.00000  0.00     7.770     0
  -44.0390       1.4300       1.62023  60.20    7.900     1
  -5.7000        0.0200       1.00000  0.00     7.900     0
  22.8880        1.0200       1.62023  60.20    8.260     1
  -22.8880       9.3300       1.00000  0.00     7.440     0
