# Kino Precision Kiron 105mm F2.8 MC Macro
#
# Patent: JP1986-067815
# Converted from photonstophotos.net Optical Bench data
# 13 surfaces, 6 glass elements, f/2.8

name: Kino Precision Kiron 105mm F2.8 MC Macro
focal_length: 103.98

surfaces:
# radius       thickness    ior      abbe     semi_ap   coating
  74.3000        9.0400       1.77250  49.20    46.330    1
  -1126.6850     22.6800      1.00000  0.00     45.300    0
  -42.2960       9.8500       1.80518  25.50    31.060    1
  112.1150       3.5000       1.00000  0.00     29.750    0
  -45.5070       3.5000       1.78590  43.90    29.750    1
  -33.9070       3.0000       1.00000  0.00     31.060    0
  83.7900        7.6000       1.77250  49.20    31.440    1
  -83.7900       3.6400       1.00000  0.00     31.440    0
  stop           2.8200       1.00000  0.00     27.358    0
  -74.3000       11.3000      1.69835  30.10    28.730    1
  -50.4810       15.5300      1.00000  0.00     28.730    0
  -38.4880       9.0000       1.69700  48.50    28.690    1
  -100.8000      38.8400      1.00000  0.00     30.550    0
