# Kinoptik Tegea 5.7mm f/1.8
#
# Patent: US003037426
# Converted from photonstophotos.net Optical Bench data
# 13 surfaces, 6 glass elements, f/1.8

name: Kinoptik Tegea 5.7mm f/1.8
focal_length: 5.80

surfaces:
# radius       thickness    ior      abbe     semi_ap   coating
  0              5.0900       1.69153  54.00    76.880    1
  15.0000        50.0900      1.00000  0.00     51.100    0
  190.0000       10.0000      1.68129  32.00    57.280    1
  -81.5300       61.1500      1.00000  0.00     57.280    0
  12.8300        2.0300       1.62025  60.00    12.340    1
  -343.7000      3.8100       1.00000  0.00     12.340    0
  -13.4000       0.5800       1.73150  28.00    10.260    1
  19.4900        1.4000       1.00000  0.00     10.260    0
  stop           1.2900       1.00000  0.00     10.486    0
  -85.4800       1.5800       1.62025  60.00    11.030    1
  -11.0000       0.3400       1.00000  0.00     11.030    0
  44.4600        1.1300       1.62025  60.00    10.560    1
  -44.4600       18.6200      1.00000  0.00     10.560    0
