# Kinoptik Tegea 9.8mm f/1.8
#
# Patent: US003037426
# Converted from photonstophotos.net Optical Bench data
# 16 surfaces, 9 glass elements, f/2.0

name: Kinoptik Tegea 9.8mm f/1.8
focal_length: 9.76

surfaces:
# radius       thickness    ior      abbe     semi_ap   coating
  0              5.0900       1.69153  54.00    81.400    1
  0              59.0900      1.00000  0.00     61.000    0
  190.0000       12.0000      1.68129  32.00    47.720    1
  -42.2000       2.0000       1.67400  56.00    47.720    1
  -83.9800       43.4600      1.00000  0.00     47.720    0
  17.9800        5.2900       1.46350  65.40    21.000    1
  -33.0500       1.3200       1.72350  37.90    21.000    1
  16.1200        3.9700       1.46350  65.40    21.000    1
  0              2.9700       1.00000  0.00     21.000    0
  stop           3.0000       1.00000  0.00     17.684    0
  60.0600        5.3000       1.51350  59.00    20.760    1
  -63.8500       6.6200       1.00000  0.00     20.760    0
  20.1000        0.8600       1.76200  27.00    20.560    1
  15.2100        5.4600       1.00000  0.00     20.560    0
  23.9600        2.6800       1.51350  59.00    20.480    1
  -176.9400      22.3800      1.00000  0.00     20.480    0
