# Kodak Ektar 50mm F3.5
#
# Patent: US002165328
# Converted from photonstophotos.net Optical Bench data
# 8 surfaces, 4 glass elements, f/3.5

name: Kodak Ektar 50mm F3.5
focal_length: 50.00

surfaces:
# radius       thickness    ior      abbe     semi_ap   coating
  13.7500        3.3150       1.62000  60.40    14.380    1
  82.5000        2.2250       1.00000  0.00     14.380    0
  -58.5000       1.2400       1.60500  38.20    12.830    1
  12.4500        2.4700       1.00000  0.00     11.760    0
  stop           0.9600       1.00000  0.00     11.837    0
  36.7500        3.9800       1.63900  55.50    12.100    1
  -13.6000       1.0000       1.52300  58.40    12.810    1
  -60.0500       41.7800      1.00000  0.00     12.810    0
