# Kodak Aero Ektar 153mm F3.5
#
# Patent: US002983193
# Converted from photonstophotos.net Optical Bench data
# 11 surfaces, 6 glass elements, f/3.5

name: Kodak Aero Ektar 153mm F3.5
focal_length: 153.00

surfaces:
# radius       thickness    ior      abbe     semi_ap   coating
  73.0420        9.6400       1.74000  45.80    65.530    1
  135.6650       0.6100       1.00000  0.00     65.530    0
  43.7730        10.5600      1.69300  56.20    58.160    1
  83.3240        5.3600       1.68300  30.90    55.860    1
  31.2430        29.0800      1.00000  0.00     43.570    0
  stop           26.0000      1.00000  0.00     28.749    0
  -36.4910       3.0600       1.66700  32.20    42.360    1
  -2190.9600     9.4900       1.74000  43.90    54.580    1
  -45.9770       0.1500       1.00000  0.00     54.580    0
  -1548.3600     7.5000       1.74000  46.40    58.180    1
  -114.7960      93.9300      1.00000  0.00     58.180    0
