# Kodak Ektar 52mm F1.5
#
# Patent: US002397565
# Converted from photonstophotos.net Optical Bench data
# 12 surfaces, 7 glass elements, f/1.5

name: Kodak Ektar 52mm F1.5
focal_length: 52.00

surfaces:
# radius       thickness    ior      abbe     semi_ap   coating
  38.4800        6.5500       1.63800  55.50    36.100    1
  149.5500       0.3100       1.00000  0.00     36.100    0
  26.4700        3.1200       1.61700  38.50    31.260    1
  15.7600        7.3800       1.63800  55.50    26.780    1
  50.2800        2.2900       1.00000  0.00     26.780    0
  -236.5000      1.8700       1.67300  32.20    25.050    1
  18.4100        4.4700       1.00000  0.00     22.870    0
  stop           1.2000       1.00000  0.00     21.910    0
  63.0800        7.1200       1.67000  47.20    22.400    1
  -17.6800       1.8700       1.54100  47.50    22.400    1
  29.7400        4.7300       1.73400  51.10    25.470    1
  -126.3100      26.4000      1.00000  0.00     25.470    0
