# Konica Minolta AF 400mm F4.5 HS APO G
#
# Patent: JP1996-327896
# Converted from photonstophotos.net Optical Bench data
# 15 surfaces, 8 glass elements, f/4.6

name: Konica Minolta AF 400mm F4.5 HS APO G
focal_length: 390.00

surfaces:
# radius       thickness    ior      abbe     semi_ap   coating
  151.0780       11.8000      1.49310  83.60    86.740    1
  -341.6940      0.4000       1.00000  0.00     86.740    0
  136.7200       10.5000      1.49310  83.60    81.980    1
  -509.1080      4.0000       1.00000  0.00     81.980    0
  -301.8490      3.0000       1.72100  39.40    78.560    1
  410.4610       29.3110      1.00000  0.00     78.560    0
  68.5760        3.2000       1.62004  36.30    59.620    1
  47.8310        7.2000       1.48749  70.20    59.620    1
  80.9930        14.1200      1.00000  0.00     54.460    0
  -1044.5000     3.0000       1.65844  0.00     48.920    1
  41.2940        6.6000       1.84666  23.80    48.920    1
  59.9110        21.9780      1.00000  0.00     45.860    0
  -136.0060      4.5000       1.48749  70.20    43.320    1
  -72.6250       31.0000      1.00000  0.00     43.320    0
  stop           121.1800     1.00000  0.00     34.985    0
