# Konica Minolta 135mm F2.8 MD
#
# Patent: US004214816
# Converted from photonstophotos.net Optical Bench data
# 11 surfaces, 5 glass elements, f/2.8

name: Konica Minolta 135mm F2.8 MD
focal_length: 135.00

surfaces:
# radius       thickness    ior      abbe     semi_ap   coating
  54.9200        7.0200       1.60730  59.50    49.900    1
  612.6300       0.3105       1.00000  0.00     49.900    0
  45.3500        7.0200       1.67000  57.10    47.970    1
  107.3500       2.2950       1.00000  0.00     47.970    0
  254.3700       5.8050       1.67270  32.20    42.800    1
  139.0500       3.7800       1.00000  0.00     42.800    0
  153.7700       7.4250       1.75520  27.50    35.070    1
  27.2400        8.8050       1.00000  0.00     28.140    0
  stop           24.0000      1.00000  0.00     26.216    0
  87.9500        2.4300       1.80520  25.40    24.450    1
  286.0700       55.7300      1.00000  0.00     23.140    0
