# Konica Minolta AF 35-70mm F4
#
# Patent: US004560253
# Converted from photonstophotos.net Optical Bench data
# 14 surfaces, 7 glass elements, f/4.1

name: Konica Minolta AF 35-70mm F4
focal_length: 68.20

surfaces:
# radius       thickness    ior      abbe     semi_ap   coating
  197.7050       2.0000       1.74400  44.93    41.340    1
  23.7540        5.7000       1.00000  0.00     33.660    0
  32.8000        4.3000       1.71736  29.42    32.680    1
  86.9560        0.1500       1.52000  51.06    32.680    1
  70.5020        0.8000       1.00000  0.00     32.680    0
  35.9100        3.0000       1.67000  57.07    21.580    1
  -210.6800      0.1500       1.00000  0.00     21.580    0
  23.4260        2.8000       1.67000  57.07    20.980    1
  88.4010        2.3410       1.00000  0.00     20.980    0
  stop           1.8500       1.00000  0.00     17.399    0
  -109.9210      4.0670       1.75000  25.14    16.440    1
  18.6930        4.6000       1.00000  0.00     19.340    0
  892.7770       2.8000       1.67270  32.22    18.750    1
  -33.3820       59.4600      1.00000  0.00     18.750    0
