# Konica Minolta AF 16mm F2.8 FishEye
#
# Patent: US003589798
# Converted from photonstophotos.net Optical Bench data
# 22 surfaces, 11 glass elements, f/2.8

name: Konica Minolta AF 16mm F2.8 FishEye
focal_length: 16.00

surfaces:
# radius       thickness    ior      abbe     semi_ap   coating
  121.3312       2.0800       1.62040  60.30    52.150    1
  18.9920        7.8544       1.00000  0.00     34.020    0
  39.6592        1.9200       1.61760  52.70    29.970    1
  16.7424        7.6544       1.00000  0.00     24.480    0
  -43.3680       1.6000       1.62040  60.30    19.940    1
  67.2912        0.0000       1.00000  0.00     24.930    0
  67.2912        7.5216       1.74950  34.90    24.930    1
  -51.6640       0.1440       1.00000  0.00     24.930    0
  34.7952        7.5920       1.73300  28.20    18.810    1
  0              1.6000       1.00000  0.00     18.810    0
  0              1.4928       1.59940  40.80    14.270    1
  0              1.5696       1.00000  0.00     14.270    0
  stop           3.2000       1.00000  0.00     11.901    0
  -27.3200       5.4096       1.62140  61.20    12.720    1
  -9.7264        0.0000       1.00000  0.00     14.600    0
  -9.7264        2.3696       1.73300  28.20    14.600    1
  -21.4528       0.1440       1.00000  0.00     17.060    0
  -129.2096      1.3600       1.74000  37.50    23.240    1
  25.8256        6.3200       1.56880  56.00    23.240    1
  -32.7200       0.1440       1.00000  0.00     23.240    0
  53.8352        4.4800       1.51680  64.20    27.580    1
  -56.5568       36.3200      1.00000  0.00     27.580    0
