# Konica Minolta 50mm F1.4 MD
#
# Patent: US004182550
# Converted from photonstophotos.net Optical Bench data
# 14 surfaces, 7 glass elements, f/1.4

name: Konica Minolta 50mm F1.4 MD
focal_length: 50.00

surfaces:
# radius       thickness    ior      abbe     semi_ap   coating
  37.5000        5.0000       1.78850  45.70    37.200    1
  157.2750       0.1500       1.00000  0.00     37.200    0
  24.2500        4.2000       1.76500  46.30    31.960    1
  38.2300        2.1000       1.00000  0.00     30.480    0
  52.8050        2.0000       1.70060  30.10    29.010    1
  15.1900        9.1700       1.00000  0.00     23.740    0
  stop           5.4800       1.00000  0.00     23.150    0
  -16.2450       1.4000       1.75520  27.50    23.180    1
  400.0000       5.6000       1.74400  45.00    28.780    1
  -28.1600       0.1500       1.00000  0.00     28.780    0
  -116.3400      4.5500       1.78100  44.50    30.490    1
  -28.7250       0.1500       1.00000  0.00     30.490    0
  241.0000       2.6000       1.72000  50.20    29.080    1
  -82.1250       36.1600      1.00000  0.00     29.080    0
