# Konica Minolta 28mm F2.8 MD v2
#
# Patent: US004493536
# Converted from photonstophotos.net Optical Bench data
# 11 surfaces, 5 glass elements, f/2.8

name: Konica Minolta 28mm F2.8 MD v2
focal_length: 28.00

surfaces:
# radius       thickness    ior      abbe     semi_ap   coating
  43.5650        1.6770       1.78831  47.32    31.160    1
  18.0290        21.3390      1.00000  0.00     26.360    0
  30.2650        7.8540       1.80500  44.53    17.850    1
  -61.6000       2.0460       1.00000  0.00     15.370    0
  stop           6.0800       1.00000  0.00     14.099    0
  -17.2650       4.3430       1.75000  25.14    18.600    1
  60.1050        0.7980       1.00000  0.00     14.700    0
  -79.4110       2.0800       1.77250  49.77    14.700    1
  -19.0010       0.0840       1.00000  0.00     17.480    0
  -498.5230      2.0780       1.69680  56.47    19.510    1
  -30.8950       35.7500      1.00000  0.00     19.510    0
