# Konica Minolta UC Hexanon AR 28mm F1.8
#
# Patent: JP1976-026535
# Converted from photonstophotos.net Optical Bench data
# 17 surfaces, 8 glass elements, f/2.0

name: Konica Minolta UC Hexanon AR 28mm F1.8
focal_length: 28.00

surfaces:
# radius       thickness    ior      abbe     semi_ap   coating
  69.8964        1.9796       1.58913  61.10    44.100    1
  24.0772        5.0792       1.00000  0.00     33.140    0
  105.5208       5.0792       1.64769  33.80    32.020    1
  -123.7656      0.2800       1.00000  0.00     32.020    0
  70.6132        1.6996       1.58913  61.10    27.260    1
  17.0072        8.4588       1.00000  0.00     22.900    0
  28.2884        9.2988       1.72000  50.30    20.520    1
  296.8308       4.3288       1.00000  0.00     20.520    0
  0              4.3988       1.71300  53.90    20.620    1
  -32.1608       2.8492       1.00000  0.00     20.620    0
  stop           3.0000       1.00000  0.00     18.203    0
  -20.5604       4.7992       1.80518  25.40    18.440    1
  82.9164        1.3804       1.00000  0.00     20.180    0
  -68.0652       4.0012       1.69680  55.70    20.180    1
  -20.8572       0.2996       1.00000  0.00     21.560    0
  131.6672       4.0992       1.78590  44.20    26.740    1
  -46.4996       38.3600      1.00000  0.00     26.740    0
