# Konica Minolta AF 70-210mm F4
#
# Patent: JP1983-001118
# Converted from photonstophotos.net Optical Bench data
# 22 surfaces, 12 glass elements, f/4.0

name: Konica Minolta AF 70-210mm F4
focal_length: 72.00

surfaces:
# radius       thickness    ior      abbe     semi_ap   coating
  132.6500       2.5000       1.80520  25.40    50.810    1
  70.1300        6.4000       1.60310  60.70    50.810    1
  -1122.3000     0.1500       1.00000  0.00     50.810    0
  87.1000        5.0000       1.51680  64.10    49.360    1
  3191.8000      2.2000       1.00000  0.00     49.360    0
  -2019.7000     1.5000       1.69680  55.50    29.470    1
  42.9800        4.0000       1.00000  0.00     26.630    0
  -48.0600       1.4000       1.69680  55.50    26.630    1
  40.3900        4.0000       1.80520  25.40    29.470    1
  926.8800       34.2500      1.00000  0.00     29.470    0
  130.6800       5.6000       1.60310  60.70    30.700    1
  -41.5500       1.4000       1.00000  0.00     30.700    0
  -38.1800       1.7000       1.80520  25.40    31.500    1
  -63.8300       14.0100      1.00000  0.00     31.500    0
  stop           0.7000       1.00000  0.00     29.752    0
  35.0700        7.0700       1.51680  64.10    30.980    1
  -83.1200       1.7100       1.77550  37.90    30.980    1
  750.0700       50.3700      1.00000  0.00     30.980    0
  -20.9300       1.7500       1.77550  37.90    29.090    1
  -41.3200       0.1400       1.00000  0.00     29.090    0
  101.3700       3.2000       1.65450  33.90    30.890    1
  -122.3000      42.9700      1.00000  0.00     30.890    0
