# Konica Minolta Hexanon 200mm F4
#
# Patent: JP1979-055424
# Converted from photonstophotos.net Optical Bench data
# 11 surfaces, 5 glass elements, f/4.0

name: Konica Minolta Hexanon 200mm F4
focal_length: 200.00

surfaces:
# radius       thickness    ior      abbe     semi_ap   coating
  76.4400        8.5000       1.51633  64.10    50.100    1
  -266.3400      16.0000      1.00000  0.00     50.100    0
  -144.5400      3.0000       1.75520  27.50    42.260    1
  350.9400       2.0000       1.00000  0.00     42.260    0
  47.5000        6.5000       1.51633  64.10    40.790    1
  98.1400        28.1000      1.00000  0.00     40.790    0
  stop           38.9000      1.00000  0.00     28.730    0
  -28.2200       2.0000       1.77250  49.60    23.980    1
  -83.4200       1.0000       1.00000  0.00     23.980    0
  462.9000       3.5000       1.80518  25.40    25.580    1
  -102.7800      52.3000      1.00000  0.00     25.580    0
