# Konica Minolta Hexanon 60mm F1.2 (1999)
#
# Patent: JP1999-160615
# Converted from photonstophotos.net Optical Bench data
# 14 surfaces, 7 glass elements, f/1.2

name: Konica Minolta Hexanon 60mm F1.2 (1999)
focal_length: 58.26

surfaces:
# radius       thickness    ior      abbe     semi_ap   coating
  82.2120        3.5000       1.77250  49.60    52.700    1
  155.6520       0.2000       1.00000  0.00     52.700    0
  46.6160        5.5000       1.77250  49.60    47.780    1
  116.4530       0.2000       1.00000  0.00     47.780    0
  24.2820        6.6700       1.77250  49.60    39.510    1
  37.3240        2.0000       1.00000  0.00     37.840    0
  43.3500        2.3400       1.84666  23.80    36.520    1
  16.5990        8.6000       1.00000  0.00     28.050    0
  stop           6.7000       1.00000  0.00     26.628    0
  -23.0220       1.8300       1.69895  30.10    25.980    1
  64.8900        7.1300       1.80440  39.60    30.740    1
  -28.6560       0.2000       1.00000  0.00     30.740    0
  80.9760        3.4000       1.80610  40.90    31.500    1
  -170.2430      28.8800      1.00000  0.00     31.500    0
