# Konica Minolta Hexanon 24mm F2.8
#
# Patent: JP1980-087117
# Converted from photonstophotos.net Optical Bench data
# 17 surfaces, 8 glass elements, f/2.8

name: Konica Minolta Hexanon 24mm F2.8
focal_length: 24.00

surfaces:
# radius       thickness    ior      abbe     semi_ap   coating
  46.9418        3.2760       1.69680  55.50    30.700    1
  162.4272       0.0984       1.00000  0.00     30.700    0
  32.7504        1.5888       1.58913  61.10    24.280    1
  10.1232        2.2824       1.00000  0.00     16.980    0
  14.3712        1.4880       1.58913  61.10    16.980    1
  9.6600         4.1688       1.00000  0.00     14.180    0
  44.7960        10.7160      1.78470  26.20    12.720    1
  0              1.7364       1.00000  0.00     12.720    0
  stop           1.7364       1.00000  0.00     12.586    0
  71.3328        3.9696       1.69680  55.50    13.550    1
  -22.3704       0.0984       1.00000  0.00     13.550    0
  -51.8832       1.1904       1.80518  25.40    13.420    1
  34.1688        1.3392       1.00000  0.00     13.420    0
  -37.7112       2.3808       1.65160  58.60    13.420    1
  -15.1152       0.0984       1.00000  0.00     14.120    0
  90.3096        2.0832       1.69680  55.50    17.360    1
  -90.3096       35.9280      1.00000  0.00     17.360    0
