# Konica Minolta 250mm F5.6 RF
#
# Patent: US004264136
# Converted from photonstophotos.net Optical Bench data
# 9 surfaces, 5 glass elements

name: Konica Minolta 250mm F5.6 RF
focal_length: 250.00

surfaces:
# radius       thickness    ior      abbe     semi_ap   coating
  151.4300       5.0000       1.51760  53.50    57.820    1
  434.5430       39.0000      1.00000  0.00     57.820    0
  -74.5630       4.0000       1.51680  64.10    50.540    1
  -127.9350      0.0000       1.00000  0.00     52.660    0
  -48.4330       -2.5000      1.51680  64.10    27.690    1
  -92.3180       0.0000       1.00000  0.00     27.690    0
  -32.5380       1.4000       1.51680  64.10    24.860    1
  666.6180       1.9000       1.74000  28.30    24.860    1
  -194.9480      42.5800      1.00000  0.00     24.860    0
