# Konica Minolta 50mm F2.0 MD
#
# Patent: US004444473
# Converted from photonstophotos.net Optical Bench data
# 12 surfaces, 6 glass elements, f/2.0

name: Konica Minolta 50mm F2.0 MD
focal_length: 50.00

surfaces:
# radius       thickness    ior      abbe     semi_ap   coating
  36.8650        4.0150       1.72000  50.30    30.330    1
  280.4100       0.1600       1.00000  0.00     30.330    0
  19.6600        4.2950       1.72000  50.30    23.420    1
  33.3350        0.9500       1.00000  0.00     21.320    0
  54.9650        1.5300       1.68300  32.10    24.740    1
  14.2400        5.6850       1.00000  0.00     18.540    0
  stop           5.6700       1.00000  0.00     17.538    0
  -15.9850       2.1800       1.65450  33.90    17.030    1
  163.2650       4.4000       1.72000  52.10    20.280    1
  -21.3500       0.1600       1.00000  0.00     20.280    0
  0              2.8550       1.74400  44.90    20.900    1
  -38.3000       36.0050      1.00000  0.00     20.900    0
