# Konica Minolta AF 80-200mm F4.5-5.6
#
# Patent: JP1989-223410
# Converted from photonstophotos.net Optical Bench data
# 19 surfaces, 9 glass elements, f/4.5

name: Konica Minolta AF 80-200mm F4.5-5.6
focal_length: 82.50

surfaces:
# radius       thickness    ior      abbe     semi_ap   coating
  56.0690        2.4000       1.84666  23.83    36.140    1
  37.2750        0.3600       1.00000  0.00     35.010    0
  40.0500        5.2000       1.71300  53.93    35.010    1
  -738.5960      2.0500       1.00000  0.00     35.010    0
  -53.1070       1.2000       1.75450  51.57    21.470    1
  38.7900        0.1500       1.00000  0.00     20.040    0
  42.1160        2.0000       1.75000  25.14    20.040    1
  1536.7120      21.1220      1.00000  0.00     20.040    0
  stop           1.0000       1.00000  0.00     19.105    0
  99.3600        2.4000       1.84666  23.83    23.030    1
  30.9670        1.1800       1.00000  0.00     20.970    0
  84.0470        5.5000       1.51680  64.20    22.530    1
  -50.1480       0.1500       1.00000  0.00     22.530    0
  32.1090        6.5000       1.51680  64.20    24.070    1
  -40.9950       17.7930      1.00000  0.00     22.360    0
  -184.4800      3.2000       1.75000  25.14    21.070    1
  -35.6150       1.0000       1.00000  0.00     21.070    0
  -36.1270       1.5000       1.75450  51.57    21.070    1
  30.5220        40.5500      1.00000  0.00     21.070    0
