# Konica Minolta AF 100-200mm F4.5
#
# Patent: US004673258
# Converted from photonstophotos.net Optical Bench data
# 15 surfaces, 8 glass elements, f/4.5

name: Konica Minolta AF 100-200mm F4.5
focal_length: 102.50

surfaces:
# radius       thickness    ior      abbe     semi_ap   coating
  62.0960        2.2000       1.80518  25.43    43.640    1
  44.3250        1.3000       1.00000  0.00     42.160    0
  46.3600        6.1000       1.62041  60.29    42.480    1
  798.8240       3.5000       1.00000  0.00     42.480    0
  -85.1410       1.5000       1.71300  53.93    22.720    1
  88.2390        2.0000       1.80518  25.43    22.720    1
  617.7910       36.4690      1.00000  0.00     22.720    0
  stop           1.6000       1.00000  0.00     21.963    0
  55.5100        1.6000       1.84666  23.83    22.820    1
  28.9390        1.1000       1.00000  0.00     22.820    0
  32.1360        4.5000       1.72000  52.14    22.820    1
  -82.8980       31.1320      1.00000  0.00     22.820    0
  220.7590       4.0000       1.67339  29.25    23.000    1
  -30.9750       1.5000       1.74400  44.93    23.000    1
  41.8620        38.5900      1.00000  0.00     23.000    0
