# Konica Minolta 35-135mm F3.5-4.5 MD Zoom
#
# Patent: US005249079
# Converted from photonstophotos.net Optical Bench data
# 27 surfaces, 14 glass elements, f/3.6

name: Konica Minolta 35-135mm F3.5-4.5 MD Zoom
focal_length: 35.90

surfaces:
# radius       thickness    ior      abbe     semi_ap   coating
  155.1220       2.2000       1.80518  25.43    49.420    1
  51.2190        7.1000       1.51680  64.20    46.200    1
  -287.1113      0.1500       1.00000  0.00     46.200    0
  50.2970        4.5000       1.77250  49.77    41.400    1
  309.9238       0.8230       1.00000  0.00     41.400    0
  100.6840       1.3000       1.75450  51.57    26.200    1
  15.8850        4.1500       1.00000  0.00     20.170    0
  -96.1190       1.2000       1.69680  56.47    20.170    1
  44.3240        0.1500       1.00000  0.00     20.840    0
  24.6560        2.7000       1.84666  23.80    19.660    1
  347.4357       1.6000       1.00000  0.00     18.530    0
  -30.0490       1.1000       1.61800  63.39    18.530    1
  289.4356       18.9960      1.00000  0.00     19.660    0
  stop           1.2400       1.00000  0.00     18.303    0
  88.9010        2.4000       1.51680  64.20    21.100    1
  -52.1140       0.1500       1.00000  0.00     21.100    0
  35.7390        4.2000       1.54072  47.20    21.680    1
  -35.7390       1.2000       1.75520  27.51    21.460    1
  214.3081       9.0410       1.00000  0.00     21.460    0
  33.1610        3.1800       1.60342  38.00    21.280    1
  240.2691       7.4700       1.00000  0.00     21.280    0
  -85.7600       4.5500       1.80741  31.59    20.600    1
  30.6080        1.9400       1.00000  0.00     20.000    0
  -196.0631      3.0000       1.51680  64.20    20.000    1
  -29.7830       0.2000       1.00000  0.00     21.980    0
  38.4520        4.2000       1.51742  52.20    26.000    1
  -166.6950      53.2700      1.00000  0.00     26.000    0
