# Konica Minolta Hexanon 40mm F1.8
#
# Patent: JP1979-030821
# Converted from photonstophotos.net Optical Bench data
# 12 surfaces, 6 glass elements, f/1.8

name: Konica Minolta Hexanon 40mm F1.8
focal_length: 40.00

surfaces:
# radius       thickness    ior      abbe     semi_ap   coating
  39.8040        2.9000       1.71300  53.90    24.820    1
  159.0760       0.0960       1.00000  0.00     24.820    0
  17.0960        1.9320       1.58144  40.70    20.920    1
  11.4920        2.1240       1.00000  0.00     18.640    0
  12.2080        3.8640       1.67003  47.30    19.310    1
  12.5040        4.3350       1.00000  0.00     17.260    0
  stop           3.7810       1.00000  0.00     17.074    0
  -13.3640       0.8680       1.75520  27.50    17.060    1
  1556.3560      5.3160       1.67790  55.30    20.640    1
  -15.8640       0.0960       1.00000  0.00     20.640    0
  449.2760       2.9000       1.88300  40.80    22.480    1
  -36.6680       33.8560      1.00000  0.00     22.480    0
