# Konica Minolta AF 20mm F2.8
#
# Patent: JP1987-249119
# Converted from photonstophotos.net Optical Bench data
# 20 surfaces, 10 glass elements, f/2.8

name: Konica Minolta AF 20mm F2.8
focal_length: 20.00

surfaces:
# radius       thickness    ior      abbe     semi_ap   coating
  87.6670        4.8790       1.51680  64.20    51.060    1
  245.9510       0.1170       1.00000  0.00     51.060    0
  24.9900        1.9520       1.61800  63.45    32.820    1
  13.0940        9.3490       1.00000  0.00     23.690    0
  30.5310        1.2690       1.69680  56.47    18.940    1
  11.8380        3.9040       1.00000  0.00     15.020    0
  0              3.9040       1.65300  31.52    14.260    1
  -114.8110      0.3220       1.00000  0.00     14.260    0
  43.0770        1.1710       1.78560  42.81    11.620    1
  14.3600        1.6300       1.00000  0.00     11.620    0
  21.1240        9.7590       1.83400  37.05    14.140    1
  -27.8640       1.1720       1.00000  0.00     14.140    0
  stop           1.9800       1.00000  0.00     13.800    0
  -142.1090      3.9040       1.84666  23.83    13.680    1
  39.8630        1.7570       1.00000  0.00     13.680    0
  -126.1300      2.6350       1.61800  63.45    14.260    1
  -17.2550       0.1170       1.00000  0.00     14.260    0
  108.9930       1.4640       1.83400  37.05    16.980    1
  20.0590        6.1480       1.51728  69.68    16.980    1
  -25.3000       35.6000      1.00000  0.00     19.060    0
