# Konica Minolta Zoom-Rokkor 40-80mm f2.8 MC
#
# Patent: US004231636
# Converted from photonstophotos.net Optical Bench data
# 25 surfaces, 12 glass elements, f/2.8

name: Konica Minolta Zoom-Rokkor 40-80mm f2.8 MC
focal_length: 40.00

surfaces:
# radius       thickness    ior      abbe     semi_ap   coating
  236.1760       1.9400       1.80520  25.40    50.190    1
  95.7240        1.8880       1.00000  0.00     45.210    0
  174.3520       4.8240       1.51680  64.00    47.670    1
  -138.7640      0.1160       1.00000  0.00     47.670    0
  49.5240        4.7560       1.51680  64.00    41.350    1
  206.1360       1.2280       1.00000  0.00     41.350    0
  90.8720        1.2800       1.67830  49.10    32.790    1
  26.4360        7.7120       1.00000  0.00     28.760    0
  -38.2640       1.2080       1.57140  52.90    23.950    1
  43.3800        0.9000       1.00000  0.00     27.780    0
  44.6400        3.4240       1.80520  25.40    26.130    1
  -499.5760      27.5040      1.00000  0.00     26.130    0
  stop           1.0600       1.00000  0.00     21.486    0
  34.5280        3.1480       1.69350  51.70    22.790    1
  -1070.1720     0.1200       1.00000  0.00     22.790    0
  28.1520        3.5040       1.65870  57.10    22.420    1
  171.3880       1.1160       1.00000  0.00     22.420    0
  -148.2080      7.7400       1.68890  31.10    21.360    1
  20.0720        10.5680      1.00000  0.00     19.030    0
  97.3840        3.1640       1.65830  53.40    25.940    1
  -69.2920       0.0960       1.00000  0.00     25.940    0
  90.6280        1.2800       1.75690  29.70    29.380    1
  30.9800        1.2480       1.00000  0.00     27.800    0
  32.4560        6.7880       1.69100  54.80    30.900    1
  -1886.2400     39.9000      1.00000  0.00     30.900    0
