# Konica Minolta 50-135mm F3.5 MD Zoom
#
# Patent: US004192577
# Converted from photonstophotos.net Optical Bench data
# 23 surfaces, 12 glass elements, f/3.6

name: Konica Minolta 50-135mm F3.5 MD Zoom
focal_length: 131.50

surfaces:
# radius       thickness    ior      abbe     semi_ap   coating
  86.8600        1.7000       1.80520  25.40    48.320    1
  46.2300        5.9000       1.67000  57.10    47.120    1
  148.1200       0.1000       1.00000  0.00     45.160    0
  70.0200        4.6000       1.67830  49.00    45.260    1
  580.0000       34.6900      1.00000  0.00     45.260    0
  -683.8000      1.3000       1.69680  55.50    29.700    1
  22.7300        4.6000       1.00000  0.00     25.600    0
  -268.0600      1.2000       1.65830  58.50    25.600    1
  72.9700        0.5000       1.00000  0.00     25.600    0
  33.0100        3.0000       1.80520  25.40    25.600    1
  103.0000       3.6700       1.00000  0.00     25.600    0
  -43.5500       1.2000       1.67000  57.10    25.340    1
  -104.0400      1.7500       1.00000  0.00     25.340    0
  stop           0.7500       1.00000  0.00     24.890    0
  90.9800        4.5000       1.62140  61.30    26.560    1
  -54.0300       0.1000       1.00000  0.00     26.560    0
  36.9700        6.5000       1.51680  64.00    26.160    1
  -45.1500       2.0000       1.80740  31.60    26.160    1
  375.3000       27.5000      1.00000  0.00     26.160    0
  295.8000       4.0000       1.62140  61.30    26.260    1
  -48.7400       7.0500       1.00000  0.00     26.260    0
  -24.4100       2.0000       1.67000  47.20    26.260    1
  -56.3600       44.5500      1.00000  0.00     27.300    0
