# Konica Minolta FL-Hexanon AR 300mm F6.3
#
# Patent: JP1974-023892
# Converted from photonstophotos.net Optical Bench data
# 15 surfaces, 9 glass elements, f/6.3

name: Konica Minolta FL-Hexanon AR 300mm F6.3
focal_length: 300.00

surfaces:
# radius       thickness    ior      abbe     semi_ap   coating
  79.7400        6.0000       1.43389  94.70    48.640    1
  1141.9350      0.3000       1.00000  0.00     48.640    0
  41.2050        7.5000       1.43389  94.70    46.680    1
  156.8160       14.4000      1.00000  0.00     46.680    0
  1320.0000      2.0100       1.80440  39.60    37.400    1
  30.3060        13.6500      1.51118  50.90    33.360    1
  -26.4000       2.0100       1.49831  65.00    33.360    1
  826.6500       10.0000      1.00000  0.00     33.360    0
  stop           55.7000      1.00000  0.00     27.310    0
  -40.9500       1.5000       1.78650  59.10    21.120    1
  54.0510        2.4000       1.59270  35.40    23.760    1
  -1606.8150     0.3000       1.00000  0.00     23.760    0
  49.5000        6.5100       1.59270  35.40    24.740    1
  -26.8500       1.5000       1.81554  44.50    24.740    1
  -321.5790      51.9800      1.00000  0.00     24.740    0
