# Konica Minolta AF 70-200mm F2.8 APO G D SSM
#
# Patent: JP2004-109559
# Converted from photonstophotos.net Optical Bench data
# 35 surfaces, 19 glass elements, f/2.9

name: Konica Minolta AF 70-200mm F2.8 APO G D SSM
focal_length: 71.80

surfaces:
# radius       thickness    ior      abbe     semi_ap   coating
  479.5610       3.0000       1.62004  36.30    72.650    1
  119.9350       8.5000       1.49310  83.58    72.650    1
  -541.8410      0.2000       1.00000  0.00     72.650    0
  82.4990        6.8000       1.49310  83.58    68.280    1
  242.7940       13.7100      1.00000  0.00     68.280    0
  85.3550        2.5000       1.71736  29.50    60.700    1
  54.0560        0.6950       1.00000  0.00     57.190    0
  57.5640        9.0000       1.69680  56.47    57.190    1
  473.2700       1.9800       1.00000  0.00     59.200    0
  -4240.7020     1.5000       1.75450  51.57    35.520    1
  40.1010        5.2660       1.00000  0.00     32.300    0
  -94.8160       3.5000       1.84666  23.82    32.300    1
  -52.3200       1.5000       1.67000  57.07    33.440    1
  49.8480        1.6130       1.00000  0.00     33.440    0
  52.4080        4.3000       1.84666  23.82    35.700    1
  358.4510       3.2120       1.00000  0.00     34.980    0
  -57.1620       1.5000       1.75450  51.57    34.980    1
  -223.8930      31.0980      1.00000  0.00     36.520    0
  1061.1540      3.7000       1.61800  63.39    38.900    1
  -87.1860       0.2000       1.00000  0.00     38.900    0
  112.8720       6.6050       1.49310  83.58    39.570    1
  -53.5630       1.8000       1.74950  35.04    39.570    1
  -188.1630      7.6850       1.00000  0.00     39.570    0
  stop           1.5000       1.00000  0.00     38.111    0
  44.6840        4.1960       1.78100  44.55    38.640    1
  40.3900        0.1410       1.00000  0.00     36.860    0
  34.4660        9.1830       1.49310  83.58    43.540    1
  -1874.6600     1.5000       1.62004  36.29    42.050    1
  135.3660       33.0080      1.00000  0.00     42.050    0
  234.1930       3.0910       1.59270  35.45    33.580    1
  -108.4540      5.7030       1.00000  0.00     33.580    0
  -28.0050       2.7130       1.80610  33.27    33.540    1
  -74.1990       2.1040       1.00000  0.00     35.990    0
  153.8470       4.2880       1.71700  47.86    38.720    1
  -120.0260      51.1300      1.00000  0.00     38.720    0
