# Konica Minolta AF 85mm F1.4
#
# Patent: JP1987-244010
# Converted from photonstophotos.net Optical Bench data
# 14 surfaces, 7 glass elements, f/1.4

name: Konica Minolta AF 85mm F1.4
focal_length: 85.00

surfaces:
# radius       thickness    ior      abbe     semi_ap   coating
  47.1840        10.1200      1.75450  51.57    60.990    1
  213.0130       0.2500       1.00000  0.00     60.990    0
  35.8400        7.0000       1.67000  57.07    51.310    1
  63.6480        3.4600       1.00000  0.00     51.310    0
  132.3150       3.2000       1.67339  29.25    48.400    1
  22.8920        15.1130      1.00000  0.00     37.160    0
  stop           7.8570       1.00000  0.00     34.881    0
  -30.4950       2.9000       1.65446  33.66    34.190    1
  77.2100        9.2000       1.78100  44.55    38.280    1
  -40.7880       0.7300       1.00000  0.00     38.280    0
  134.0350       4.0000       1.80700  39.71    35.880    1
  -576.7740      0.4400       1.00000  0.00     35.080    0
  155.7500       3.3000       1.71300  53.93    34.120    1
  463.9700       43.0400      1.00000  0.00     32.950    0
