# Konica Minolta AF 50mm F2.8 Macro
#
# Patent: JP1984-228220
# Converted from photonstophotos.net Optical Bench data
# 14 surfaces, 7 glass elements, f/2.9

name: Konica Minolta AF 50mm F2.8 Macro
focal_length: 50.00

surfaces:
# radius       thickness    ior      abbe     semi_ap   coating
  187.0180       2.3300       1.72000  50.31    17.360    1
  -85.6160       0.1460       1.00000  0.00     19.400    0
  20.7400        2.4610       1.77250  49.77    16.860    1
  55.0320        1.0150       1.00000  0.00     16.860    0
  -572.1080      3.7510       1.60342  38.01    15.980    1
  17.4220        2.6300       1.00000  0.00     14.080    0
  stop           3.1300       1.00000  0.00     13.740    0
  -17.3270       2.6290       1.67339  29.25    13.560    1
  -65.6780       3.4490       1.71300  53.93    14.530    1
  -19.8080       0.1460       1.00000  0.00     15.260    0
  272.6580       3.1820       1.77250  49.77    16.800    1
  -58.0730       0.4860       1.00000  0.00     16.800    0
  51.4730        1.7480       1.49140  57.82    24.260    1
  43.8070        39.0290      1.00000  0.00     24.260    0
