# Konica Minolta AF 80-200mm F2.8 APO
#
# Patent: JP1989-039542
# Converted from photonstophotos.net Optical Bench data
# 30 surfaces, 16 glass elements, f/2.9

name: Konica Minolta AF 80-200mm F2.8 APO
focal_length: 82.00

surfaces:
# radius       thickness    ior      abbe     semi_ap   coating
  120.0000       4.8000       1.48749  70.10    71.470    1
  310.0000       0.2000       1.00000  0.00     71.470    0
  120.0000       4.8000       1.48749  70.10    71.470    1
  310.0000       0.2000       1.00000  0.00     71.470    0
  112.8000       2.2500       1.74000  31.70    69.680    1
  50.0000        13.2500      1.60311  60.70    65.370    1
  2736.0500      3.4610       1.00000  0.00     65.370    0
  -279.8600      1.3000       1.60311  60.70    39.950    1
  45.2800        5.6700       1.00000  0.00     36.260    0
  -90.0000       1.3000       1.60311  60.70    36.260    1
  40.3500        6.1500       1.75000  25.10    39.950    1
  2100.0000      2.4200       1.00000  0.00     39.950    0
  -78.4420       1.3000       1.69350  53.20    37.620    1
  2100.0000      25.3080      1.00000  0.00     41.000    0
  384.9100       4.2000       1.77250  49.60    40.930    1
  -82.5000       0.1500       1.00000  0.00     40.930    0
  104.3000       7.0000       1.48749  70.10    41.750    1
  -56.8500       1.3500       1.74000  31.70    41.750    1
  0              13.9880      1.00000  0.00     41.750    0
  38.6000        8.2500       1.49310  83.60    41.890    1
  -180.0000      7.4600       1.00000  0.00     41.890    0
  -93.2000       1.3500       1.75520  27.50    35.610    1
  647.8150       10.8400      1.00000  0.00     35.610    0
  stop           12.4600      1.00000  0.00     29.051    0
  -811.5500      3.5000       1.71736  29.50    33.290    1
  -93.2000       18.1000      1.00000  0.00     33.290    0
  -26.0000       1.3500       1.83400  37.20    30.500    1
  -56.8500       0.1500       1.00000  0.00     33.630    0
  104.3000       3.4000       1.68893  31.10    36.320    1
  -180.0000      41.7900      1.00000  0.00     36.320    0
