# Konica Minolta AF 35mm F1.4
#
# Patent: US004806003
# Converted from photonstophotos.net Optical Bench data
# 19 surfaces, 10 glass elements, f/1.4

name: Konica Minolta AF 35mm F1.4
focal_length: 35.00

surfaces:
# radius       thickness    ior      abbe     semi_ap   coating
  83.9530        1.8770       1.62280  56.98    45.140    1
  28.3560        10.0560      1.00000  0.00     42.830    0
  -100.1910      1.9720       1.61720  54.00    38.150    1
  54.3220        3.4510       1.00000  0.00     38.150    0
  54.4130        6.4090       1.78850  45.68    37.170    1
  -133.2080      7.8870       1.00000  0.00     37.170    0
  62.1340        5.8170       1.78850  45.68    37.310    1
  -338.3900      0.1970       1.00000  0.00     37.310    0
  40.1440        9.8590       1.76500  46.25    35.910    1
  -31.8190       1.9720       1.72342  37.88    35.910    1
  29.3240        4.0870       1.00000  0.00     26.450    0
  stop           7.7440       1.00000  0.00     25.856    0
  -20.0180       1.9720       1.75520  27.51    24.580    1
  83.4560        6.4090       1.72000  50.31    30.950    1
  -34.0620       0.1970       1.00000  0.00     30.950    0
  -86.3270       3.4510       1.72000  50.31    29.560    1
  -55.8470       0.1970       1.00000  0.00     29.560    0
  403.9610       6.7040       1.72000  50.31    32.520    1
  -34.1540       36.7400      1.00000  0.00     32.520    0
