# Konica Minolta Zoom-Hexanon AR 65-135mm F4
#
# Patent: JP1983-149014
# Converted from photonstophotos.net Optical Bench data
# 23 surfaces, 13 glass elements, f/4.0

name: Konica Minolta Zoom-Hexanon AR 65-135mm F4
focal_length: 66.29

surfaces:
# radius       thickness    ior      abbe     semi_ap   coating
  81.2800        1.4200       1.74077  27.80    45.700    1
  37.8000        9.8000       1.67003  47.30    43.240    1
  -646.2000      3.5760       1.00000  0.00     43.240    0
  -416.1000      1.0400       1.62041  60.30    25.060    1
  55.2600        3.0800       1.00000  0.00     26.340    0
  -59.2500       1.0400       1.73500  49.80    26.340    1
  35.2240        3.6700       1.78472  25.70    26.340    1
  699.2000       25.5740      1.00000  0.00     26.340    0
  282.2500       2.8300       1.62041  60.30    27.420    1
  -79.5400       0.1000       1.00000  0.00     27.420    0
  68.0000        1.0400       1.78472  25.70    27.420    1
  31.3490        5.1700       1.62041  60.30    27.420    1
  -156.7100      1.0000       1.00000  0.00     27.420    0
  stop           4.0000       1.00000  0.00     21.746    0
  -52.5000       2.0000       1.53996  59.50    22.630    1
  561.7300       0.1000       1.00000  0.00     22.630    0
  38.5850        5.0000       1.72342  38.00    22.630    1
  0              4.1000       1.00000  0.00     22.630    0
  -192.5480      5.2000       1.63636  35.40    19.260    1
  27.8900        3.4500       1.00000  0.00     19.260    0
  540.0000       2.0000       1.55671  58.70    19.260    1
  23.5530        7.0000       1.65160  58.60    23.360    1
  -46.4800       71.1390      1.00000  0.00     23.360    0
