# Konica Minolta AF 3x-1x 1.7-2.8 Macro
#
# Patent: JP1988-070818
# Converted from photonstophotos.net Optical Bench data
# 13 surfaces, 7 glass elements, f/4.0

name: Konica Minolta AF 3x-1x 1.7-2.8 Macro
focal_length: 40.00

surfaces:
# radius       thickness    ior      abbe     semi_ap   coating
  32.6160        2.3120       1.77250  49.77    18.090    1
  425.1420       0.2340       1.00000  0.00     18.090    0
  13.5220        3.0110       1.77250  49.77    16.500    1
  28.8450        2.1170       1.67339  29.25    15.690    1
  10.2700        10.5800      1.00000  0.00     12.350    0
  stop           3.4950       1.00000  0.00     10.037    0
  -9.6690        2.0440       1.67339  29.25    11.040    1
  -40.3810       5.2090       1.69680  56.47    13.660    1
  -15.3620       0.1180       1.00000  0.00     16.450    0
  -64.6940       3.0050       1.69680  56.47    18.800    1
  -28.8260       0.1160       1.00000  0.00     18.800    0
  355.4130       3.0330       1.71300  53.93    19.940    1
  -68.4740       52.7100      1.00000  0.00     19.940    0
