# Konica Minolta AF 28-75mm F2.8 D
#
# Patent: JP2004-101739
# Converted from photonstophotos.net Optical Bench data
# 35 surfaces, 20 glass elements, f/2.9

name: Konica Minolta AF 28-75mm F2.8 D
focal_length: 28.87

surfaces:
# radius       thickness    ior      abbe     semi_ap   coating
  333.1075       1.8000       1.84666  23.80    58.710    1
  77.6323        1.0000       1.00000  0.00     57.160    0
  74.5678        7.5878       1.69680  55.90    57.020    1
  -899.7118      0.2000       1.00000  0.00     57.020    0
  47.0695        5.5826       1.77250  49.60    50.480    1
  92.1616        2.6940       1.00000  0.00     49.920    0
  91.4948        0.2000       1.53610  41.20    29.590    1
  60.7311        1.0000       1.80400  46.60    29.590    1
  15.3347        5.7000       1.00000  0.00     21.560    0
  -49.6859       0.8000       1.80400  46.60    21.560    1
  56.8731        0.1000       1.00000  0.00     22.180    0
  34.3769        5.0582       1.80518  20.40    26.300    1
  -70.7589       3.8077       1.00000  0.00     26.300    0
  -17.7484       1.0000       1.48748  70.20    24.240    1
  88.8950        2.4000       1.80518  20.40    26.110    1
  -400.8377      9.7820       1.00000  0.00     26.110    0
  stop           0.8000       1.00000  0.00     18.620    0
  32.9501        4.5533       1.49700  81.60    31.080    1
  218.9272       0.3340       1.00000  0.00     31.080    0
  42.2568        0.2000       1.53610  41.20    31.840    1
  50.5518        4.1798       1.48749  70.20    31.840    1
  774.1028       0.2883       1.00000  0.00     31.840    0
  -1096.6700     4.9331       1.49700  81.60    31.840    1
  -36.1775       1.0000       1.84666  23.80    31.840    1
  -80.5109       6.7860       1.00000  0.00     32.860    0
  57.8584        3.3516       1.48749  70.20    31.760    1
  851.4063       0.1100       1.00000  0.00     31.760    0
  37.5240        8.2312       1.49700  81.60    31.900    1
  -46.1404       4.8987       1.00000  0.00     31.900    0
  -40.8554       1.0000       1.83400  37.20    27.320    1
  34.9959        0.2000       1.53610  41.20    26.260    1
  39.0704        0.2000       1.00000  0.00     26.260    0
  34.4669        5.8463       1.58144  40.80    28.150    1
  -77.0642       0.2000       1.53610  41.20    26.110    1
  -56.7993       39.0900      1.00000  0.00     26.110    0
