# Konica Minolta Varifocal Hexanon AR 35-100mm F2.8
#
# Patent: US003584935
# Converted from photonstophotos.net Optical Bench data
# 26 surfaces, 15 glass elements, f/2.8

name: Konica Minolta Varifocal Hexanon AR 35-100mm F2.8
focal_length: 35.99

surfaces:
# radius       thickness    ior      abbe     semi_ap   coating
  266.0000       2.8000       1.80518  25.50    69.060    1
  104.5000       7.4000       1.64000  60.20    69.060    1
  0              0.1000       1.00000  0.00     69.060    0
  64.2500        6.5000       1.62041  0.00     60.960    1
  191.2820       2.2460       1.00000  0.00     60.960    0
  501.0100       3.7000       1.80518  25.50    48.320    1
  -144.7850      1.5000       1.67003  47.20    48.320    1
  26.3260        6.8000       1.00000  0.00     36.010    0
  470.0700       1.5000       1.62041  60.30    39.900    1
  46.6100        5.5000       1.00000  0.00     36.520    0
  39.7030        3.0000       1.80518  25.50    38.140    1
  69.7770        45.1220      1.00000  0.00     38.140    0
  70.0000        3.0000       1.62041  60.30    28.000    1
  -86.5600       0.1000       1.00000  0.00     28.000    0
  41.6100        5.0000       1.64000  60.20    25.960    1
  -54.0000       0.9000       1.80518  25.50    26.100    1
  876.4820       1.1940       1.00000  0.00     26.100    0
  stop           3.0000       1.00000  0.00     21.076    0
  -64.0800       1.0000       1.69680  55.60    26.420    1
  24.0800        5.8000       1.71736  29.50    26.420    1
  38.5850        5.0000       1.00000  0.00     22.400    0
  -122.5000      5.0000       1.80610  41.00    26.160    1
  -38.2500       4.2000       1.00000  0.00     28.600    0
  0              8.0000       1.75500  52.40    34.360    1
  -23.7700       1.5000       1.75520  27.50    34.360    1
  -83.1070       48.4800      1.00000  0.00     34.360    0
