# Konica Minolta Zoom-Hexanon AR 35-70mm F3.5
#
# Patent: JP1980-021005
# Converted from photonstophotos.net Optical Bench data
# 19 surfaces, 9 glass elements, f/3.5

name: Konica Minolta Zoom-Hexanon AR 35-70mm F3.5
focal_length: 35.15

surfaces:
# radius       thickness    ior      abbe     semi_ap   coating
  172.0360       3.5000       1.62004  36.30    46.630    1
  0              0.1000       1.00000  0.00     46.630    0
  82.2240        1.7000       1.77250  49.60    41.510    1
  23.2970        7.6000       1.00000  0.00     32.780    0
  -373.2380      1.5000       1.77250  49.60    35.250    1
  69.1990        5.5000       1.00000  0.00     34.320    0
  41.5010        4.0000       1.62004  36.30    34.420    1
  251.0420       33.8620      1.00000  0.00     34.420    0
  100.5640       2.6000       1.69680  55.50    31.000    1
  -292.3250      0.1000       1.00000  0.00     31.000    0
  39.6130        4.0000       1.56883  56.20    31.100    1
  149.4130       0.1000       1.00000  0.00     31.100    0
  22.6720        5.5000       1.51633  64.10    27.830    1
  96.4290        3.1000       1.00000  0.00     27.830    0
  stop           2.4000       1.00000  0.00     15.805    0
  -341.3200      1.6000       1.80518  25.40    24.860    1
  19.0370        5.0000       1.00000  0.00     21.780    0
  85.0040        4.5000       1.62004  36.30    22.820    1
  -38.0220       46.2900      1.00000  0.00     22.820    0
