# Konica Minolta 50mm F1.7 MD
#
# Patent: JP1985-111215
# Converted from photonstophotos.net Optical Bench data
# 12 surfaces, 6 glass elements, f/1.7

name: Konica Minolta 50mm F1.7 MD
focal_length: 51.50

surfaces:
# radius       thickness    ior      abbe     semi_ap   coating
  38.9870        4.6600       1.72000  50.31    31.940    1
  286.6040       0.1600       1.00000  0.00     31.940    0
  21.1790        3.8100       1.69350  53.39    27.560    1
  36.2720        2.2200       1.00000  0.00     27.560    0
  64.9790        1.4600       1.67270  32.22    25.200    1
  15.5310        6.0000       1.00000  0.00     21.500    0
  stop           5.6200       1.00000  0.00     20.662    0
  -17.2130       0.8800       1.62590  35.70    20.640    1
  66.1650        6.4100       1.69350  53.39    23.640    1
  -23.8310       0.1600       1.00000  0.00     24.440    0
  374.9550       2.8000       1.78100  44.55    24.100    1
  -43.2930       36.8800      1.00000  0.00     24.100    0
