# Konica Minolta 24-35mm F3.5 MD Zoom
#
# Patent: JP1981-158314
# Converted from photonstophotos.net Optical Bench data
# 21 surfaces, 10 glass elements, f/3.5

name: Konica Minolta 24-35mm F3.5 MD Zoom
focal_length: 24.00

surfaces:
# radius       thickness    ior      abbe     semi_ap   coating
  85.7900        3.1000       1.58913  61.11    42.150    1
  481.9900       0.1500       1.00000  0.00     42.150    0
  49.3000        2.0000       1.80500  40.97    34.600    1
  16.1000        8.0000       1.00000  0.00     27.130    0
  -175.1000      1.5000       1.80500  40.97    24.580    1
  26.3700        3.0000       1.00000  0.00     22.690    0
  28.3300        3.2000       1.80518  25.43    21.700    1
  326.8300       13.0200      1.00000  0.00     21.700    0
  -76.1800       2.0000       1.69350  53.39    16.080    1
  -47.6900       0.1500       1.00000  0.00     17.140    0
  25.4200        5.0000       1.67003  47.15    18.030    1
  -1389.1800     1.1500       1.00000  0.00     15.800    0
  stop           1.0000       1.00000  0.00     12.693    0
  18.0600        2.6900       1.61272  58.52    18.980    1
  48.4400        1.5000       1.00000  0.00     18.030    0
  -50.2800       2.9500       1.80518  25.43    15.630    1
  18.4200        1.8700       1.00000  0.00     18.980    0
  -82.1900       2.0000       1.51823  58.96    12.940    1
  -23.0600       0.1500       1.00000  0.00     14.010    0
  539.9700       2.2000       1.52584  52.06    14.570    1
  -25.0200       36.7700      1.00000  0.00     14.570    0
