# Konica Minolta AF 200mm F2.8 APO
#
# Patent: US004786152
# Converted from photonstophotos.net Optical Bench data
# 16 surfaces, 8 glass elements, f/2.8

name: Konica Minolta AF 200mm F2.8 APO
focal_length: 200.00

surfaces:
# radius       thickness    ior      abbe     semi_ap   coating
  97.1080        9.4320       1.49310  83.55    72.800    1
  -4235.8500     0.2980       1.00000  0.00     72.800    0
  61.9960        10.3100      1.49310  83.55    69.040    1
  239.5000       0.3400       1.00000  0.00     69.040    0
  51.1380        7.8460       1.72000  52.14    59.320    1
  124.0800       1.9580       1.00000  0.00     59.320    0
  172.0000       5.5260       1.72100  33.40    55.460    1
  34.9940        25.9220      1.00000  0.00     44.820    0
  stop           2.3880       1.00000  0.00     32.286    0
  450.5860       4.1240       1.75520  27.51    34.060    1
  -87.4340       3.0920       1.72000  50.31    33.040    1
  61.1520        7.0920       1.00000  0.00     33.040    0
  117.6680       3.0920       1.58144  40.89    29.120    1
  52.9080        36.3180      1.00000  0.00     29.120    0
  71.2740        5.6700       1.48749  70.44    38.120    1
  -174.9360      44.0900      1.00000  0.00     38.120    0
