# Konica Minolta Hexanon 35mm F2.8
#
# Patent: US004170403
# Converted from photonstophotos.net Optical Bench data
# 11 surfaces, 5 glass elements, f/2.8

name: Konica Minolta Hexanon 35mm F2.8
focal_length: 35.00

surfaces:
# radius       thickness    ior      abbe     semi_ap   coating
  49.5915        1.4805       1.51630  64.10    25.320    1
  14.5005        8.8900       1.00000  0.00     20.880    0
  26.6490        11.8510      1.75700  47.90    17.560    1
  -46.8650       1.7415       1.00000  0.00     17.560    0
  stop           3.3930       1.00000  0.00     14.088    0
  -20.3000       2.4675       1.74070  27.80    14.840    1
  51.4430        1.3020       1.00000  0.00     13.840    0
  -29.6520       2.0720       1.69680  55.50    13.840    1
  -18.3505       0.0980       1.00000  0.00     17.200    0
  -489.5100      3.0590       1.71300  53.90    20.000    1
  -22.1340       39.0600      1.00000  0.00     20.000    0
