# Konica Minolta AF 75-300mm F4.5-5.6
#
# Patent: JP1986-133916
# Converted from photonstophotos.net Optical Bench data
# 25 surfaces, 13 glass elements, f/5.8

name: Konica Minolta AF 75-300mm F4.5-5.6
focal_length: 293.00

surfaces:
# radius       thickness    ior      abbe     semi_ap   coating
  171.6990       5.1000       1.51680  64.12    52.160    1
  -224.2980      0.1500       1.00000  0.00     52.160    0
  103.1860       5.8000       1.51680  64.12    50.740    1
  -359.1720      2.0000       1.80518  25.43    50.180    1
  317.5790       49.6170      1.00000  0.00     50.180    0
  -716.0500      4.2000       1.80518  25.43    32.260    1
  -46.4960       1.4000       1.58913  61.11    32.260    1
  55.0420        5.0000       1.00000  0.00     32.260    0
  -43.1030       1.4000       1.69680  25.43    30.580    1
  436.5360       1.5000       1.00000  0.00     30.580    0
  61.5290        7.1000       1.51823  58.96    31.920    1
  -34.5130       1.1000       1.00000  0.00     31.920    0
  -33.2490       1.4500       1.80518  25.43    31.920    1
  -77.3000       3.0000       1.00000  0.00     31.920    0
  stop           0.0000       1.00000  0.00     29.744    0
  170.2630       3.0000       1.51680  64.12    31.820    1
  -170.1370      0.1500       1.00000  0.00     31.820    0
  43.9250        3.0000       1.51823  58.96    31.540    1
  65.4010        40.1500      1.00000  0.00     31.540    0
  73.0890        3.4000       1.51680  64.12    29.840    1
  -115.7200      6.5830       1.00000  0.00     29.840    0
  -33.5740       1.3000       1.72000  50.31    31.840    1
  48.0690        2.6700       1.00000  0.00     31.840    0
  51.7230        4.6000       1.61293  37.01    31.760    1
  -111.1080      83.7900      1.00000  0.00     31.760    0
