# Konica Minolta AF 100mm F2
#
# Patent: JP1987-244010
# Converted from photonstophotos.net Optical Bench data
# 14 surfaces, 7 glass elements, f/2.0

name: Konica Minolta AF 100mm F2
focal_length: 100.00

surfaces:
# radius       thickness    ior      abbe     semi_ap   coating
  43.8150        9.0000       1.71300  53.93    50.860    1
  300.5740       0.2800       1.00000  0.00     50.130    0
  36.7600        6.5000       1.69350  51.83    44.830    1
  66.0130        3.4700       1.00000  0.00     43.480    0
  181.6250       3.5000       1.71736  29.42    40.290    1
  23.9100        11.0050      1.00000  0.00     31.850    0
  stop           12.9950      1.00000  0.00     29.906    0
  -41.0830       3.7000       1.65446  33.66    27.880    1
  106.0360       10.7000      1.78100  44.55    31.710    1
  -65.1030       0.2000       1.00000  0.00     31.710    0
  177.0620       4.5000       1.83400  37.05    33.240    1
  -235.0600      0.8800       1.00000  0.00     33.240    0
  480.7570       4.0000       1.72000  50.31    34.240    1
  -1085.3280     47.0400      1.00000  0.00     34.240    0
