# Konica Minolta AF 35-80mm F4-5.6
#
# Patent: JP1989-284819
# Converted from photonstophotos.net Optical Bench data
# 17 surfaces, 8 glass elements, f/4.1

name: Konica Minolta AF 35-80mm F4-5.6
focal_length: 36.00

surfaces:
# radius       thickness    ior      abbe     semi_ap   coating
  41.2800        1.4400       1.71700  47.86    27.320    1
  17.3970        5.9000       1.00000  0.00     23.220    0
  -74.0810       1.8000       1.49300  58.34    23.040    1
  110.0810       0.3000       1.00000  0.00     23.040    0
  21.9060        3.5000       1.58340  30.23    21.740    1
  41.0310        25.9710      1.00000  0.00     21.740    0
  21.4670        3.8000       1.51728  69.68    18.160    1
  -57.1790       1.0000       1.00000  0.00     18.160    0
  stop           1.0000       1.00000  0.00     14.857    0
  19.9320        3.8000       1.67000  57.07    16.840    1
  617.7680       1.1000       1.00000  0.00     16.840    0
  -35.7720       4.0000       1.80741  31.59    15.300    1
  16.7540        2.3600       1.00000  0.00     13.680    0
  -94.6690       1.9000       1.68300  31.52    14.020    1
  -20.6280       3.7410       1.00000  0.00     14.020    0
  -151.1320      1.7000       1.49300  58.34    21.560    1
  376.0970       37.2900      1.00000  0.00     21.560    0
