# Konica Minolta UC Hexanon AR 80-200mm F4
#
# Patent: JP1976-037247
# Converted from photonstophotos.net Optical Bench data
# 25 surfaces, 14 glass elements, f/4.0

name: Konica Minolta UC Hexanon AR 80-200mm F4
focal_length: 79.92

surfaces:
# radius       thickness    ior      abbe     semi_ap   coating
  300.2390       2.0000       1.80518  25.40    53.540    1
  88.8780        6.1000       1.62299  58.20    53.540    1
  -209.0610      0.1000       1.00000  0.00     53.540    0
  79.6690        4.5000       1.62299  58.20    49.640    1
  364.9750       2.5350       1.00000  0.00     49.640    0
  360.0220       1.4000       1.62299  58.20    32.880    1
  37.7380        5.8500       1.00000  0.00     30.140    0
  -43.8600       1.2000       1.62299  58.20    30.140    1
  42.5000        3.6000       1.80518  25.40    32.880    1
  392.4270       33.8460      1.00000  0.00     32.880    0
  120.0280       4.5000       1.62299  58.20    32.880    1
  -58.8920       1.5000       1.80518  25.40    32.880    1
  -104.2390      8.8310       1.00000  0.00     32.880    0
  stop           2.7600       1.00000  0.00     30.847    0
  71.5790        3.0000       1.54077  47.20    33.100    1
  495.9130       0.1000       1.00000  0.00     33.100    0
  30.4070        13.0000      1.53177  48.90    31.900    1
  -174.0990      2.0000       1.75520  27.50    31.900    1
  41.5290        30.0000      1.00000  0.00     25.560    0
  49.4540        4.5000       1.53177  48.90    26.100    1
  -61.4040       2.0000       1.00000  0.00     26.100    0
  -29.9890       1.5000       1.74320  49.40    26.100    1
  47.6280        3.0000       1.00000  0.00     29.700    0
  48.0340        5.0000       1.56732  42.80    30.580    1
  -106.5800      48.5230      1.00000  0.00     30.580    0
