# Konica Minolta AF 100-400mm F4.5-6.7 APO
#
# Patent: US005633759
# Converted from photonstophotos.net Optical Bench data
# 26 surfaces, 14 glass elements, f/4.6

name: Konica Minolta AF 100-400mm F4.5-6.7 APO
focal_length: 102.50

surfaces:
# radius       thickness    ior      abbe     semi_ap   coating
  157.2130       3.3000       1.74950  35.04    62.820    1
  88.7000        9.0900       1.49310  83.58    61.990    1
  -302.9250      0.2000       1.00000  0.00     61.990    0
  87.8640        4.9890       1.49310  83.58    58.910    1
  235.1170       3.8630       1.00000  0.00     58.910    0
  -104.3530      1.8000       1.71300  53.93    30.110    1
  71.9820        5.2020       1.00000  0.00     30.110    0
  104.8480       3.0920       1.75520  27.51    27.880    1
  -486.2320      54.5700      1.00000  0.00     27.880    0
  stop           2.3000       1.00000  0.00     21.831    0
  -93.8510       1.7000       1.71300  53.93    22.290    1
  60.0190        1.9820       1.00000  0.00     22.290    0
  63.0720        2.9880       1.61293  36.96    23.560    1
  113.5130       2.6830       1.00000  0.00     23.560    0
  250.3500       3.1880       1.48749  70.44    25.960    1
  -58.1250       0.2000       1.00000  0.00     25.960    0
  69.5350        1.7000       1.84666  23.82    26.180    1
  36.8600        4.7910       1.51680  64.20    26.180    1
  -96.1350       0.2000       1.00000  0.00     26.180    0
  44.0430        3.6920       1.48749  70.44    24.290    1
  -150.6050      25.5730      1.00000  0.00     24.290    0
  142.3690       1.7000       1.75450  51.57    23.340    1
  32.4150        4.2780       1.00000  0.00     23.340    0
  -154.4660      4.4860       1.67339  29.25    22.900    1
  -21.3000       1.8000       1.71300  53.93    22.900    1
  283.8300       37.7500      1.00000  0.00     23.950    0
