# Konica Minolta Hexanon 21mm F2.8
#
# Patent: JP1980-017129
# Converted from photonstophotos.net Optical Bench data
# 18 surfaces, 9 glass elements, f/2.8

name: Konica Minolta Hexanon 21mm F2.8
focal_length: 21.00

surfaces:
# radius       thickness    ior      abbe     semi_ap   coating
  48.6108        3.6939       1.71300  53.90    33.040    1
  164.7345       0.0966       1.00000  0.00     33.040    0
  44.2365        1.6527       1.72000  48.70    26.280    1
  12.7117        2.1399       1.00000  0.00     19.460    0
  19.6518        1.5561       1.71700  47.20    19.460    1
  11.7600        2.4297       1.00000  0.00     16.100    0
  20.7795        1.3608       1.71700  47.90    15.480    1
  12.9465        2.8203       1.00000  0.00     13.420    0
  21.8022        10.5000      1.75520  27.50    12.520    1
  -47.0883       1.6044       1.00000  0.00     12.520    0
  stop           1.6044       1.00000  0.00     12.025    0
  108.0093       4.2588       1.60311  60.70    12.580    1
  -19.7148       1.1676       1.80518  25.40    12.580    1
  37.2771        0.8757       1.00000  0.00     12.580    0
  -75.9402       2.3331       1.69680  55.50    12.580    1
  -17.0163       0.0966       1.00000  0.00     13.920    0
  -85.5603       2.3331       1.69680  55.50    16.080    1
  -21.8631       34.5366      1.00000  0.00     16.080    0
