# Konica Minolta 135mm F2.8 T4.5 STF
#
# Patent: JP1999-231209
# Converted from photonstophotos.net Optical Bench data
# 15 surfaces, 8 glass elements, f/2.8

name: Konica Minolta 135mm F2.8 T4.5 STF
focal_length: 135.00

surfaces:
# radius       thickness    ior      abbe     semi_ap   coating
  75.0630        9.0000       1.60311  60.74    64.360    1
  0              0.2500       1.00000  0.00     64.360    0
  37.1020        3.0000       1.72342  37.99    53.560    1
  26.4750        16.0000      1.51680  64.20    47.420    1
  104.1860       2.0500       1.00000  0.00     47.420    0
  678.9790       2.0000       1.61293  36.96    41.000    1
  30.5840        14.3970      1.00000  0.00     35.420    0
  stop           1.5000       1.00000  0.00     28.756    0
  0              0.3000       1.50690  58.94    31.320    1
  20.7310        9.3300       1.50137  56.46    31.320    1
  0              17.2500      1.00000  0.00     31.320    0
  97.6430        7.5000       1.58913  61.11    38.280    1
  -47.5300       9.5000       1.00000  0.00     38.280    0
  -41.7070       1.8000       1.62041  60.29    35.000    1
  -923.1820      46.8000      1.00000  0.00     35.000    0
