# Konica Minolta AF 28-135mm F4-4.5
#
# Patent: JP1985-039613
# Converted from photonstophotos.net Optical Bench data
# 30 surfaces, 16 glass elements, f/4.6

name: Konica Minolta AF 28-135mm F4-4.5
focal_length: 131.50

surfaces:
# radius       thickness    ior      abbe     semi_ap   coating
  321.9430       2.0000       1.84666  23.83    67.640    1
  75.5380        8.0000       1.71300  53.93    65.180    1
  -1674.0880     0.1200       1.00000  0.00     65.180    0
  47.6570        6.0000       1.77250  49.77    55.900    1
  112.1290       28.4000      1.00000  0.00     55.900    0
  47.8200        1.2000       1.77250  49.77    35.480    1
  16.4260        7.5500       1.00000  0.00     27.260    0
  -61.7840       1.1000       1.77250  49.77    25.100    1
  44.6810        3.0000       1.00000  0.00     25.100    0
  30.5470        4.9500       1.75000  25.14    25.640    1
  -57.3020       0.6000       1.00000  0.00     24.200    0
  -39.6690       1.1000       1.77250  49.77    24.200    1
  64.4860        0.8000       1.00000  0.00     25.780    0
  52.0400        3.7000       1.51680  64.20    27.180    1
  -77.4500       1.6000       1.00000  0.00     27.180    0
  stop           0.4000       1.00000  0.00     26.005    0
  40.1240        1.5000       1.84666  23.83    28.080    1
  16.9930        8.2000       1.67100  51.73    26.620    1
  -188.0270      0.1200       1.00000  0.00     26.620    0
  39.4920        3.2000       1.51823  58.96    26.900    1
  3644.1810      14.6500      1.00000  0.00     26.900    0
  -56.3440       3.0000       1.80518  25.43    21.160    1
  -19.3800       1.1000       1.77250  49.77    21.160    1
  50.8190        1.4000       1.00000  0.00     21.160    0
  363.9980       6.0000       1.51680  64.20    28.880    1
  -24.4470       0.1200       1.00000  0.00     28.880    0
  57.0220        4.6000       1.51742  52.15    29.100    1
  -68.9850       2.4000       1.00000  0.00     27.330    0
  -26.7620       1.4000       1.84666  23.83    27.330    1
  -129.3890      69.3300      1.00000  0.00     30.220    0
