# Konica Minolta AF 100mm F2.8 Macro
#
# Patent: US004764000
# Converted from photonstophotos.net Optical Bench data
# 17 surfaces, 8 glass elements, f/2.8

name: Konica Minolta AF 100mm F2.8 Macro
focal_length: 100.00

surfaces:
# radius       thickness    ior      abbe     semi_ap   coating
  -526.9060      3.2000       1.51823  58.96    35.620    1
  -112.2490      0.1500       1.00000  0.00     35.620    0
  38.6290        5.0000       1.69100  54.75    34.760    1
  144.8290       0.1500       1.00000  0.00     34.760    0
  26.2090        5.5000       1.69100  54.75    31.150    1
  74.8640        0.3300       1.00000  0.00     31.150    0
  93.5930        2.5000       1.74000  31.72    29.580    1
  19.7140        5.0000       1.00000  0.00     24.440    0
  212.9310       2.5000       1.69680  56.47    23.980    1
  51.4950        3.8500       1.00000  0.00     23.980    0
  stop           4.8500       1.00000  0.00     21.950    0
  -25.4430       3.3800       1.83400  37.05    22.680    1
  -26.1670       24.0000      1.00000  0.00     22.680    0
  -27.7410       2.8000       1.80741  31.59    26.160    1
  -33.7230       0.1500       1.00000  0.00     26.160    0
  133.4870       4.0000       1.58913  61.11    29.940    1
  -80.0180       43.1500      1.00000  0.00     29.940    0
