# Konica Minolta AF Reflex 500mm F8
#
# Patent: US004951078
# Converted from photonstophotos.net Optical Bench data
# 12 surfaces, 7 glass elements, f/7.0

name: Konica Minolta AF Reflex 500mm F8
focal_length: 496.00

surfaces:
# radius       thickness    ior      abbe     semi_ap   coating
  273.8950       8.1000       1.51680  64.20    81.430    1
  1765.0690      60.8000      1.00000  0.00     81.430    0
  -168.5800      11.7000      1.67000  57.07    67.800    1
  -204.7570      0.0000       1.00000  0.00     72.530    0
  -560.8180      -4.7000      1.51680  64.20    26.240    1
  -104.5030      0.0000       1.00000  0.00     21.080    0
  -232.2910      4.2000       1.71300  53.93    19.730    1
  -21.5730       7.5000       1.51680  64.20    19.730    1
  -23.9660       2.5000       1.67000  57.07    21.370    1
  -39.5200       2.7000       1.00000  0.00     25.750    0
  0              2.0000       1.51680  64.20    26.290    1
  0              62.3500      1.00000  0.00     26.290    0
