# Konica Minolta AF 28mm F2
#
# Patent: US004258985
# Converted from photonstophotos.net Optical Bench data
# 17 surfaces, 8 glass elements, f/2.0

name: Konica Minolta AF 28mm F2
focal_length: 28.00

surfaces:
# radius       thickness    ior      abbe     semi_ap   coating
  2105.2640      3.7800       1.69350  53.61    35.460    1
  -418.5360      0.1460       1.00000  0.00     35.460    0
  33.0180        1.6800       1.51100  60.49    27.140    1
  15.1790        3.3600       1.00000  0.00     22.120    0
  32.2000        1.6800       1.51110  60.49    22.120    1
  14.7450        8.6020       1.00000  0.00     19.380    0
  31.4330        3.9200       1.76200  40.38    20.410    1
  -60.8440       1.2700       1.00000  0.00     20.970    0
  stop           2.7900       1.00000  0.00     20.649    0
  -119.7620      3.0720       1.74950  50.41    20.380    1
  -25.0210       2.4080       1.00000  0.00     20.380    0
  -20.7370       2.9820       1.80520  25.21    19.020    1
  54.0230        1.9600       1.00000  0.00     19.020    0
  -65.2820       3.2200       1.77250  50.14    19.830    1
  -21.2720       0.1460       1.00000  0.00     19.830    0
  547.9460       3.5000       1.69680  55.80    22.380    1
  -39.6260       36.1000      1.00000  0.00     22.380    0
