# Konica Minolta 28-85mm F3.5-4.5 MD Zoom
#
# Patent: JP1989-193709
# Converted from photonstophotos.net Optical Bench data
# 24 surfaces, 13 glass elements, f/3.6

name: Konica Minolta 28-85mm F3.5-4.5 MD Zoom
focal_length: 28.80

surfaces:
# radius       thickness    ior      abbe     semi_ap   coating
  333.3330       1.7000       1.77250  49.80    46.450    1
  37.3790        6.0000       1.00000  0.00     41.190    0
  374.7020       5.0000       1.80741  31.60    41.190    1
  -68.9600       0.1200       1.00000  0.00     41.190    0
  -175.4410      1.6000       1.77250  49.80    39.080    1
  35.4190        1.8000       1.00000  0.00     39.080    0
  30.9780        2.7000       1.84666  23.90    33.350    1
  42.0470        41.4800      1.00000  0.00     33.350    0
  36.6730        1.1000       1.83400  37.10    23.510    1
  18.0060        7.8000       1.69680  56.50    23.510    1
  -35.5280       1.1000       1.75000  25.10    23.510    1
  -104.9590      0.1200       1.00000  0.00     23.510    0
  31.0990        2.6000       1.61800  63.50    23.510    1
  88.1170        1.5800       1.00000  0.00     23.510    0
  stop           2.6200       1.00000  0.00     16.067    0
  -102.7180      2.2000       1.80518  25.40    17.290    1
  -26.1260       1.0000       1.74250  52.50    17.290    1
  37.6260        18.8500      1.00000  0.00     15.600    0
  116.5190       5.0000       1.64050  60.10    26.220    1
  -31.5740       0.1200       1.00000  0.00     26.220    0
  134.7300       3.2000       1.67000  57.10    26.660    1
  -64.8370       2.0000       1.00000  0.00     26.660    0
  -27.7140       1.4000       1.75690  31.80    26.660    1
  -831.7210      38.7700      1.00000  0.00     28.450    0
