# Konica Minolta AF 35-105mm F3.5-4.5 v2
#
# Patent: US004871239
# Converted from photonstophotos.net Optical Bench data
# 24 surfaces, 13 glass elements, f/3.6

name: Konica Minolta AF 35-105mm F3.5-4.5 v2
focal_length: 36.00

surfaces:
# radius       thickness    ior      abbe     semi_ap   coating
  120.9260       2.2000       1.84666  23.83    47.000    1
  44.8960        7.1500       1.67000  57.07    43.710    1
  -326.5400      0.1000       1.00000  0.00     43.710    0
  29.1320        3.2500       1.69680  56.47    33.970    1
  50.2760        0.9000       1.00000  0.00     33.970    0
  66.3250        1.2000       1.77250  49.77    24.070    1
  14.4300        3.9500       1.00000  0.00     21.500    0
  -1357.7550     1.1500       1.67000  57.07    19.700    1
  34.7370        0.3000       1.00000  0.00     19.700    0
  19.8850        2.6800       1.84666  23.83    17.840    1
  114.7850       1.6200       1.00000  0.00     17.320    0
  -29.6660       1.1500       1.61800  63.45    17.320    1
  79.2940        15.5050      1.00000  0.00     16.790    0
  stop           0.0000       1.00000  0.00     15.873    0
  24.5470        3.1500       1.67000  57.07    17.900    1
  -71.3300       0.1500       1.00000  0.00     17.900    0
  36.1610        6.0000       1.51680  64.20    18.560    1
  -15.0610       2.5000       1.80741  31.59    18.560    1
  87.3980        4.6730       1.00000  0.00     15.490    0
  59.1680        3.0000       1.72000  42.02    16.290    1
  -22.0590       3.6050       1.00000  0.00     16.290    0
  -25.8060       0.0350       1.51790  52.31    17.100    1
  -22.8220       1.8000       1.80500  40.97    17.100    1
  503.4920       36.7700      1.00000  0.00     21.680    0
