# Konica Minolta 100mm F2 Auto Tele Rokkor
#
# Patent: JP1963-011590
# Converted from photonstophotos.net Optical Bench data
# 12 surfaces, 6 glass elements, f/2.0

name: Konica Minolta 100mm F2 Auto Tele Rokkor
focal_length: 100.00

surfaces:
# radius       thickness    ior      abbe     semi_ap   coating
  61.5000        7.2000       1.67975  55.70    52.780    1
  276.8000       0.2000       1.00000  0.00     52.780    0
  37.5640        1.4000       1.68287  31.50    46.800    1
  23.6240        11.5000      1.67970  55.70    40.980    1
  75.2140        8.7780       1.00000  0.00     40.980    0
  119.9940       3.0000       1.66797  35.80    31.000    1
  22.5100        7.6400       1.00000  0.00     26.820    0
  stop           16.4400      1.00000  0.00     25.325    0
  -28.2760       2.0000       1.57526  89.10    22.400    1
  -45.2700       0.4000       1.00000  0.00     25.460    0
  129.3600       6.0000       1.70442  40.80    30.610    1
  -57.2180       37.8100      1.00000  0.00     30.610    0
