# Konica Minolta Hexanon 50mm F1.8
#
# Patent: JP1982-108817
# Converted from photonstophotos.net Optical Bench data
# 12 surfaces, 6 glass elements, f/1.8

name: Konica Minolta Hexanon 50mm F1.8
focal_length: 50.00

surfaces:
# radius       thickness    ior      abbe     semi_ap   coating
  26.1300        5.2600       1.67003  47.30    27.850    1
  187.1695       0.0950       1.00000  0.00     27.050    0
  19.6910        3.6050       1.70154  41.20    24.320    1
  32.6695        1.2150       1.00000  0.00     22.990    0
  72.9375        1.1700       1.72825  28.50    22.990    1
  14.0945        5.3050       1.00000  0.00     19.440    0
  stop           3.9450       1.00000  0.00     18.930    0
  -17.3285       0.9750       1.67270  32.10    18.700    1
  38.3890        6.1350       1.72000  43.70    21.440    1
  -22.7035       0.0950       1.00000  0.00     21.440    0
  99.8830        2.7250       1.70154  41.20    21.640    1
  -57.0090       34.9995      1.00000  0.00     21.640    0
