# Konica Minolta AF 75-300mm F4.5-5.6 D
#
# Patent: US005633759
# Converted from photonstophotos.net Optical Bench data
# 24 surfaces, 13 glass elements, f/4.6

name: Konica Minolta AF 75-300mm F4.5-5.6 D
focal_length: 76.90

surfaces:
# radius       thickness    ior      abbe     semi_ap   coating
  72.6310        5.7000       1.48749  70.44    52.120    1
  720.2690       0.1000       1.00000  0.00     52.120    0
  77.2460        2.5000       1.72342  37.99    50.840    1
  39.5880        8.6800       1.48749  70.44    48.060    1
  359.9050       2.3100       1.00000  0.00     48.060    0
  -134.7930      1.4000       1.77250  49.62    25.020    1
  32.7100        6.0000       1.00000  0.00     25.020    0
  44.4930        2.5500       1.75000  25.14    22.680    1
  248.9170       30.2510      1.00000  0.00     22.680    0
  stop           2.5000       1.00000  0.00     18.578    0
  -38.6150       1.4000       1.69680  55.46    18.900    1
  48.3060        2.9000       1.59551  39.22    21.270    1
  -96.8730       6.6000       1.00000  0.00     21.270    0
  -206.3230      2.7000       1.51823  58.96    24.380    1
  -42.4420       0.2000       1.00000  0.00     24.380    0
  0              1.4000       1.75000  25.14    24.820    1
  35.9000        4.7000       1.51823  58.96    24.820    1
  -61.2610       0.2000       1.00000  0.00     24.820    0
  45.7630        3.9100       1.51823  58.96    25.460    1
  -75.4560       33.9540      1.00000  0.00     25.460    0
  3594.5360      2.7000       1.75000  25.14    25.260    1
  -54.7490       1.3700       1.00000  0.00     25.260    0
  -51.8530       1.4000       1.77250  49.62    25.660    1
  42.1520        39.0300      1.00000  0.00     25.660    0
