# Konica Minolta AF 24-105mm F3.5-4.5 D
#
# Patent: JP2000-187161
# Converted from photonstophotos.net Optical Bench data
# 25 surfaces, 13 glass elements, f/3.6

name: Konica Minolta AF 24-105mm F3.5-4.5 D
focal_length: 24.71

surfaces:
# radius       thickness    ior      abbe     semi_ap   coating
  197.1860       2.0000       1.83350  21.00    54.190    1
  89.1230        0.0100       1.51400  42.83    51.150    1
  89.1230        5.8000       1.61800  63.39    51.150    1
  -844.8730      0.1000       1.00000  0.00     51.150    0
  41.1240        5.3000       1.69680  56.47    47.380    1
  81.6170        1.9000       1.00000  0.00     47.380    0
  142.9800       1.0000       1.85000  40.04    28.420    1
  15.0760        6.4330       1.00000  0.00     24.760    0
  -26.6050       1.0000       1.77250  49.77    19.350    1
  85.9100        0.2000       1.00000  0.00     19.350    0
  40.3420        3.7400       1.75000  25.14    18.090    1
  -26.3140       1.4750       1.00000  0.00     18.090    0
  -16.8560       1.0000       1.75450  51.57    21.840    1
  -32.7180       15.7280      1.00000  0.00     21.840    0
  stop           0.9000       1.00000  0.00     14.403    0
  28.2720        4.0290       1.51680  64.20    18.800    1
  -44.6830       0.2000       1.00000  0.00     18.800    0
  33.7640        3.4610       1.51823  58.96    19.920    1
  -55.0810       2.0250       1.00000  0.00     19.920    0
  -24.3850       1.0000       1.75520  27.51    21.840    1
  154.8190       5.7230       1.00000  0.00     19.860    0
  29.4840        5.7020       1.51680  64.20    21.170    1
  -26.4860       2.6380       1.00000  0.00     21.170    0
  29.9640        1.1380       1.77450  44.46    21.130    1
  16.8520        36.5000      1.00000  0.00     21.130    0
