# Konica Minolta 24-50mm F4 MD Zoom
#
# Patent: US004147410
# Converted from photonstophotos.net Optical Bench data
# 25 surfaces, 13 glass elements, f/4.0

name: Konica Minolta 24-50mm F4 MD Zoom
focal_length: 50.00

surfaces:
# radius       thickness    ior      abbe     semi_ap   coating
  94.6900        6.0000       1.60000  64.40    56.940    1
  417.7000       0.2000       1.00000  0.00     56.940    0
  73.2400        1.5000       1.74350  49.20    45.200    1
  21.1300        7.5000       1.00000  0.00     33.820    0
  148.3000       1.5000       1.74350  49.20    40.700    1
  32.7000        3.5000       1.00000  0.00     30.590    0
  129.8000       4.0000       1.71060  43.30    31.280    1
  -86.7000       1.0000       1.63850  55.70    31.280    1
  66.7800        2.5000       1.00000  0.00     31.280    0
  33.4700        3.0000       1.71740  29.40    28.820    1
  78.9800        1.6600       1.00000  0.00     28.820    0
  stop           0.0000       1.00000  0.00     19.568    0
  53.9500        2.5000       1.51680  64.00    20.040    1
  -159.9000      0.1000       1.00000  0.00     20.040    0
  19.8000        3.3600       1.51680  64.00    20.290    1
  136.3400       0.1000       1.00000  0.00     20.290    0
  22.4400        2.0000       1.51680  64.00    19.140    1
  32.8200        4.5000       1.00000  0.00     18.460    0
  -61.8200       2.0000       1.80520  25.40    16.760    1
  -24.5700       0.8000       1.75690  29.70    16.760    1
  18.2400        2.1900       1.00000  0.00     15.250    0
  -57.4700       2.0000       1.51680  64.00    15.250    1
  -20.7600       0.1000       1.00000  0.00     15.760    0
  38.0200        2.3000       1.60000  64.40    15.880    1
  -375.8000      59.5000      1.00000  0.00     15.880    0
