# Konica Minolta 600mm F6.3 MD Apo-Tele
#
# Patent: US004126378
# Converted from photonstophotos.net Optical Bench data
# 16 surfaces, 8 glass elements, f/6.3

name: Konica Minolta 600mm F6.3 MD Apo-Tele
focal_length: 600.00

surfaces:
# radius       thickness    ior      abbe     semi_ap   coating
  172.7940       5.1300       1.51680  64.00    95.550    1
  151.2360       2.5620       1.00000  0.00     95.550    0
  135.6780       15.7920      1.43390  95.00    94.590    1
  -221.9460      8.2860       1.00000  0.00     94.590    0
  -206.4840      4.1040       1.75700  47.70    90.130    1
  750.4500       10.6560      1.00000  0.00     90.130    0
  148.4280       9.2280       1.50380  66.80    88.600    1
  0              144.0840     1.00000  0.00     88.600    0
  stop           32.4000      1.00000  0.00     37.931    0
  -54.0060       1.5360       1.68900  49.40    35.400    1
  -202.2840      10.6500      1.00000  0.00     35.400    0
  220.9800       3.2820       1.51680  64.00    32.880    1
  -64.8540       2.2140       1.00000  0.00     32.880    0
  -113.8680      1.5360       1.65830  57.30    25.780    1
  39.5340        3.6900       1.59550  39.40    25.780    1
  0              155.2800     1.00000  0.00     25.780    0
