# Konica Minolta Zoom-Hexanon AR 70-150mm F4
#
# Patent: JP1983-137812
# Converted from photonstophotos.net Optical Bench data
# 28 surfaces, 15 glass elements, f/4.0

name: Konica Minolta Zoom-Hexanon AR 70-150mm F4
focal_length: 72.16

surfaces:
# radius       thickness    ior      abbe     semi_ap   coating
  65.3760        1.8000       1.80818  25.40    45.160    1
  40.2500        6.2000       1.62299  58.20    42.760    1
  217.7910       0.1000       1.00000  0.00     42.760    0
  101.6460       3.5200       1.62299  58.20    40.300    1
  -1360.5210     3.0550       1.00000  0.00     40.300    0
  -290.8120      2.5000       1.80513  25.40    28.060    1
  -108.0180      2.0100       1.00000  0.00     28.060    0
  -164.5250      1.0000       1.69680  55.50    24.220    1
  54.2560        2.4500       1.00000  0.00     21.790    0
  -44.9560       1.0000       1.69680  55.50    21.790    1
  32.8410        2.5500       1.80518  25.40    23.860    1
  100.3380       21.9680      1.00000  0.00     23.860    0
  90.7340        3.6500       1.62299  58.20    23.520    1
  -40.1230       1.0000       1.80518  25.40    23.520    1
  -72.3810       4.3100       1.00000  0.00     23.520    0
  stop           2.0000       1.00000  0.00     22.668    0
  24.1360        3.8700       1.51112  60.50    23.600    1
  107.3650       0.1500       1.00000  0.00     23.600    0
  28.8230        3.0000       1.51112  60.50    22.300    1
  115.0310       4.0000       1.00000  0.00     22.300    0
  0              1.9000       1.71736  29.50    19.140    1
  28.1700        15.0000      1.00000  0.00     18.180    0
  52.3790        3.8000       1.56732  42.80    21.040    1
  -52.3790       2.4000       1.00000  0.00     21.040    0
  -19.0370       1.5000       1.77250  49.60    21.040    1
  230.6400       2.4000       1.00000  0.00     23.760    0
  73.0970        4.5000       1.59581  39.20    27.460    1
  -55.2900       38.2550      1.00000  0.00     27.460    0
