# Konica Minolta AF 28-70mm F2.8 G
#
# Patent: JP1994-082698
# Converted from photonstophotos.net Optical Bench data
# 28 surfaces, 16 glass elements, f/2.9

name: Konica Minolta AF 28-70mm F2.8 G
focal_length: 28.70

surfaces:
# radius       thickness    ior      abbe     semi_ap   coating
  76.4480        2.5000       1.84666  23.90    57.200    1
  35.3980        6.3500       1.00000  0.00     48.820    0
  88.4000        7.0500       1.79952  42.20    48.820    1
  -135.5730      0.1500       1.00000  0.00     48.820    0
  83.6460        2.6000       1.74320  49.30    38.860    1
  30.5700        7.2500       1.00000  0.00     32.300    0
  -51.2040       1.4000       1.58313  59.40    32.300    1
  28.8150        4.4000       1.84666  23.90    30.460    1
  101.9780       27.6400      1.00000  0.00     30.460    0
  62.4950        1.4000       1.84666  23.90    32.320    1
  26.0544        7.9000       1.66755  41.90    32.320    1
  -218.9560      0.1000       1.00000  0.00     32.320    0
  50.8410        6.8000       1.72916  54.70    33.640    1
  -53.3580       1.6000       1.84666  23.90    33.640    1
  -124.2580      1.4670       1.00000  0.00     33.640    0
  stop           1.8000       1.00000  0.00     18.367    0
  -50.0760       1.4000       1.51728  69.60    24.460    1
  107.4230       1.8000       1.00000  0.00     24.460    0
  328.6690       1.4000       1.48749  70.20    24.020    1
  32.2240        2.3000       1.84666  23.90    24.020    1
  55.1150        15.0940      1.00000  0.00     24.020    0
  87.1150        6.5000       1.62230  53.20    30.740    1
  -40.6910       0.1500       1.00000  0.00     30.740    0
  182.8940       6.8000       1.61800  63.40    31.020    1
  -29.0400       1.4000       1.78472  25.70    31.020    1
  -44.6910       2.3500       1.00000  0.00     31.020    0
  -30.3960       1.7000       1.80518  25.40    31.020    1
  -104.4120      36.9700      1.00000  0.00     31.560    0
