# Konica Minolta Hexar 35mm F2.0
#
# Patent: JP1993-164961
# Converted from photonstophotos.net Optical Bench data
# 14 surfaces, 7 glass elements, f/2.0

name: Konica Minolta Hexar 35mm F2.0
focal_length: 35.00

surfaces:
# radius       thickness    ior      abbe     semi_ap   coating
  24.9025        3.9130       1.77250  49.60    27.160    1
  77.4900        0.1956       1.00000  0.00     25.630    0
  12.1590        2.9348       1.74100  52.70    18.270    1
  16.0475        0.5380       1.00000  0.00     15.560    0
  20.4645        0.7826       1.71736  29.50    15.560    1
  8.9390         4.5700       1.00000  0.00     13.180    0
  stop           5.7025       1.00000  0.00     12.084    0
  -8.8305        0.8806       1.59270  35.30    13.230    1
  -12.7470       0.1467       1.00000  0.00     14.630    0
  -31.5245       4.0600       1.74100  52.70    16.680    1
  -13.1740       0.1956       1.00000  0.00     19.090    0
  140.1750       4.2070       1.77250  49.60    24.170    1
  -27.3910       0.9782       1.72825  28.50    24.170    1
  -174.3000      8.4200       1.00000  0.00     25.810    0
