# Konica Minolta AF 300mm F2.8 APO
#
# Patent: US004518229
# Converted from photonstophotos.net Optical Bench data
# 19 surfaces, 10 glass elements, f/2.9

name: Konica Minolta AF 300mm F2.8 APO
focal_length: 295.00

surfaces:
# radius       thickness    ior      abbe     semi_ap   coating
  140.8720       16.0000      1.49520  79.74    104.180   1
  -447.5130      0.4200       1.00000  0.00     104.180   0
  115.9560       14.5000      1.49520  79.74    95.750    1
  -701.2920      2.5200       1.00000  0.00     95.750    0
  -474.4760      3.7000       1.68150  36.64    94.960    1
  170.9540       78.0000      1.00000  0.00     94.960    0
  -131.7060      2.5000       1.65446  33.86    51.640    1
  -216.4000      1.3500       1.00000  0.00     51.640    0
  111.3320       4.0000       1.60311  60.64    47.920    1
  508.8150       3.0000       1.00000  0.00     47.920    0
  -1256.8000     6.5000       1.71736  29.42    47.190    1
  -65.5250       1.8500       1.60311  60.74    47.190    1
  366.0460       3.1500       1.00000  0.00     45.520    0
  -228.6330      1.7000       1.67000  57.07    43.780    1
  66.7590        20.3500      1.00000  0.00     38.970    0
  stop           1.6500       1.00000  0.00     37.367    0
  1084.8000      7.0000       1.60311  60.74    37.760    1
  -42.0170       1.6000       1.65446  33.86    37.760    1
  -79.9650       16.9800      1.00000  0.00     37.760    0
