# Konica Minolta 45mm F2 MD Rokkor
#
# Patent: US004277149
# Converted from photonstophotos.net Optical Bench data
# 12 surfaces, 6 glass elements, f/2.0

name: Konica Minolta 45mm F2 MD Rokkor
focal_length: 45.00

surfaces:
# radius       thickness    ior      abbe     semi_ap   coating
  37.4850        2.9250       1.78100  44.50    25.250    1
  332.7480       0.1125       1.00000  0.00     25.250    0
  19.4535        3.3525       1.74950  50.10    24.240    1
  29.2545        1.3500       1.00000  0.00     21.150    0
  69.6015        1.1700       1.70060  30.10    25.810    1
  15.4440        4.3640       1.00000  0.00     17.660    0
  stop           4.7800       1.00000  0.00     16.972    0
  -13.0095       1.1700       1.63980  35.30    17.530    1
  -72.9855       3.8250       1.75450  50.10    21.260    1
  -17.6670       0.1125       1.00000  0.00     21.260    0
  622.3500       2.9700       1.69680  55.50    22.740    1
  -32.7600       36.0630      1.00000  0.00     22.740    0
