# Konica Minolta 35mm F2.8 MD
#
# Patent: US003936153
# Converted from photonstophotos.net Optical Bench data
# 11 surfaces, 5 glass elements, f/2.8

name: Konica Minolta 35mm F2.8 MD
focal_length: 35.00

surfaces:
# radius       thickness    ior      abbe     semi_ap   coating
  82.0295        1.5435       1.57140  53.00    28.480    1
  16.4815        12.3830      1.00000  0.00     24.000    0
  21.7210        9.8000       1.65830  58.50    19.740    1
  -65.2505       5.8120       1.00000  0.00     17.000    0
  stop           5.3250       1.00000  0.00     14.180    0
  -14.0420       1.3265       1.68890  31.20    13.320    1
  83.7550        0.9905       1.00000  0.00     16.740    0
  -51.0825       2.3450       1.72000  50.30    14.490    1
  -15.7360       0.1015       1.00000  0.00     14.490    0
  84.0665        2.3800       1.62040  60.30    18.940    1
  -41.7585       37.1000      1.00000  0.00     18.940    0
