# Konica Minolta 75-150mm F4.0 MD Zoom
#
# Patent: JP1981-150717
# Converted from photonstophotos.net Optical Bench data
# 14 surfaces, 8 glass elements, f/4.1

name: Konica Minolta 75-150mm F4.0 MD Zoom
focal_length: 77.00

surfaces:
# radius       thickness    ior      abbe     semi_ap   coating
  104.1670       5.0000       1.51680  64.10    43.100    1
  -236.4600      0.1500       1.00000  0.00     43.100    0
  77.5260        4.5000       1.51680  64.10    39.440    1
  -740.2500      1.5000       1.80518  25.50    39.440    1
  163.1710       2.5000       1.00000  0.00     39.440    0
  659.8000       3.3000       1.80518  25.50    27.260    1
  -47.2760       1.2000       1.62135  61.30    27.260    1
  60.3650        2.8000       1.00000  0.00     24.680    0
  -50.9220       1.2000       1.74950  50.10    24.680    1
  152.3840       25.2600      1.00000  0.00     24.680    0
  125.3930       4.6000       1.58913  61.10    25.000    1
  -32.9590       1.2000       1.74000  28.30    25.000    1
  -74.3450       8.4300       1.00000  0.00     25.000    0
  stop           0.0000       1.00000  0.00     23.375    0
