# Konica Minolta AF 70-210mm F3.5-4.5
#
# Patent: JP1989-223409
# Converted from photonstophotos.net Optical Bench data
# 25 surfaces, 12 glass elements, f/3.6

name: Konica Minolta AF 70-210mm F3.5-4.5
focal_length: 72.50

surfaces:
# radius       thickness    ior      abbe     semi_ap   coating
  84.1630        3.2000       1.84666  23.83    46.660    1
  59.6690        0.6300       1.00000  0.00     46.660    0
  67.7590        4.2000       1.51680  64.20    45.540    1
  318.9990       0.1500       1.00000  0.00     45.540    0
  71.9360        5.0500       1.51680  64.20    44.320    1
  -962.8990      3.3000       1.00000  0.00     44.320    0
  -104.1670      1.6000       1.77250  49.77    22.900    1
  27.8680        3.4000       1.00000  0.00     22.900    0
  33.6740        3.0000       1.75000  25.14    22.220    1
  369.2380       23.3400      1.00000  0.00     22.220    0
  stop           2.2600       1.00000  0.00     21.570    0
  714.4950       2.7500       1.51823  58.96    27.810    1
  -75.3300       0.8800       1.00000  0.00     27.810    0
  -39.8060       1.6000       1.75520  27.51    23.620    1
  48.4040        3.1000       1.00000  0.00     27.810    0
  -259.7390      3.5000       1.51680  64.20    24.040    1
  -42.5560       0.1500       1.00000  0.00     26.080    0
  172.6040       4.0000       1.51680  64.20    28.030    1
  -64.4160       0.1500       1.00000  0.00     28.030    0
  67.7580        5.7000       1.58913  61.11    29.600    1
  -43.1520       25.5080      1.00000  0.00     29.600    0
  579.0150       3.7000       1.67339  29.25    25.030    1
  -48.5120       1.0000       1.00000  0.00     25.030    0
  -47.2740       1.6000       1.75450  51.57    25.030    1
  39.6990        38.7000      1.00000  0.00     25.030    0
