# Konica Minolta AF 35mm F2
#
# Patent: JP1988-201614
# Converted from photonstophotos.net Optical Bench data
# 14 surfaces, 7 glass elements, f/2.0

name: Konica Minolta AF 35mm F2
focal_length: 35.00

surfaces:
# radius       thickness    ior      abbe     semi_ap   coating
  61.1920        1.4530       1.53172  48.90    31.100    1
  17.0220        12.4680      1.00000  0.00     25.180    0
  35.3240        9.0130       1.83400  37.10    25.160    1
  -70.2830       1.4730       1.00000  0.00     25.160    0
  -33.7050       1.5080       1.69895  30.10    28.170    1
  0              3.6330       1.77250  49.80    28.170    1
  -31.2060       3.7890       1.00000  0.00     24.780    0
  stop           4.9490       1.00000  0.00     20.093    0
  -24.7020       2.0130       1.80518  25.40    19.820    1
  61.9190        2.0130       1.00000  0.00     18.880    0
  -45.8810       2.7000       1.78590  44.20    20.990    1
  -22.5380       0.1180       1.00000  0.00     20.990    0
  152.5630       3.9200       1.77250  49.60    24.900    1
  -39.2870       36.4000      1.00000  0.00     24.900    0
