# Konica Minolta Zoom-Hexanon AR 35-70mm F4
#
# Patent: JP1982-019708
# Converted from photonstophotos.net Optical Bench data
# 16 surfaces, 8 glass elements, f/4.0

name: Konica Minolta Zoom-Hexanon AR 35-70mm F4
focal_length: 68.09

surfaces:
# radius       thickness    ior      abbe     semi_ap   coating
  470.8010       3.4000       1.65844  50.90    46.240    1
  -160.0890      0.1000       1.00000  0.00     46.240    0
  266.3030       4.3000       1.62004  36.30    39.520    1
  -85.8250       1.5000       1.80610  40.90    39.520    1
  24.2960        7.8000       1.00000  0.00     31.420    0
  29.3200        2.7000       1.80518  25.40    30.540    1
  43.8620        1.0000       1.00000  0.00     30.540    0
  32.8540        4.2000       1.65844  50.90    23.440    1
  -128.4950      1.0000       1.00000  0.00     23.440    0
  stop           2.0000       1.00000  0.00     20.376    0
  18.3650        5.3000       1.60311  60.70    21.600    1
  41.5780        2.3000       1.00000  0.00     21.600    0
  -113.7470      1.5000       1.80518  25.40    17.840    1
  17.2730        5.1000       1.00000  0.00     17.840    0
  86.7230        3.0000       1.62004  36.30    16.100    1
  -33.0240       60.5200      1.00000  0.00     16.100    0
