# Konica Minolta AF 24-85mm F3.5-4.5 RS
#
# Patent: US005528423
# Converted from photonstophotos.net Optical Bench data
# 27 surfaces, 14 glass elements, f/3.6

name: Konica Minolta AF 24-85mm F3.5-4.5 RS
focal_length: 24.70

surfaces:
# radius       thickness    ior      abbe     semi_ap   coating
  184.9610       2.0000       1.83350  21.00    57.020    1
  84.0340        5.7000       1.61800  63.39    54.150    1
  -1406.1930     0.1000       1.00000  0.00     54.150    0
  43.4620        5.3000       1.69680  56.47    47.400    1
  100.9220       1.8500       1.00000  0.00     47.400    0
  100.9220       1.3350       1.85000  40.04    29.400    1
  14.2170        5.6000       1.00000  0.00     23.460    0
  -44.4790       3.1000       1.75000  25.14    19.000    1
  -17.0940       1.0500       1.77250  49.77    19.790    1
  43.6980        0.5000       1.00000  0.00     19.790    0
  32.4150        2.9000       1.75000  25.14    17.780    1
  -92.6720       1.9000       1.00000  0.00     17.780    0
  -18.2010       1.1000       1.75450  51.57    21.360    1
  -26.7370       12.1780      1.00000  0.00     22.620    0
  stop           1.0000       1.00000  0.00     14.536    0
  33.6600        3.6000       1.51728  69.43    20.010    1
  -60.2040       0.1200       1.00000  0.00     20.010    0
  31.1250        5.4000       1.51680  64.20    21.150    1
  -56.4660       2.3000       1.00000  0.00     18.900    0
  -25.5190       1.3000       1.84666  23.82    23.250    1
  -160.2040      5.5000       1.00000  0.00     19.400    0
  47.7400        5.0000       1.51680  64.20    20.950    1
  -26.1910       4.0000       1.00000  0.00     20.950    0
  -250.0000      1.6000       1.78100  44.55    23.260    1
  69.6490        2.9000       1.00000  0.00     17.480    0
  -27.0270       1.9000       1.61800  63.39    22.030    1
  -23.5370       36.6700      1.00000  0.00     24.410    0
