# Konica Minolta UC Zoom-Hexanon AR 45-100mm F3.5
#
# Patent: JP1976-034741
# Converted from photonstophotos.net Optical Bench data
# 22 surfaces, 11 glass elements, f/3.5

name: Konica Minolta UC Zoom-Hexanon AR 45-100mm F3.5
focal_length: 46.76

surfaces:
# radius       thickness    ior      abbe     semi_ap   coating
  66.7750        1.5000       1.80518  25.40    48.640    1
  40.8000        5.5000       1.62299  58.20    48.640    1
  109.1360       0.1000       1.00000  0.00     48.640    0
  49.5600        5.0000       1.62299  58.20    44.300    1
  281.9180       1.8000       1.00000  0.00     44.300    0
  503.5050       1.5000       1.62299  58.20    28.760    1
  17.6700        5.0000       1.00000  0.00     22.850    0
  -84.4230       1.5000       1.62299  58.20    22.850    1
  76.6770        2.0000       1.00000  0.00     28.500    0
  31.1630        2.8000       1.80518  25.40    23.520    1
  73.0210        25.0000      1.00000  0.00     23.520    0
  108.0940       2.5000       1.62299  58.20    23.520    1
  -108.0920      5.0000       1.00000  0.00     23.520    0
  stop           1.5000       1.00000  0.00     20.623    0
  30.1450        5.0000       1.51823  59.00    22.300    1
  -788.4560      5.5000       1.00000  0.00     22.300    0
  -32.1240       2.5000       1.69895  30.10    22.040    1
  49.8490        2.5000       1.00000  0.00     22.040    0
  -151.0630      3.0000       1.51633  64.10    21.320    1
  -22.8090       0.5000       1.00000  0.00     21.320    0
  196.3260       4.0000       1.56732  42.80    25.860    1
  -79.8430       63.2400      1.00000  0.00     25.860    0
