# Leica Summilux C 40mm T1.4
#
# Patent: US008508864
# Converted from photonstophotos.net Optical Bench data
# 29 surfaces, 16 glass elements

name: Leica Summilux C 40mm T1.4
focal_length: 40.00

surfaces:
# radius       thickness    ior      abbe     semi_ap   coating
  0              3.0000       1.51630  64.15    56.500    1
  0              2.0000       1.00000  0.00     55.120    0
  45.1300        9.3230       1.49700  81.61    48.520    1
  -4334.7160     0.1000       1.00000  0.00     46.560    0
  87.2020        2.7920       1.48750  70.21    42.240    1
  20.1750        11.0270      1.00000  0.00     32.840    0
  -61.4490       1.8000       1.43870  94.96    32.180    1
  25.2450        14.1450      1.80440  39.58    31.160    1
  47.1030        7.9580       1.00000  0.00     27.340    0
  -19.3950       1.8000       1.80100  34.97    27.280    1
  -2732.4940     10.9330      1.49700  81.61    34.800    1
  -24.8460       0.1000       1.00000  0.00     37.780    0
  103.6280       7.5490       1.76200  40.10    48.620    1
  -121.6110      0.1000       1.00000  0.00     49.140    0
  54.3740        8.7440       1.80100  34.97    50.220    1
  -807.8720      8.6200       1.00000  0.00     49.380    0
  -119.7480      1.9870       1.74950  35.55    43.860    1
  32.4520        12.6200      1.43870  94.96    41.080    1
  -64.0070       6.9900       1.00000  0.00     41.180    0
  stop           0.9000       1.00000  0.00     39.960    0
  52.9380        3.7940       1.43870  94.96    39.120    1
  95.9940        4.4610       1.00000  0.00     38.400    0
  -81.8460       8.1910       1.43870  94.96    38.300    1
  -26.5120       3.5780       1.80520  25.43    38.100    1
  -556.3490      0.0990       1.00000  0.00     42.140    0
  156.1160       7.9020       1.80810  22.76    43.160    1
  -60.5250       0.1000       1.00000  0.00     43.860    0
  -214.1560      7.8370       1.49700  81.61    43.640    1
  -39.6700       44.8000      1.00000  0.00     43.700    0
