# Leica APO-Summicron-M 35mm f/2 Asph
#
# Patent: US20220066176
# Converted from photonstophotos.net Optical Bench data
# 16 surfaces, 10 glass elements, f/2.0

name: Leica APO-Summicron-M 35mm f/2 Asph
focal_length: 35.00

surfaces:
# radius       thickness    ior      abbe     semi_ap   coating
  54.1100        5.9500       1.85500  40.00    24.360    1
  -21.9800       1.0500       1.65800  39.00    23.360    1
  25.9700        3.5000       1.00000  0.00     17.550    0
  -27.6500       2.1000       1.65800  39.00    16.380    1
  22.6800        4.5500       1.88800  41.00    18.060    1
  -37.8350       1.4000       1.00000  0.00     18.060    0
  stop           1.4000       1.00000  0.00     17.618    0
  182.3150       6.6500       1.49800  81.00    17.550    1
  -30.6600       1.0500       1.65800  39.00    17.550    1
  22.4350        5.2500       1.49800  81.00    18.530    1
  -28.3150       0.3500       1.00000  0.00     18.940    0
  28.0700        7.7000       1.85500  40.00    23.370    1
  -21.5600       1.0500       1.65800  39.00    23.370    1
  22.8550        6.6500       1.00000  0.00     22.300    0
  -52.1500       1.0500       1.58300  59.00    23.280    1
  -235.9700      14.6200      1.00000  0.00     24.260    0
