# Leica Summicron R 50mm f/2
#
# Patent: US004123144
# Converted from photonstophotos.net Optical Bench data
# 11 surfaces, 6 glass elements, f/2.0

name: Leica Summicron R 50mm f/2
focal_length: 52.00

surfaces:
# radius       thickness    ior      abbe     semi_ap   coating
  42.7100        3.9900       1.73430  28.19    28.940    1
  195.3800       0.2000       1.00000  0.00     27.060    0
  20.5000        7.1800       1.67133  41.64    24.020    1
  0              1.2900       1.79190  25.55    21.490    1
  14.9400        5.3500       1.00000  0.00     18.390    0
  stop           7.6100       1.00000  0.00     18.059    0
  -14.9400       1.0000       1.65222  33.60    17.500    1
  0              5.2200       1.79227  47.15    19.270    1
  -20.5000       0.2000       1.00000  0.00     20.380    0
  0              3.6900       1.79227  47.15    22.960    1
  -42.7100       37.3200      1.00000  0.00     23.970    0
