# Leica Summilux-M 28mm F1.4 Asph
#
# Patent: US20160070086
# Converted from photonstophotos.net Optical Bench data
# 20 surfaces, 11 glass elements, f/1.4

name: Leica Summilux-M 28mm F1.4 Asph
focal_length: 28.00

surfaces:
# radius       thickness    ior      abbe     semi_ap   coating
  115.0000       3.0000       1.51633  64.21    38.740    1
  133.1900       0.2000       1.00000  0.00     35.520    0
  77.4100        1.8000       1.43875  94.49    34.570    1
  17.7440        7.5000       1.00000  0.00     26.690    0
  41.3000        2.8000       1.88299  40.52    24.740    1
  144.1500       4.2000       1.00000  0.00     22.750    0
  -33.7400       1.6000       1.67270  31.92    22.850    1
  30.7600        7.0000       1.88299  40.52    25.580    1
  -55.2900       2.4000       1.00000  0.00     25.580    0
  stop           9.2000       1.00000  0.00     25.292    0
  51.2700        6.0000       1.81600  46.37    24.960    1
  -28.6800       1.8000       1.78472  25.69    24.490    1
  -156.6100      0.6000       1.00000  0.00     23.610    0
  31.0800        5.2000       1.88299  40.52    21.860    1
  -64.8400       1.6000       1.67270  31.92    21.860    1
  21.1770        5.6000       1.00000  0.00     20.420    0
  -131.4400      2.5000       1.83400  36.87    21.470    1
  -107.2200      15.1600      1.00000  0.00     23.690    0
  0              0.7500       1.51633  40.00    51.340    1
  0              0.8500       1.00000  0.00     51.340    0
