# Leica Summicron-M 35mm F1.4
#
# Patent: US002975673
# Converted from photonstophotos.net Optical Bench data
# 13 surfaces, 7 glass elements, f/1.4

name: Leica Summicron-M 35mm F1.4
focal_length: 35.00

surfaces:
# radius       thickness    ior      abbe     semi_ap   coating
  29.4599        3.5000       1.72341  59.10    30.110    1
  89.9115        0.0210       1.00000  0.00     30.110    0
  13.4470        4.5395       1.78990  48.00    22.010    1
  30.2365        1.3090       1.70444  20.84    22.010    1
  8.9320         5.3615       1.00000  0.00     15.680    0
  stop           2.7200       1.00000  0.00     15.418    0
  -56.2695       1.9390       1.78990  48.00    14.780    1
  -30.2365       1.7290       1.00000  0.00     14.780    0
  -12.0680       1.3090       1.76167  27.34    14.780    1
  -47.9990       4.5990       1.79990  48.00    20.840    1
  -16.0125       0.5985       1.00000  0.00     20.840    0
  -700.0000      4.7985       1.72056  47.59    28.910    1
  -29.4595       18.9300      1.00000  0.00     28.910    0
