# Leica Elmarit-TL 18mm F2.8 Asph
#
# Patent: US20200341238
# Converted from photonstophotos.net Optical Bench data
# 17 surfaces, 10 glass elements, f/2.9

name: Leica Elmarit-TL 18mm F2.8 Asph
focal_length: 18.46

surfaces:
# radius       thickness    ior      abbe     semi_ap   coating
  11.5048        1.6587       2.00100  29.10    12.650    1
  16.0605        0.4000       1.00000  0.00     11.480    0
  9.1135         0.6000       1.69384  53.10    9.840     1
  5.7177         3.8530       1.00000  0.00     8.120     0
  stop           2.2075       1.00000  0.00     5.758     0
  -58.8092       2.5278       1.83481  42.70    6.040     1
  -5.4706        0.0050       1.56732  42.80    7.100     1
  -5.4706        0.4500       1.84666  23.80    7.100     1
  -20.1424       1.1630       1.00000  0.00     8.260     0
  -8.3145        0.5000       1.69895  30.00    9.070     1
  69.1883        0.0050       1.56732  42.80    11.200    1
  69.1883        3.4076       2.00100  29.10    11.200    1
  -10.7881       2.6130       1.00000  0.00     12.400    0
  -33.9521       2.3591       1.77200  50.00    14.690    1
  -14.0739       1.3000       1.00000  0.00     15.600    0
  -18.9964       0.6500       1.80809  22.80    16.190    1
  -33.4056       15.2663      1.00000  0.00     16.900    0
