# Leica Elmarit 28mm f2.8
#
# Patent: US003591257
# Converted from photonstophotos.net Optical Bench data
# 15 surfaces, 8 glass elements, f/2.8

name: Leica Elmarit 28mm f2.8
focal_length: 28.00

surfaces:
# radius       thickness    ior      abbe     semi_ap   coating
  27.6600        1.5200       1.62286  60.08    30.340    1
  17.1400        2.7600       1.00000  0.00     25.260    0
  28.4500        1.5200       1.62286  60.08    24.590    1
  17.0100        14.3400      1.00000  0.00     22.350    0
  16.8300        8.6000       1.79227  47.15    15.110    1
  -25.5400       4.9300       1.81265  25.24    15.110    1
  -153.8000      0.6000       1.00000  0.00     12.870    0
  stop           2.3400       1.00000  0.00     11.369    0
  -15.7900       3.1600       1.62286  60.08    10.690    1
  -20.0400       0.6600       1.00000  0.00     12.660    0
  932.4000       3.8100       1.72823  37.85    14.510    1
  -10.1000       1.6800       1.81265  25.24    14.510    1
  -28.1400       3.8100       1.00000  0.00     14.510    0
  -9.6900        1.5200       1.62408  36.11    14.450    1
  -17.0800       18.7700      1.00000  0.00     17.680    0
