# Leica APO-Macro-Elmarit-TL 60mm F2.8
#
# Patent: JP2016-090725
# Converted from photonstophotos.net Optical Bench data
# 22 surfaces, 11 glass elements, f/2.9

name: Leica APO-Macro-Elmarit-TL 60mm F2.8
focal_length: 59.98

surfaces:
# radius       thickness    ior      abbe     semi_ap   coating
  123.7750       3.3800       1.84666  23.78    22.230    1
  -469.0260      2.8990       1.00000  0.00     22.230    0
  -103.0890      3.7220       1.58313  59.38    20.580    1
  -38.4670       1.4730       1.00000  0.00     20.580    0
  -38.6360       2.0000       1.68893  31.16    19.830    1
  1787.8710      1.5260       1.00000  0.00     19.830    0
  stop           23.0960      1.00000  0.00     19.193    0
  27.2410        5.4000       1.43700  95.10    19.900    1
  -29.6040       2.9510       1.00000  0.00     19.900    0
  -19.4930       0.9000       1.80610  33.27    18.390    1
  -45.5460       5.1940       1.00000  0.00     18.910    0
  -502.2150      4.4000       1.58313  59.38    19.560    1
  -20.5770       2.5610       1.00000  0.00     20.260    0
  -814.4400      3.0660       1.91082  35.25    19.430    1
  -31.2700       1.0100       1.51742  52.15    19.180    1
  19.4730        12.4750      1.00000  0.00     17.820    0
  -15.0390       0.9000       1.56883  56.04    18.560    1
  -95.7710       0.3000       1.00000  0.00     20.700    0
  38.3360        4.0470       1.72916  54.67    23.270    1
  -721.4310      13.3690      1.00000  0.00     23.660    0
  0              1.5000       1.52249  59.48    31.300    1
  0              0.8000       1.00000  0.00     31.300    0
