# Leica 50mm Noctilux f/1.2
#
# Patent: US003459468
# Converted from photonstophotos.net Optical Bench data
# 11 surfaces, 6 glass elements, f/1.2

name: Leica 50mm Noctilux f/1.2
focal_length: 50.00

surfaces:
# radius       thickness    ior      abbe     semi_ap   coating
  59.8520        6.7600       1.82100  45.20    53.200    1
  237.6920       0.2080       1.00000  0.00     53.200    0
  29.9000        11.7520      1.90000  40.50    46.900    1
  126.5680       2.1840       1.79200  25.90    50.910    1
  18.1480        8.1120       1.00000  0.00     29.020    0
  stop           5.9280       1.00000  0.00     24.960    0
  -23.4000       1.6120       1.84400  30.00    27.770    1
  72.0200        9.4120       1.90000  40.50    37.540    1
  -34.5800       0.0520       1.00000  0.00     36.920    0
  61.3600        6.0840       1.69400  54.60    32.340    1
  -55.7960       27.6800      1.00000  0.00     32.340    0
