# Leica Summilux-M 35mm F1.4 Asph v1
#
# Patent: US005161060
# Converted from photonstophotos.net Optical Bench data
# 15 surfaces, 9 glass elements, f/1.4

name: Leica Summilux-M 35mm F1.4 Asph v1
focal_length: 35.00

surfaces:
# radius       thickness    ior      abbe     semi_ap   coating
  -110.1140      2.0100       1.50300  56.10    34.450    1
  24.9200        7.4000       1.82000  45.10    34.450    1
  -305.0000      0.1000       1.00000  0.00     34.450    0
  28.3460        6.0700       1.82000  45.10    24.120    1
  -57.5600       1.6100       1.69400  31.00    24.120    1
  16.6240        4.3400       1.00000  0.00     19.610    0
  stop           1.6600       1.00000  0.00     19.521    0
  -197.2040      6.0700       1.79200  47.20    19.640    1
  -38.6280       1.5000       1.00000  0.00     19.640    0
  -21.1420       1.7200       1.65200  33.60    21.820    1
  101.9850       5.8600       1.82000  45.10    21.820    1
  -21.9050       0.1100       1.00000  0.00     21.820    0
  60.0260        5.9400       1.82000  45.10    26.160    1
  -31.3250       2.0500       1.62400  36.10    26.160    1
  31.3250        19.6300      1.00000  0.00     26.160    0
