# Leica APO-Vario-Elmarit-SL 90-280mm f/2.8-4
#
# Patent: JP2016-139125
# Converted from photonstophotos.net Optical Bench data
# 42 surfaces, 23 glass elements, f/2.9

name: Leica APO-Vario-Elmarit-SL 90-280mm f/2.8-4
focal_length: 92.29

surfaces:
# radius       thickness    ior      abbe     semi_ap   coating
  178.6679       2.4000       1.90366  31.30    69.740    1
  88.7307        1.0247       1.00000  0.00     67.380    0
  88.7307        9.6783       1.43700  95.10    67.300    1
  -590.4004      0.2000       1.00000  0.00     67.300    0
  88.4008        8.2889       1.43700  95.10    66.420    1
  -1630.1959     1.1675       1.00000  0.00     66.420    0
  293.1087       4.0502       1.84666  23.80    54.060    1
  -307.2496      2.2116       1.00000  0.00     54.060    0
  246.3056       1.8000       1.59349  67.00    46.900    1
  55.0284        3.0361       1.69895  30.00    43.000    1
  90.9059        2.8838       1.00000  0.00     43.000    0
  2761.1514      1.6000       1.59349  67.00    41.200    1
  106.4404       5.7845       1.00000  0.00     38.220    0
  -70.1362       1.5000       1.72916  54.70    37.620    1
  76.0061        2.2385       1.78472  25.70    36.120    1
  158.6379       61.1833      1.00000  0.00     35.620    0
  70.8988        6.4593       1.83481  42.70    43.660    1
  -183.8522      1.0000       1.00000  0.00     43.660    0
  44.7119        4.3261       1.43700  95.10    40.280    1
  108.2417       5.4981       1.00000  0.00     40.280    0
  stop           2.5000       1.00000  0.00     35.894    0
  346.1034       3.7460       1.49700  81.60    33.880    1
  -68.3248       1.3000       2.00100  29.10    33.880    1
  40.8325        2.5862       1.00000  0.00     32.060    0
  69.5973        1.3000       1.80610  33.30    32.480    1
  42.1581        6.5907       1.48749  70.40    32.480    1
  -83.4053       0.2000       1.00000  0.00     32.960    0
  77.8769        3.5765       1.71300  53.90    33.180    1
  -257.0857      1.3569       1.00000  0.00     33.180    0
  0              5.0472       1.00000  0.00     32.200    0
  -49.6473       1.3000       1.51823  59.00    32.200    1
  36.3600        7.9223       1.62041  60.30    32.200    1
  -48.7369       2.5391       1.00000  0.00     27.920    0
  -149.8327      2.7305       1.80518  25.50    27.920    1
  -41.7039       0.8000       1.58144  40.90    27.920    1
  38.5636        23.6362      1.00000  0.00     27.920    0
  143.6137       4.6416       1.84666  23.80    36.940    1
  -81.0021       14.0722      1.00000  0.00     37.820    0
  -65.4499       1.5000       1.72342  38.00    37.820    1
  48.7669        3.0912       1.00000  0.00     37.940    0
  45.2665        8.2138       1.62041  60.30    44.260    1
  0              31.0184      1.00000  0.00     44.260    0
