# Leica DC Vario-Elmarit 8.8-176mm F2.8-4.5 ASPH (Panasonic FZ2500,FZ2000,FZH1)
#
# Patent: US20180081156
# Converted from photonstophotos.net Optical Bench data
# 35 surfaces, 22 glass elements, f/2.9

name: Leica DC Vario-Elmarit 8.8-176mm F2.8-4.5 ASPH (Panasonic FZ2500,FZ2000,FZH1)
focal_length: 9.14

surfaces:
# radius       thickness    ior      abbe     semi_ap   coating
  91.8240        1.5000       1.90366  31.30    48.400    1
  49.8655        0.0050       1.56732  42.80    45.360    1
  49.8655        7.0500       1.59282  68.60    45.360    1
  3000.0000      0.1500       1.00000  0.00     45.360    0
  50.3677        4.6200       1.59282  68.60    41.640    1
  240.8800       0.8772       1.00000  0.00     41.640    0
  386.9769       1.0476       1.95375  32.30    28.860    1
  15.7808        7.3600       1.00000  0.00     22.740    0
  -27.1060       1.2000       1.80525  40.90    22.300    1
  51.6837        0.3300       1.00000  0.00     22.300    0
  35.3366        3.5900       1.94595  18.00    22.520    1
  -91.2689       41.4217      1.00000  0.00     22.520    0
  stop           25.7230      1.00000  0.00     10.498    0
  14.0940        4.6000       1.77182  49.60    16.700    1
  174.5151       0.5000       1.00000  0.00     16.700    0
  16.3423        5.1200       1.49700  81.60    14.080    1
  -13.4810       0.0050       1.56732  42.80    12.740    1
  -13.4810       0.5000       1.88300  40.80    12.740    1
  11.1441        2.5700       1.00000  0.00     12.740    0
  18.1467        4.0600       1.55024  75.60    13.300    1
  -13.1220       0.0050       1.56732  42.80    13.300    1
  -13.1220       0.5000       1.69895  30.00    13.300    1
  -30.1756       1.5400       1.00000  0.00     13.300    0
  34.1615        1.7600       1.68820  31.10    13.520    1
  149.6990       1.4000       1.00000  0.00     13.520    0
  104.0648       3.3300       1.68820  31.10    12.680    1
  -12.5312       0.0050       1.56732  42.80    12.680    1
  -12.5312       0.5000       1.80420  46.50    12.680    1
  14.9147        2.6253       1.00000  0.00     12.680    0
  27.1679        6.8500       1.80525  40.90    19.160    1
  -18.3077       0.0050       1.56732  42.80    19.160    1
  -18.3077       0.8000       1.92119  24.00    19.160    1
  -81.7079       7.6700       1.00000  0.00     19.200    0
  0              2.3000       1.51680  64.20    16.980    1
  0              0.7000       1.00000  0.00     16.980    0
