# Leica Summilux 50mm F1.4
#
# Patent: US003291553
# Converted from photonstophotos.net Optical Bench data
# 13 surfaces, 7 glass elements, f/1.4

name: Leica Summilux 50mm F1.4
focal_length: 50.00

surfaces:
# radius       thickness    ior      abbe     semi_ap   coating
  39.9900        5.1100       1.79190  47.20    35.750    1
  140.1000       2.8600       1.00000  0.00     35.080    0
  21.0100        5.6200       1.79190  47.20    30.200    1
  43.2000        0.7300       1.00000  0.00     28.380    0
  57.8400        2.3500       1.76850  26.80    28.380    1
  14.3400        5.6200       1.00000  0.00     22.280    0
  stop           5.0100       1.00000  0.00     22.008    0
  -18.4500       1.1600       1.72310  29.30    22.030    1
  -77.2700       3.3800       1.79190  47.20    25.110    1
  -23.9900       0.1000       1.00000  0.00     25.110    0
  94.2300        6.7600       1.74790  44.70    23.910    1
  -14.9700       2.4200       1.72050  48.00    23.910    1
  -47.8300       27.6000      1.00000  0.00     25.850    0
