# Leica Elmarit-R 35mm F2.8
#
# Patent: FR1471493
# Converted from photonstophotos.net Optical Bench data
# 13 surfaces, 7 glass elements, f/2.8

name: Leica Elmarit-R 35mm F2.8
focal_length: 35.00

surfaces:
# radius       thickness    ior      abbe     semi_ap   coating
  39.0250        2.2400       1.48920  69.90    30.440    1
  15.6100        15.3650      1.00000  0.00     23.560    0
  52.1150        10.6050      1.67130  41.60    18.640    1
  -12.8800       1.8550       1.62990  38.80    18.640    1
  -115.2550      0.1050       1.00000  0.00     18.640    0
  23.5900        2.9750       1.62410  60.10    17.780    1
  -609.9800      1.0000       1.00000  0.00     17.780    0
  stop           2.3250       1.00000  0.00     14.930    0
  -39.9350       1.5050       1.70460  34.60    18.640    1
  18.9350        1.9600       1.00000  0.00     17.130    0
  400.9250       1.5050       1.67340  46.90    19.200    1
  12.5300        6.3000       1.69400  54.60    17.880    1
  -20.1250       38.3000      1.00000  0.00     17.880    0
