# Leica Super-Vario-Elmar-SL 16-35mm f/3.5-4.5 Asph
#
# Patent: JP2018-087903
# Converted from photonstophotos.net Optical Bench data
# 33 surfaces, 19 glass elements, f/3.5

name: Leica Super-Vario-Elmar-SL 16-35mm f/3.5-4.5 Asph
focal_length: 16.40

surfaces:
# radius       thickness    ior      abbe     semi_ap   coating
  50.2030        3.0000       1.83481  42.72    47.400    1
  21.2580        8.9550       1.00000  0.00     35.600    0
  102.7630       2.5000       1.58313  59.39    34.740    1
  18.7240        6.1280       1.00000  0.00     29.580    0
  93.0200        5.7860       1.64769  33.84    29.060    1
  -41.5280       2.0000       1.72916  54.67    28.000    1
  29.5740        2.5770       1.00000  0.00     25.640    0
  32.3750        4.0840       1.74077  27.76    26.000    1
  296.3020       24.4770      1.00000  0.00     26.000    0
  -530.7960      2.7660       1.48749  70.44    17.840    1
  -25.5320       1.0000       1.77250  49.62    17.840    1
  -37.3160       8.0550       1.00000  0.00     18.120    0
  stop           2.0000       1.00000  0.00     16.233    0
  25.8290        6.7190       1.48749  70.44    20.460    1
  -66.1950       5.9000       1.00000  0.00     20.460    0
  -29.2650       2.4170       1.76182  26.61    18.180    1
  -19.1230       1.0130       1.91082  35.25    18.180    1
  -540.5320      4.0560       1.00000  0.00     18.740    0
  42.8820        6.2470       1.58313  59.39    19.760    1
  -25.7670       0.1500       1.00000  0.00     19.760    0
  40.4850        9.0260       1.48749  70.44    18.560    1
  -13.1640       1.0350       1.91082  35.25    18.560    1
  -17.9750       0.1500       1.00000  0.00     19.320    0
  -42.4420       1.0070       1.91082  35.25    18.440    1
  17.6170        6.0600       1.51680  64.20    18.440    1
  -41.9080       0.5000       1.00000  0.00     19.220    0
  -171.4180      6.9940       1.92286  20.88    19.860    1
  -13.2950       1.5000       1.91082  35.25    19.860    1
  -42.0040       1.9370       1.00000  0.00     20.420    0
  -20.4430       1.5000       1.91082  35.25    20.500    1
  0              16.5000      1.00000  0.00     22.760    0
  0              1.4000       1.51680  64.20    43.100    1
  0              0.5000       1.00000  0.00     43.100    0
