# Leica APO-Summicron 43mm F2.0 Asph (Q3 43)
#
# Patent: US20240241349
# Converted from photonstophotos.net Optical Bench data
# 25 surfaces, 15 glass elements, f/2.1

name: Leica APO-Summicron 43mm F2.0 Asph (Q3 43)
focal_length: 41.71

surfaces:
# radius       thickness    ior      abbe     semi_ap   coating
  -48.2488       1.5000       1.64769  33.80    29.200    1
  44.7343        0.7288       1.00000  0.00     29.200    0
  37.9720        5.0000       2.00069  25.50    27.410    1
  -131.5072      0.9000       1.00000  0.00     27.410    0
  25.1796        6.6000       1.59282  68.60    21.910    1
  -47.5179       0.0100       1.56732  42.80    20.250    1
  -47.5179       1.1000       1.76182  26.60    20.250    1
  30.7715        2.9914       1.00000  0.00     19.750    0
  54.8186        2.8000       1.58660  59.00    19.170    1
  -129.0571      1.3423       1.00000  0.00     19.170    0
  stop           8.5000       1.00000  0.00     16.802    0
  -34.7967       1.4000       1.68948  31.00    15.910    1
  27.9597        0.0100       1.56732  42.80    17.690    1
  27.9597        4.0000       1.95375  32.30    17.890    1
  -47.7042       2.3984       1.00000  0.00     19.060    0
  -69.0757       3.1000       1.90366  31.30    21.530    1
  -23.3606       0.0100       1.56732  42.80    21.530    1
  -23.3606       1.0000       1.69895  30.10    21.530    1
  306.9478       4.5634       1.00000  0.00     23.980    0
  202.6421       7.1497       1.55332  71.70    29.570    1
  -24.5159       5.2709       1.00000  0.00     29.570    0
  -17.1668       2.0000       1.58660  59.00    31.230    1
  -295.0000      3.6000       1.00000  0.00     35.910    0
  0              1.4000       1.51680  64.20    39.440    1
  0              1.0000       1.00000  0.00     39.440    0
