# Leica Summilux 28mm f1.7 Asph (Leica Q2)
#
# Patent: US20160266350
# Converted from photonstophotos.net Optical Bench data
# 23 surfaces, 12 glass elements, f/1.8

name: Leica Summilux 28mm f1.7 Asph (Leica Q2)
focal_length: 27.08

surfaces:
# radius       thickness    ior      abbe     semi_ap   coating
  -111.9830      1.4000       1.56732  42.80    33.070    1
  20.9441        3.1601       1.00000  0.00     27.320    0
  33.3039        6.1681       1.88100  40.10    27.010    1
  -131.5950      1.6754       1.00000  0.00     25.670    0
  -47.8716       1.0000       1.60342  38.00    24.840    1
  47.8716        1.3489       1.00000  0.00     22.770    0
  23.7727        4.6431       1.59282  68.60    21.590    1
  -76.9617       1.0000       1.00000  0.00     20.580    0
  62.5536        1.8121       1.91082  35.20    17.970    1
  428.7396       2.0000       1.00000  0.00     17.680    0
  stop           6.3788       1.00000  0.00     16.625    0
  -305.3380      2.3735       1.87722  37.00    14.480    1
  -20.3412       0.7000       1.76182  26.60    15.050    1
  -274.0500      3.0255       1.00000  0.00     15.960    0
  -22.7936       0.9000       1.74077  27.80    17.630    1
  55.5503        5.0027       1.88100  40.10    21.590    1
  -29.5541       4.3357       1.00000  0.00     23.130    0
  -1000.0000     5.6900       1.77271  49.70    28.740    1
  -25.6511       5.6658       1.00000  0.00     29.950    0
  -17.7688       2.0000       1.68250  33.00    31.750    1
  -286.7690      2.3000       1.00000  0.00     37.360    0
  0              1.4000       1.51680  64.20    40.370    1
  0              1.0000       1.00000  0.00     40.370    0
