# Leica PA-Curtagon-R 35mm F4
#
# Patent: US003410632
# Converted from photonstophotos.net Optical Bench data
# 14 surfaces, 7 glass elements, f/4.0

name: Leica PA-Curtagon-R 35mm F4
focal_length: 35.00

surfaces:
# radius       thickness    ior      abbe     semi_ap   coating
  73.3110        5.4950       1.62287  60.06    37.900    1
  0              0.1230       1.00000  0.00     37.900    0
  109.8620       2.1980       1.51871  63.96    34.960    1
  13.6750        14.1650      1.00000  0.00     21.960    0
  132.6260       6.1040       1.70586  40.87    14.680    1
  -73.3110       0.1230       1.00000  0.00     14.680    0
  18.9420        6.2270       1.70189  38.38    12.060    1
  18.4420        1.8570       1.00000  0.00     10.660    0
  stop           1.4400       1.00000  0.00     10.393    0
  -33.0330       0.9770       1.70442  34.67    10.880    1
  15.6800        4.2740       1.62287  60.06    12.060    1
  -22.1520       0.1230       1.00000  0.00     12.060    0
  -106.0010      2.4430       1.69660  53.18    11.160    1
  -28.1120       43.4000      1.00000  0.00     13.680    0
