# Leica Summilux-SL 50 f/1.4 ASPH
#
# Patent: EP3136147
# Converted from photonstophotos.net Optical Bench data
# 23 surfaces, 12 glass elements, f/1.4

name: Leica Summilux-SL 50 f/1.4 ASPH
focal_length: 51.96

surfaces:
# radius       thickness    ior      abbe     semi_ap   coating
  130.9050       2.4000       1.51680  64.17    51.650    1
  42.9940        17.1420      1.00000  0.00     46.980    0
  -37.0640       2.2770       1.74077  27.76    45.900    1
  60.4590        15.1820      1.69680  55.46    53.510    1
  -49.3180       0.3000       1.00000  0.00     53.510    0
  65.8540        9.2370       1.92286  20.88    56.010    1
  -226.8220      0.3000       1.00000  0.00     56.010    0
  33.8130        14.8730      1.59282  68.62    47.620    1
  -90.8940       3.9360       1.72825  28.32    45.160    1
  23.6900        9.9010       1.00000  0.00     33.200    0
  stop           10.9890      1.00000  0.00     31.431    0
  42.0440        2.6220       1.83481  42.72    27.990    1
  100.8050       5.3630       1.00000  0.00     27.990    0
  -38.5540       1.3000       1.76182  26.61    25.530    1
  79.6450        1.8490       1.00000  0.00     25.530    0
  100.6090       6.9140       1.73077  40.51    31.910    1
  -32.6640       3.4910       1.00000  0.00     31.910    0
  -73.6450       1.9000       1.69895  30.05    34.570    1
  98.0010        1.5000       1.00000  0.00     36.590    0
  69.8490        6.5260       1.80860  40.42    38.570    1
  -86.4320       21.7900      1.00000  0.00     38.570    0
  0              1.4100       1.51680  64.20    54.020    1
  0              0.8000       1.00000  0.00     54.020    0
