# Leica Elmarit-R 28mm F2.8
#
# Patent: US003740120
# Converted from photonstophotos.net Optical Bench data
# 17 surfaces, 8 glass elements, f/2.8

name: Leica Elmarit-R 28mm F2.8
focal_length: 28.00

surfaces:
# radius       thickness    ior      abbe     semi_ap   coating
  31.2704        2.6264       1.48914  70.22    35.380    1
  18.2056        6.4960       1.00000  0.00     27.700    0
  70.3752        2.9764       1.67133  41.64    27.540    1
  -144.9868      0.1008       1.00000  0.00     27.540    0
  75.3648        1.8452       1.48914  70.22    23.600    1
  12.2808        9.3240       1.00000  0.00     16.600    0
  22.5820        6.9972       1.67341  46.82    15.580    1
  36.7584        2.0930       1.00000  0.00     15.580    0
  stop           0.9142       1.00000  0.00     13.502    0
  60.0908        3.7604       1.69401  54.48    15.580    1
  -45.1836       2.9484       1.00000  0.00     15.580    0
  -32.0208       1.1032       1.79180  25.87    16.940    1
  44.9736        1.6044       1.00000  0.00     16.510    0
  -41.1516       2.2064       1.69401  54.48    16.510    1
  -20.3980       0.1008       1.00000  0.00     17.640    0
  117.3928       2.9988       1.69401  54.48    21.220    1
  -27.4904       38.4440      1.00000  0.00     21.220    0
