# Leica APO-Telyt-R 280mm F2.8
#
# Patent: US005388006
# Converted from photonstophotos.net Optical Bench data
# 16 surfaces, 8 glass elements, f/2.8

name: Leica APO-Telyt-R 280mm F2.8
focal_length: 279.25

surfaces:
# radius       thickness    ior      abbe     semi_ap   coating
  145.5750       17.5000      1.48747  81.41    110.440   1
  -253.9840      22.3400      1.00000  0.00     110.440   0
  -171.5520      7.0000       1.61669  44.07    97.660    1
  342.0120       1.4000       1.00000  0.00     92.610    0
  145.5750       8.0000       1.48747  81.41    92.330    1
  622.6930       104.0000     1.00000  0.00     92.330    0
  73.5180        12.7500      1.55413  66.66    55.640    1
  -73.5180       4.0000       1.69030  42.62    55.640    1
  -831.4000      5.0000       1.00000  0.00     52.630    0
  201.0340       4.0000       1.61669  44.07    48.130    1
  70.3650        10.4000      1.00000  0.00     44.180    0
  -154.3150      5.8000       1.79180  25.87    38.790    1
  -72.3860       7.2000       1.00000  0.00     42.650    0
  stop           9.5500       1.00000  0.00     31.487    0
  -49.5630       4.0000       1.65391  55.62    26.450    1
  -181.8670      69.2900      1.00000  0.00     32.450    0
