# Leica DC Vario-Summilux 4.7-17.7mm F1.4-2.3 (Panasonic LX7)
#
# Patent: US20150124127
# Converted from photonstophotos.net Optical Bench data
# 25 surfaces, 13 glass elements, f/1.5

name: Leica DC Vario-Summilux 4.7-17.7mm F1.4-2.3 (Panasonic LX7)
focal_length: 4.89

surfaces:
# radius       thickness    ior      abbe     semi_ap   coating
  113.4453       1.9000       1.83481  42.70    26.920    1
  -297.1745      0.3000       1.00000  0.00     26.920    0
  111.9870       1.0000       1.80500  41.00    21.560    1
  8.9938         5.6842       1.00000  0.00     16.740    0
  -29.3648       0.5000       1.59282  68.60    16.740    1
  69.2114        0.1000       1.00000  0.00     16.740    0
  23.4562        1.7300       2.00272  19.30    17.020    1
  87.7088        26.2611      1.00000  0.00     17.020    0
  12.0350        2.5200       1.60602  57.40    12.140    1
  -125.1544      1.7359       1.00000  0.00     12.140    0
  9.5288         1.8800       1.77250  49.60    10.360    1
  56.2842        0.0100       1.56732  42.80    10.040    1
  56.2842        0.3000       1.74077  27.80    10.040    1
  6.9253         2.8600       1.00000  0.00     8.920     0
  stop           1.7000       1.00000  0.00     7.636     0
  -11.5030       0.4000       1.72825  28.30    8.320     1
  -35.5078       0.1000       1.00000  0.00     9.240     0
  18.9644        2.6223       1.55189  71.50    10.080    1
  -10.3964       2.7795       1.00000  0.00     10.080    0
  16.1873        1.4700       1.68400  31.30    10.400    1
  152.0174       4.4190       1.00000  0.00     10.400    0
  -14.5416       0.6000       1.63550  23.90    8.360     1
  -50.7667       0.4000       1.00000  0.00     9.240     0
  0              0.9000       1.51680  64.20    9.360     1
  0              0.6270       1.00000  0.00     9.360     0
