# Leica Elcan 50mm F2
#
# Patent: US003649104
# Converted from photonstophotos.net Optical Bench data
# 9 surfaces, 4 glass elements, f/2.0

name: Leica Elcan 50mm F2
focal_length: 50.00

surfaces:
# radius       thickness    ior      abbe     semi_ap   coating
  18.9410        5.1888       1.69400  54.50    26.710    1
  95.1681        0.0961       1.00000  0.00     26.710    0
  16.0699        2.9787       1.67340  46.80    22.340    1
  24.9725        1.6335       1.00000  0.00     19.730    0
  100.2407       0.7687       1.74710  27.40    19.980    1
  11.7132        5.5591       1.00000  0.00     17.190    0
  stop           5.3950       1.00000  0.00     15.802    0
  47.6244        5.7653       1.75460  34.70    20.580    1
  -212.1935      25.2537      1.00000  0.00     20.580    0
