# Leica DC Vario-Elmarit 4.5-108mm F2.8 (Panasonic FZ300)
#
# Patent: US20150103211
# Converted from photonstophotos.net Optical Bench data
# 31 surfaces, 18 glass elements, f/2.9

name: Leica DC Vario-Elmarit 4.5-108mm F2.8 (Panasonic FZ300)
focal_length: 4.64

surfaces:
# radius       thickness    ior      abbe     semi_ap   coating
  80.3864        1.4000       1.84666  23.80    41.200    1
  53.0873        0.0100       1.56732  42.80    40.520    1
  53.0873        5.9157       1.49700  81.60    40.520    1
  -427.7536      0.1500       1.00000  0.00     40.520    0
  47.3115        3.5449       1.59282  68.60    39.330    1
  127.1777       0.5000       1.00000  0.00     39.330    0
  1000.0000      0.7000       1.88202  37.20    20.270    1
  12.3851        4.5810       1.00000  0.00     15.980    0
  -28.3905       0.5500       1.77250  49.60    15.250    1
  12.3607        0.0100       1.56732  42.80    14.850    1
  12.3607        3.6797       1.92286  20.90    14.850    1
  -51.9617       1.2698       1.00000  0.00     14.850    0
  -17.7500       0.5500       1.84666  23.80    14.270    1
  -36.3481       32.7666      1.00000  0.00     14.270    0
  stop           1.0000       1.00000  0.00     6.397     0
  14.0910        2.6306       1.58332  59.10    14.080    1
  73.1970        2.4431       1.00000  0.00     14.080    0
  14.3186        4.2000       1.48749  70.40    13.770    1
  -14.3186       0.0100       1.56732  42.80    13.680    1
  -14.3186       0.8000       1.64769  33.80    13.680    1
  14.3186        2.0317       1.00000  0.00     12.800    0
  14.0569        3.8069       1.51776  69.90    13.570    1
  -20.2282       1.5008       1.00000  0.00     13.570    0
  90.8839        0.9956       1.49700  81.60    11.090    1
  14.5013        4.7802       1.00000  0.00     11.090    0
  10.7551        3.3000       1.51776  69.90    11.720    1
  -15.5641       2.6840       1.00000  0.00     11.720    0
  -11.5520       0.8736       1.54410  56.10    10.480    1
  20.7491        1.0000       1.00000  0.00     10.480    0
  0              0.7800       1.51680  64.20    9.850     1
  0              0.8642       1.00000  0.00     9.850     0
