# Leica Summilux-TL 35mm F1.4 Asph
#
# Patent: EP3029504
# Converted from photonstophotos.net Optical Bench data
# 23 surfaces, 13 glass elements, f/1.4

name: Leica Summilux-TL 35mm F1.4 Asph
focal_length: 34.40

surfaces:
# radius       thickness    ior      abbe     semi_ap   coating
  77.9250        2.7800       1.83400  37.35    34.016    1
  84.5020        0.5000       1.00000  0.00     32.418    0
  39.7210        4.3700       1.92290  20.88    30.652    1
  197.4300       1.6000       1.51740  52.15    29.074    1
  17.8100        4.8100       1.00000  0.00     23.200    0
  29.8470        6.2300       1.83480  42.72    21.600    1
  -34.0440       1.3000       1.75520  27.53    20.868    1
  25.5310        4.3300       1.00000  0.00     19.444    0
  stop           5.3200       1.00000  0.00     19.690    0
  -18.4680       1.3000       1.68890  31.16    19.938    1
  29.9080        6.8900       1.72920  54.67    23.672    1
  -35.3570       0.4000       1.00000  0.00     24.820    0
  55.6110        6.5600       1.74320  49.30    26.400    1
  -33.4210       2.2900       1.00000  0.00     26.646    0
  2000.0000      1.8000       1.74320  49.30    23.324    1
  51.2690        12.1200      1.00000  0.00     22.200    0
  204.3700       4.8400       1.88100  40.14    28.626    1
  -52.7900       0.2100       1.00000  0.00     29.200    0
  47.5330        5.1800       1.83480  42.72    29.364    1
  -88.4880       1.5000       1.64770  33.84    28.916    1
  30.5860        18.1300      1.00000  0.00     26.928    0
  0              1.5000       1.51680  64.20    32.000    1
  0              0.8000       1.00000  0.00     32.000    0
