# Leica Summilux C 100mm T1.4
#
# Patent: US008508864
# Converted from photonstophotos.net Optical Bench data
# 26 surfaces, 14 glass elements

name: Leica Summilux C 100mm T1.4
focal_length: 100.00

surfaces:
# radius       thickness    ior      abbe     semi_ap   coating
  0              3.0000       1.51630  64.15    74.840    1
  0              2.0000       1.00000  0.00     74.280    0
  74.5310        13.2350      1.49700  81.61    71.160    1
  -406.5650      0.1000       1.00000  0.00     70.180    0
  46.5530        15.2450      1.74400  44.79    61.700    1
  -503.6890      3.5970       1.61340  44.27    58.820    1
  29.3240        13.9130      1.00000  0.00     42.200    0
  -54.1830       1.9220       1.61340  44.27    41.980    1
  62.3580        6.7090       1.00000  0.00     41.940    0
  -79.6640       10.0130      1.76200  40.10    42.060    1
  -27.8300       2.2320       1.72050  34.71    43.320    1
  -790.1190      1.8100       1.00000  0.00     49.060    0
  126.0830       13.3870      1.49700  81.61    52.640    1
  -48.5900       14.2000      1.00000  0.00     53.520    0
  stop           0.9000       1.00000  0.00     51.580    0
  46.7220        8.3770       1.43870  94.96    50.540    1
  272.2990       0.1000       1.00000  0.00     49.600    0
  45.6820        5.4990       1.80810  22.76    46.460    1
  43.5940        9.4420       1.00000  0.00     42.520    0
  -63.9530       5.3990       1.43870  94.96    42.340    1
  -35.8350       3.4960       1.72050  34.71    41.920    1
  154.8660       1.7580       1.00000  0.00     43.040    0
  128.7740       3.4270       1.80810  22.76    43.980    1
  488.1340       0.1000       1.00000  0.00     44.300    0
  256.7240       8.5880       1.80400  46.58    44.520    1
  -48.8400       44.8000      1.00000  0.00     44.800    0
