# Leica DC Vario-Summilux 10.9-34mm F1.7-2.8 ASPH (Panasonic LX100M2)
#
# Patent: US20160054550
# Converted from photonstophotos.net Optical Bench data
# 25 surfaces, 15 glass elements, f/1.8

name: Leica DC Vario-Summilux 10.9-34mm F1.7-2.8 ASPH (Panasonic LX100M2)
focal_length: 11.26

surfaces:
# radius       thickness    ior      abbe     semi_ap   coating
  40.7214        4.2249       1.59282  68.60    30.400    1
  -1385.6544     0.7165       1.00000  0.00     30.400    0
  -112.9266      1.1000       1.80500  41.00    22.920    1
  13.1195        13.7558      1.00000  0.00     18.360    0
  -42.5513       0.5000       1.80518  25.50    11.720    1
  27.4462        0.0100       1.56732  42.80    11.720    1
  27.4462        2.0764       1.91082  35.30    11.720    1
  -27.4462       1.3010       1.00000  0.00     11.720    0
  -25.4603       0.5000       1.68826  31.10    11.660    1
  -69.4222       1.6811       1.00000  0.00     11.660    0
  -19.5955       0.5000       1.58332  59.30    12.580    1
  121.9154       0.0100       1.56732  42.80    12.580    1
  121.9154       1.9221       2.00272  19.30    12.580    1
  -29.9134       0.5100       1.00000  0.00     13.060    0
  stop           11.4515      1.00000  0.00     13.099    0
  18.8036        6.0000       1.55343  71.50    17.440    1
  -24.3593       0.1500       1.00000  0.00     17.440    0
  24.7292        3.5866       1.77250  49.60    17.040    1
  -41.5809       0.0100       1.56732  42.80    17.040    1
  -41.5809       0.9796       1.84666  23.80    17.040    1
  13.9152        5.0978       1.00000  0.00     16.320    0
  19.6390        4.6295       1.55343  71.50    23.260    1
  9746.5098      12.6772      1.00000  0.00     23.260    0
  0              1.1000       1.51680  64.20    20.200    1
  0              0.8218       1.00000  0.00     20.200    0
