# Leica Super-Vario-Elmar-TL 11-23mm F3.5-4.5 Asph
#
# Patent: JP2016-133764
# Converted from photonstophotos.net Optical Bench data
# 29 surfaces, 17 glass elements, f/3.6

name: Leica Super-Vario-Elmar-TL 11-23mm F3.5-4.5 Asph
focal_length: 11.30

surfaces:
# radius       thickness    ior      abbe     semi_ap   coating
  46.3600        2.4560       1.72916  54.67    43.690    1
  16.7110        5.2620       1.00000  0.00     30.610    0
  34.5110        2.1330       1.80866  40.41    30.520    1
  14.6050        12.7640      1.00000  0.00     26.140    0
  24.2340        3.5640       1.69895  30.05    22.020    1
  253.6350       1.0570       1.00000  0.00     21.250    0
  -75.4360       1.0000       1.49700  81.61    21.250    1
  31.7330        27.2930      1.00000  0.00     19.120    0
  stop           2.0470       1.00000  0.00     11.071    0
  18.0670        2.2340       1.59551  39.24    11.790    1
  75.4200        3.9260       1.00000  0.00     11.790    0
  15.5610        0.7030       1.91082  35.25    11.420    1
  9.3100         0.0100       1.51400  42.84    11.050    1
  9.3100         4.1280       1.49700  81.61    11.050    1
  -29.7170       1.4350       1.00000  0.00     11.050    0
  -15.0760       0.7000       1.91082  35.25    11.000    1
  1416.6450      0.6770       1.00000  0.00     11.550    0
  41.6380        3.4700       1.49700  81.61    12.330    1
  -16.2710       0.8070       1.00000  0.00     12.740    0
  170.3910       2.9650       1.58313  59.38    13.270    1
  -24.4160       1.5000       1.00000  0.00     13.640    0
  110.6150       2.6280       1.84666  23.78    13.730    1
  -16.2900       0.0100       1.51400  42.84    13.730    1
  -16.2900       0.7000       1.77250  49.62    13.730    1
  17.8970        3.4760       1.00000  0.00     13.360    0
  55.8410        4.7360       1.61800  63.39    14.820    1
  -11.0340       0.0100       1.51400  42.84    15.090    1
  -11.0340       0.8000       1.90366  31.31    15.090    1
  -161.5640      15.5410      1.00000  0.00     16.590    0
