# Leica Summilux 35mm F1.4
#
# Patent: FR1233449
# Converted from photonstophotos.net Optical Bench data
# 13 surfaces, 7 glass elements, f/1.4

name: Leica Summilux 35mm F1.4
focal_length: 35.00

surfaces:
# radius       thickness    ior      abbe     semi_ap   coating
  29.4598        3.5000       1.72341  50.10    30.820    1
  89.9115        0.0210       1.00000  0.00     30.820    0
  13.4470        4.5395       1.78990  48.00    22.210    1
  30.2365        1.3090       1.70444  29.84    22.210    1
  8.9320         6.2690       1.00000  0.00     15.920    0
  stop           1.8125       1.00000  0.00     15.232    0
  -56.2695       1.9390       1.78990  48.00    15.740    1
  -30.2365       1.7290       1.00000  0.00     15.120    0
  -12.0680       1.3090       1.76167  27.34    15.120    1
  -47.9990       4.5990       1.78990  48.00    22.090    1
  -16.0125       0.5985       1.00000  0.00     22.090    0
  -700.0000      4.7985       1.72056  47.69    28.970    1
  -29.4595       19.1415      1.00000  0.00     28.970    0
