# Leica Summilux-M 50mm F1.4
#
# Patent: DE01045120
# Converted from photonstophotos.net Optical Bench data
# 13 surfaces, 7 glass elements, f/1.4

name: Leica Summilux-M 50mm F1.4
focal_length: 50.00

surfaces:
# radius       thickness    ior      abbe     semi_ap   coating
  46.5310        6.1250       1.79128  47.40    35.840    1
  209.4575       1.2500       1.00000  0.00     35.840    0
  21.1635        7.3750       1.64515  57.80    31.880    1
  75.0470        2.7980       1.69416  30.90    31.880    1
  15.0010        5.6630       1.00000  0.00     22.140    0
  stop           4.4620       1.00000  0.00     21.757    0
  -19.3885       2.0290       1.67158  32.90    21.300    1
  40.8155        7.6250       1.74793  44.70    24.490    1
  -29.4425       0.2500       1.00000  0.00     24.490    0
  291.5940       3.3750       1.79128  47.40    27.260    1
  -88.2500       0.2500       1.00000  0.00     27.260    0
  150.1230       2.5480       1.79128  47.40    29.320    1
  -200.4125      27.2100      1.00000  0.00     29.320    0
