# Leica Summicron-C 40mm F2
#
# Patent: DE02222892
# Converted from photonstophotos.net Optical Bench data
# 11 surfaces, 6 glass elements, f/2.0

name: Leica Summicron-C 40mm F2
focal_length: 40.00

surfaces:
# radius       thickness    ior      abbe     semi_ap   coating
  23.9976        2.8000       1.79227  47.15    23.100    1
  54.3276        0.0300       1.00000  0.00     23.100    0
  12.9932        3.7000       1.79227  47.15    18.880    1
  25.7724        1.3100       1.76167  27.37    18.880    1
  9.1196         5.2800       1.00000  0.00     13.730    0
  stop           4.3400       1.00000  0.00     13.074    0
  -12.7992       1.4100       1.64062  35.09    12.750    1
  -26.2424       1.9000       1.69401  54.48    18.330    1
  -17.9808       0.0300       1.00000  0.00     18.330    0
  -7914.4800     3.8000       1.64304  59.85    22.070    1
  -22.8904       24.1300      1.00000  0.00     22.070    0
