# Leica Macro-Elmarit-R 60mm F2.8
#
# Patent: US003552833
# Converted from photonstophotos.net Optical Bench data
# 12 surfaces, 6 glass elements, f/2.8

name: Leica Macro-Elmarit-R 60mm F2.8
focal_length: 60.00

surfaces:
# radius       thickness    ior      abbe     semi_ap   coating
  38.2380        3.6000       1.74795  44.50    29.240    1
  77.9700        2.3400       1.00000  0.00     29.240    0
  17.3700        6.1740       1.69282  49.60    23.900    1
  69.1260        2.0340       1.67764  32.00    23.900    1
  11.5680        5.4650       1.00000  0.00     14.580    0
  stop           7.9390       1.00000  0.00     14.168    0
  -12.1200       2.1540       1.74070  26.20    14.820    1
  -17.1180       0.1680       1.00000  0.00     19.640    0
  -68.5680       2.5920       1.62287  60.10    21.160    1
  -26.6040       0.1680       1.00000  0.00     21.160    0
  -35.8260       2.6400       1.61521  58.40    22.480    1
  -19.4220       41.0280      1.00000  0.00     22.480    0
