# Leica Super-Angulon-R 21mm F4
#
# Patent: US003512874
# Converted from photonstophotos.net Optical Bench data
# 19 surfaces, 10 glass elements, f/4.0

name: Leica Super-Angulon-R 21mm F4
focal_length: 21.00

surfaces:
# radius       thickness    ior      abbe     semi_ap   coating
  59.9151        5.8128       1.52736  64.31    50.780    1
  186.3645       0.0966       1.00000  0.00     50.780    0
  29.0577        2.1315       1.62287  60.06    34.410    1
  15.1242        5.8128       1.00000  0.00     25.800    0
  30.8490        1.7430       1.66104  57.08    23.270    1
  10.1535        5.3298       1.00000  0.00     17.150    0
  0              6.7830       1.62287  60.06    16.600    1
  17.1192        4.2630       1.53530  45.67    16.600    1
  -57.7164       0.1932       1.00000  0.00     16.600    0
  23.5347        3.8934       1.61114  45.92    10.850    1
  -72.7545       5.6196       1.53430  48.66    10.850    1
  -21.1512       1.6064       1.00000  0.00     10.850    0
  stop           1.3000       1.00000  0.00     8.712     0
  -15.1725       1.0668       1.74618  27.97    8.600     1
  45.4692        0.6783       1.00000  0.00     9.600     0
  -54.5391       1.9383       1.62287  60.06    9.960     1
  -13.8453       0.0966       1.00000  0.00     12.900    0
  0              1.9383       1.59142  61.03    13.360    1
  -20.5317       36.5232      1.00000  0.00     13.360    0
