# Mamiya AF APO 300mm f4.5 IF
#
# Patent: JP1998-206729
# Converted from photonstophotos.net Optical Bench data
# 17 surfaces, 8 glass elements, f/4.6

name: Mamiya AF APO 300mm f4.5 IF
focal_length: 299.52

surfaces:
# radius       thickness    ior      abbe     semi_ap   coating
  128.1060       7.6920       1.48800  70.20    65.520    1
  0              0.5130       1.00000  0.00     65.520    0
  93.0930        8.2050       1.49700  81.60    63.200    1
  865.4550       1.4040       1.00000  0.00     63.200    0
  1014.5070      3.5910       1.61300  44.30    61.280    1
  60.4020        3.0780       1.00000  0.00     56.730    0
  65.1120        8.7180       1.49700  81.60    58.280    1
  336.4440       25.3140      1.00000  0.00     58.280    0
  -975.2460      3.0780       1.54000  59.50    47.960    1
  70.1970        6.3690       1.00000  0.00     45.840    0
  82.6950        4.1040       1.76200  26.50    46.720    1
  120.6930       46.0640      1.00000  0.00     45.290    0
  stop           15.4570      1.00000  0.00     40.402    0
  215.7090       5.1300       1.48800  70.20    39.480    1
  -95.2260       40.2900      1.00000  0.00     39.480    0
  -68.1180       3.0780       1.71300  53.90    32.160    1
  -335.4390      95.3900      1.00000  0.00     33.740    0
