# Mamiya RZ67 250mm f4.5 APO
#
# Patent: JP1999-052234
# Converted from photonstophotos.net Optical Bench data
# 13 surfaces, 7 glass elements, f/4.5

name: Mamiya RZ67 250mm f4.5 APO
focal_length: 250.00

surfaces:
# radius       thickness    ior      abbe     semi_ap   coating
  135.4250       7.1500       1.48750  70.21    63.010    1
  210.9000       0.5000       1.00000  0.00     63.010    0
  86.4250        10.2000      1.45590  90.31    60.400    1
  1562.8500      0.5000       1.00000  0.00     60.400    0
  80.0000        10.2000      1.45590  90.31    53.610    1
  423.6500       2.8750       1.00000  0.00     53.610    0
  -2662.9500     13.1750      1.65020  39.39    47.000    1
  -104.5750      18.4750      1.61340  43.84    47.000    1
  45.8750        22.6400      1.00000  0.00     34.170    0
  stop           12.7600      1.00000  0.00     31.248    0
  -326.2500      13.0500      1.60340  38.01    31.120    1
  88.9500        10.2000      1.80610  40.95    36.170    1
  -300.8000      125.3300     1.00000  0.00     36.170    0
