# Mamiya-Sekor Macro C 80mm f4
#
# Patent: JP1978-087728
# Converted from photonstophotos.net Optical Bench data
# 11 surfaces, 6 glass elements, f/4.0

name: Mamiya-Sekor Macro C 80mm f4
focal_length: 80.12

surfaces:
# radius       thickness    ior      abbe     semi_ap   coating
  26.0000        6.9300       1.72000  50.20    27.400    1
  658.4000       3.0000       1.57501  41.50    27.400    1
  17.5000        1.9300       1.00000  0.00     16.520    0
  31.8900        6.7600       1.62041  60.30    20.240    1
  45.9200        3.1600       1.00000  0.00     20.240    0
  stop           6.2200       1.00000  0.00     14.937    0
  -16.9500       4.3500       1.69895  30.10    14.500    1
  -20.3550       0.5000       1.00000  0.00     19.800    0
  -100.6000      7.5500       1.72000  50.20    21.350    1
  -18.2160       2.4000       1.67270  32.10    27.140    1
  -40.7810       62.7000      1.00000  0.00     27.140    0
