# Mamiya-Sekor CS 35mm f2.8
#
# Patent: JP1978-066222
# Converted from photonstophotos.net Optical Bench data
# 13 surfaces, 6 glass elements, f/2.8

name: Mamiya-Sekor CS 35mm f2.8
focal_length: 35.00

surfaces:
# radius       thickness    ior      abbe     semi_ap   coating
  38.3946        1.6622       1.48749  70.10    28.750    1
  14.0489        13.2223      1.00000  0.00     23.480    0
  23.5451        10.9837      1.69680  55.50    17.800    1
  -36.3296       0.9002       1.00000  0.00     17.800    0
  -42.8571       1.4665       1.48749  70.10    16.750    1
  -141.2743      0.6542       1.00000  0.00     14.720    0
  stop           2.9700       1.00000  0.00     14.109    0
  -21.0059       1.1732       1.75520  27.50    14.790    1
  43.2612        1.1242       1.00000  0.00     13.337    0
  -36.9260       2.5421       1.74400  44.80    13.337    1
  -15.3980       0.0977       1.00000  0.00     14.790    0
  49.4106        1.8575       1.71300  53.40    14.760    1
  -164.7968      37.4500      1.00000  0.00     14.760    0
