# Mamiya 55mm f2.8N
#
# Patent: JP1979-107336
# Converted from photonstophotos.net Optical Bench data
# 15 surfaces, 8 glass elements, f/2.8

name: Mamiya 55mm f2.8N
focal_length: 55.00

surfaces:
# radius       thickness    ior      abbe     semi_ap   coating
  41.0670        2.5000       1.51633  64.10    41.940    1
  18.0920        15.9830      1.00000  0.00     32.910    0
  -1933.2500     5.4020       1.58144  40.70    30.040    1
  -104.3050      0.2000       1.00000  0.00     30.040    0
  35.7070        8.0590       1.77250  49.60    26.930    1
  -25.8160       5.0200       1.56732  42.80    26.930    1
  28.7750        6.5200       1.00000  0.00     23.060    0
  stop           2.7830       1.00000  0.00     21.100    0
  -68.9010       3.0000       1.69350  53.20    21.880    1
  -28.5690       1.2000       1.00000  0.00     21.880    0
  -18.8230       1.5000       1.72342  38.00    20.980    1
  96.8850        5.5000       1.51633  64.10    24.030    1
  -22.7960       0.2000       1.00000  0.00     24.030    0
  -127.0340      3.5000       1.69350  53.20    27.970    1
  -40.7960       60.7800      1.00000  0.00     27.970    0
