# Mamiya Sekor D AF 150mm f2.8
#
# Patent: JP2001-183581
# Converted from photonstophotos.net Optical Bench data
# 16 surfaces, 8 glass elements, f/2.9

name: Mamiya Sekor D AF 150mm f2.8
focal_length: 150.00

surfaces:
# radius       thickness    ior      abbe     semi_ap   coating
  61.3371        9.1040       1.49700  81.61    59.920    1
  341.9175       0.5060       1.00000  0.00     59.920    0
  50.8496        9.1040       1.61800  63.33    52.580    1
  98.0760        5.1390       1.00000  0.00     46.020    0
  146.8841       2.8320       1.61340  44.27    43.640    1
  36.0317        29.3340      1.00000  0.00     39.160    0
  81.0042        4.0460       1.61800  63.33    34.900    1
  162.6234       3.8340       1.00000  0.00     34.900    0
  stop           5.5740       1.00000  0.00     31.745    0
  -48.1418       2.0240       1.72047  34.73    33.080    1
  157.6470       2.1240       1.00000  0.00     33.080    0
  -111.3491      2.0990       1.60342  38.03    35.080    1
  72.6783        6.6770       1.80610  40.34    35.080    1
  -50.5289       7.5870       1.00000  0.00     35.700    0
  188.7405       4.9560       1.77250  49.60    37.740    1
  -434.0265      87.4500      1.00000  0.00     37.740    0
