# Phase One Schneider Kreuznach 28mm LS f4.5
#
# Patent: JP2006-300972
# Converted from photonstophotos.net Optical Bench data
# 25 surfaces, 14 glass elements, f/4.6

name: Phase One Schneider Kreuznach 28mm LS f4.5
focal_length: 28.50

surfaces:
# radius       thickness    ior      abbe     semi_ap   coating
  70.1132        4.5000       1.83481  42.70    70.730    1
  42.0674        6.2028       1.00000  0.00     58.600    0
  125.0000       7.5000       1.43875  90.90    55.410    1
  24.4604        5.9466       1.00000  0.00     38.820    0
  31.9807        2.5000       1.83481  42.70    36.180    1
  20.7169        11.9233      1.00000  0.00     30.860    0
  -33.2248       3.5837       1.80809  22.60    29.770    1
  -52.0263       0.2000       1.00000  0.00     29.770    0
  61.2174        9.5000       1.76182  26.50    28.040    1
  -22.6518       3.0000       1.80518  25.40    26.410    1
  -68.9778       6.1340       1.00000  0.00     26.410    0
  21.3742        3.1411       1.56732  42.70    14.730    1
  138.0333       1.5000       1.78800  47.40    13.890    1
  16.3238        8.5441       1.00000  0.00     12.890    0
  stop           2.2231       1.00000  0.00     14.203    0
  26.4457        8.6559       1.48749  70.10    15.660    1
  -32.6615       4.8124       1.00000  0.00     15.660    0
  -23.4942       3.6149       1.83481  42.70    16.310    1
  39.9581        7.7691       1.57099  50.70    20.360    1
  -20.7671       0.2000       1.00000  0.00     23.260    0
  -349.8608      5.0032       1.43875  90.90    27.060    1
  -31.5101       0.2000       1.00000  0.00     27.060    0
  0              9.0264       1.48749  70.10    29.100    1
  -20.5898       2.0000       1.83481  42.70    29.100    1
  -67.0226       63.9200      1.00000  0.00     32.370    0
