# Mamiya 210mm f8
#
# Patent: JP2000-028919
# Converted from photonstophotos.net Optical Bench data
# 13 surfaces, 7 glass elements, f/8.2

name: Mamiya 210mm f8
focal_length: 210.13

surfaces:
# radius       thickness    ior      abbe     semi_ap   coating
  52.9370        5.3100       1.48750  70.20    34.400    1
  996.2820       0.5000       1.00000  0.00     33.340    0
  45.3290        5.1300       1.49700  81.60    30.620    1
  -664.9230      2.2900       1.75700  47.80    30.620    1
  53.1110        27.1000      1.00000  0.00     27.960    0
  stop           29.4500      1.00000  0.00     18.072    0
  -876.8970      4.0700       1.69890  30.10    30.610    1
  -122.6550      10.1600      1.00000  0.00     30.610    0
  -38.2180       3.6500       1.60310  60.60    36.760    1
  73.9200        6.6200       1.77250  49.60    38.480    1
  -101.5120      3.0500       1.00000  0.00     38.480    0
  -68.6910       6.8000       1.76180  26.50    40.700    1
  -113.3220      73.6800      1.00000  0.00     43.140    0
