# Mamiya-Sekor Zoom E 28-50mm f3.5-4.5
#
# Patent: JP1981-119109
# Converted from photonstophotos.net Optical Bench data
# 18 surfaces, 9 glass elements, f/3.5

name: Mamiya-Sekor Zoom E 28-50mm f3.5-4.5
focal_length: 28.00

surfaces:
# radius       thickness    ior      abbe     semi_ap   coating
  212.1084       2.9400       1.56883  56.20    37.020    1
  -212.1084      0.1960       1.00000  0.00     37.020    0
  131.6084       1.9600       1.72000  50.20    32.040    1
  17.5364        9.5872       1.00000  0.00     24.720    0
  92.8536        1.4700       1.51823  59.00    22.880    1
  27.9020        0.5096       1.00000  0.00     22.040    0
  22.4952        3.2340       1.67270  32.10    20.960    1
  53.3400        22.2380      1.00000  0.00     20.240    0
  stop           0.4000       1.00000  0.00     14.966    0
  35.0784        2.5480       1.77250  49.60    17.380    1
  -81.6256       0.1960       1.00000  0.00     17.380    0
  21.3220        4.2560       1.56883  56.20    14.760    1
  -22.5708       1.7556       1.72342  38.00    14.760    1
  24.6008        5.5104       1.00000  0.00     13.900    0
  78.9936        1.4700       1.75520  27.50    16.340    1
  23.1560        1.2852       1.00000  0.00     16.340    0
  166.6084       2.9400       1.77250  49.60    18.080    1
  -31.7576       37.7160      1.00000  0.00     18.080    0
