# Nikon Medical-Nikkor 120mm f/4 IF
#
# Patent: US004437734
# Converted from photonstophotos.net Optical Bench data
# 16 surfaces, 9 glass elements, f/4.0

name: Nikon Medical-Nikkor 120mm f/4 IF
focal_length: 121.17

surfaces:
# radius       thickness    ior      abbe     semi_ap   coating
  161.5300       1.5000       1.80518  25.50    46.350    1
  43.2840        10.0000      1.71300  53.90    46.350    1
  -181.6540      0.2000       1.00000  0.00     46.350    0
  73.8610        5.5000       1.71300  53.90    46.350    1
  -1704.5950     0.9250       1.00000  0.00     46.350    0
  -108.2430      4.7000       1.78470  26.10    29.160    1
  -34.6310       2.3000       1.69680  55.60    29.160    1
  49.6710        34.6080      1.00000  0.00     26.750    0
  stop           1.8000       1.00000  0.00     26.414    0
  26.3500        13.6000      1.71300  53.90    27.800    1
  250.0000       2.9000       1.72342  38.00    27.800    1
  27.0450        25.7000      1.00000  0.00     24.000    0
  -15.8840       2.4000       1.78470  26.10    22.940    1
  -21.0770       0.1000       1.00000  0.00     25.460    0
  70.7000        4.7000       1.62280  56.70    29.900    1
  -123.4140      58.7980      1.00000  0.00     29.900    0
