# US 8,903,232 Example 6
#
# Patent: US008903232
# Converted from photonstophotos.net Optical Bench data
# 13 surfaces, 7 glass elements, f/0.7

name: US 8,903,232 Example 6
focal_length: 34.80

surfaces:
# radius       thickness    ior      abbe     semi_ap   coating
  0              45.0000      1.00000  0.00     61.191    0
  -60.0000       1.0000       1.48749  70.42    28.400    1
  -81.5676       0.2000       1.00000  0.00     28.400    0
  17.0718        9.6099       1.80401  46.57    23.800    1
  -327.6403      1.0000       1.51742  52.43    19.076    1
  53.3471        0.7372       1.00000  0.00     17.440    0
  4605.0300      0.8000       1.71736  29.51    17.406    1
  10.0237        1.4551       1.00000  0.00     14.798    0
  15.7119        5.3498       1.80401  46.57    14.816    1
  -13.7990       0.8000       1.72825  28.32    14.413    1
  1312.2940      0.5760       1.00000  0.00     13.408    0
  0              2.0000       1.51742  52.43    13.063    1
  0              2.0000       1.00000  0.00     12.297    0
