# Metabones Speed Booster Ultra-m43 0.71x
#
# Patent: US008903232
# Converted from photonstophotos.net Optical Bench data
# 12 surfaces, 6 glass elements, f/0.9

name: Metabones Speed Booster Ultra-m43 0.71x
focal_length: 90.60

surfaces:
# radius       thickness    ior      abbe     semi_ap   coating
  0              65.0000      1.00000  0.00     86.062    0
  -100.0000      0.8000       1.48749  70.42    31.200    1
  1653.7850      0.1500       1.00000  0.00     31.200    0
  25.5870        5.7000       1.88300  40.81    30.000    1
  1029.9950      0.8500       1.60342  38.01    30.000    1
  36.9610        1.7060       1.00000  0.00     28.200    0
  91.7890        0.8000       1.72825  28.32    28.200    1
  20.0350        2.0315       1.00000  0.00     25.100    0
  34.1810        3.8000       1.72916  54.67    25.100    1
  -298.9690      8.0000       1.00000  0.00     25.100    0
  0              4.0000       1.51742  52.19    24.000    1
  0              3.0000       1.00000  0.00     24.000    0
