# Meyer Optik Gorlitz 100mm F2 Kino Plasmat
#
# Patent: DE00401630
# Converted from photonstophotos.net Optical Bench data
# 11 surfaces, 6 glass elements, f/2.0

name: Meyer Optik Gorlitz 100mm F2 Kino Plasmat
focal_length: 100.00

surfaces:
# radius       thickness    ior      abbe     semi_ap   coating
  59.0400        15.2800      1.62181  0.00     53.000    1
  -76.4000       4.3800       1.54630  0.00     53.000    1
  -655.0000      8.7200       1.00000  0.00     53.000    0
  -54.5900       4.3800       1.62600  0.00     48.000    1
  -163.7400      1.1000       1.00000  0.00     48.000    0
  stop           0.9700       1.00000  0.00     40.255    0
  144.5000       3.8600       1.62600  0.00     46.000    1
  48.1600        7.7000       1.00000  0.00     46.000    0
  577.9000       3.8600       1.54630  0.00     50.000    1
  67.4300        13.5000      1.62181  0.00     50.000    1
  -52.2100       70.1900      1.00000  0.00     50.000    0
