# Meyer Optik Gorlitz 135mm F2.8 Orestor
#
# Patent: DE01282311
# Converted from photonstophotos.net Optical Bench data
# 10 surfaces, 5 glass elements, f/2.8

name: Meyer Optik Gorlitz 135mm F2.8 Orestor
focal_length: 135.00

surfaces:
# radius       thickness    ior      abbe     semi_ap   coating
  88.0200        7.4300       1.61375  56.30    50.260    1
  0              0.6800       1.00000  0.00     50.260    0
  39.6900        21.7400      1.60729  49.20    47.830    1
  -127.7100      5.4000       1.69895  30.10    47.830    1
  26.7300        11.4900      1.00000  0.00     29.950    0
  stop           18.3500      1.00000  0.00     26.284    0
  -670.9500      4.1900       1.63854  55.50    22.030    1
  340.2000       5.9400       1.00000  0.00     22.030    0
  226.8000       4.7300       1.69895  30.10    26.290    1
  -141.7500      51.9700      1.00000  0.00     26.290    0
