# Miranda Auto EC 135mm F2.8
#
# Patent: JP1976-074627
# Converted from photonstophotos.net Optical Bench data
# 10 surfaces, 5 glass elements, f/2.8

name: Miranda Auto EC 135mm F2.8
focal_length: 135.00

surfaces:
# radius       thickness    ior      abbe     semi_ap   coating
  59.4270        8.7080       1.58913  61.00    48.280    1
  1847.6100      0.2700       1.00000  0.00     48.280    0
  33.9260        7.6280       1.58913  61.00    43.220    1
  70.0790        9.6530       1.00000  0.00     43.220    0
  146.2050       2.7410       1.78472  25.60    32.530    1
  26.0280        13.2520      1.00000  0.00     30.110    0
  stop           10.6300      1.00000  0.00     26.512    0
  173.3810       3.6590       1.71736  29.50    24.240    1
  -71.5640       2.2410       1.62041  60.20    24.240    1
  -2032.2900     64.5200      1.00000  0.00     24.240    0
