# Miranda Auto EC 200mm F3.5
#
# Patent: JP1976-114926
# Converted from photonstophotos.net Optical Bench data
# 12 surfaces, 6 glass elements, f/3.5

name: Miranda Auto EC 200mm F3.5
focal_length: 200.00

surfaces:
# radius       thickness    ior      abbe     semi_ap   coating
  94.7200        8.0800       1.51454  54.60    57.390    1
  -276.2000      0.1200       1.00000  0.00     57.390    0
  48.0600        9.7800       1.51633  64.00    52.750    1
  349.0000       7.3200       1.00000  0.00     52.750    0
  -333.0000      6.7400       1.72151  29.20    44.860    1
  48.2800        30.5900      1.00000  0.00     41.130    0
  stop           2.5700       1.00000  0.00     32.238    0
  -182.0000      4.0200       1.57501  41.40    31.820    1
  -54.9200       25.8400      1.00000  0.00     31.820    0
  -40.0400       1.3400       1.69680  55.60    21.760    1
  45.7600        3.5200       1.60342  38.00    21.760    1
  -73.6400       58.1100      1.00000  0.00     21.760    0
