# Miranda Auto EC 35mm F2.8
#
# Patent: JP1976-053823
# Converted from photonstophotos.net Optical Bench data
# 13 surfaces, 6 glass elements, f/2.8

name: Miranda Auto EC 35mm F2.8
focal_length: 35.00

surfaces:
# radius       thickness    ior      abbe     semi_ap   coating
  39.7850        1.4880       1.51633  64.00    24.220    1
  16.5380        11.3930      1.00000  0.00     22.440    0
  67.4840        4.5570       1.75700  47.80    15.680    1
  -52.4760       0.2000       1.00000  0.00     15.680    0
  16.9330        2.8350       1.63930  44.80    14.820    1
  22.2390        2.0200       1.00000  0.00     14.820    0
  stop           3.2300       1.00000  0.00     13.498    0
  -22.1870       1.1900       1.71736  29.50    14.160    1
  29.4840        1.7820       1.00000  0.00     13.220    0
  -51.8700       2.4780       1.62041  60.20    13.310    1
  -23.3660       0.0980       1.00000  0.00     14.320    0
  412.7900       3.2690       1.62041  60.20    15.320    1
  -17.6580       38.3100      1.00000  0.00     15.320    0
