# Miranda Auto E 50mm F1.4
#
# Patent: US003634001
# Converted from photonstophotos.net Optical Bench data
# 13 surfaces, 7 glass elements, f/1.4

name: Miranda Auto E 50mm F1.4
focal_length: 50.00

surfaces:
# radius       thickness    ior      abbe     semi_ap   coating
  38.9750        5.7750       1.72342  37.90    36.840    1
  131.5250       0.0950       1.00000  0.00     36.840    0
  26.0350        7.8900       1.72342  37.90    32.940    1
  -163.5650      1.7300       1.71736  29.50    32.940    1
  15.5650        8.4850       1.00000  0.00     25.480    0
  stop           7.3500       1.00000  0.00     22.881    0
  -14.9700       1.8300       1.71736  29.50    23.330    1
  288.6450       7.5900       1.73400  51.30    29.720    1
  -23.2650       0.1750       1.00000  0.00     29.720    0
  -108.0200      4.7550       1.66672  48.30    30.970    1
  -30.6350       0.0950       1.00000  0.00     30.970    0
  78.0700        3.5200       1.66672  48.30    33.440    1
  -328.7750      35.5500      1.00000  0.00     33.440    0
