# CN 104252033 Example 1
#
# Patent: CN104252033
# Converted from photonstophotos.net Optical Bench data
# 21 surfaces, 10 glass elements, f/0.9

name: CN 104252033 Example 1
focal_length: 35.00

surfaces:
# radius       thickness    ior      abbe     semi_ap   coating
  300.6000       5.5300       1.51637  64.07    44.000    1
  -93.8500       0.9500       1.00000  0.00     44.000    0
  33.3810        5.9100       1.83565  42.29    35.700    1
  111.5900       2.3700       1.00000  0.00     33.090    0
  -220.0500      1.2900       1.61655  36.61    33.000    1
  21.0000        7.7100       1.00000  0.00     28.580    0
  stop           9.0200       1.00000  0.00     29.035    0
  -18.7500       3.0200       1.68893  31.17    29.490    1
  -58.6000       0.0000       1.00000  0.00     38.000    0
  -58.6000       6.8200       1.83500  42.97    40.000    1
  -28.4200       0.1000       1.00000  0.00     40.000    0
  93.8500        7.9200       1.80400  46.58    44.000    1
  -67.0000       0.1000       1.00000  0.00     44.000    0
  38.3930        7.3400       1.83565  42.29    40.000    1
  -816.4000      0.0000       1.00000  0.00     40.000    0
  -816.4000      3.9300       1.69895  30.06    37.500    1
  23.4000        2.6300       1.00000  0.00     29.000    0
  45.0900        8.5200       1.74693  50.95    31.000    1
  -26.9400       0.0000       1.00000  0.00     31.000    0
  -26.9400       1.1200       1.80627  25.37    32.000    1
  -201.0000      19.1700      1.00000  0.00     32.000    0
