# Nikon Nikkor-N 5cm f/1.1
#
# Patent: US002828671
# Converted from photonstophotos.net Optical Bench data
# 16 surfaces, 9 glass elements, f/1.1

name: Nikon Nikkor-N 5cm f/1.1
focal_length: 50.00

surfaces:
# radius       thickness    ior      abbe     semi_ap   coating
  83.8000        4.3500       1.60730  59.50    52.620    1
  214.1500       0.3000       1.00000  0.00     52.620    0
  46.5000        4.2500       1.60730  59.50    45.390    1
  81.9000        0.7000       1.00000  0.00     45.390    0
  26.7500        9.7000       1.71700  47.90    39.750    1
  435.9000       2.0500       1.59270  35.40    39.750    1
  16.6500        7.5000       1.00000  0.00     27.512    0
  stop           5.1000       1.00000  0.00     27.367    0
  -21.3000       2.7000       1.64830  33.80    27.304    1
  67.8500        10.2500      1.71700  47.90    31.890    1
  -29.0500       0.3000       1.00000  0.00     31.890    0
  58.1500        5.5000       1.71700  47.90    32.140    1
  0              0.3000       1.00000  0.00     32.140    0
  71.1500        1.4500       1.62590  35.60    32.700    1
  48.4500        3.9000       1.63850  55.50    32.700    1
  258.9500       23.0500      1.00000  0.00     32.700    0
