# Nikon Nikkor-H 2.8cm f/3.5
#
# Patent: JP1963-026133
# Converted from photonstophotos.net Optical Bench data
# 13 surfaces, 6 glass elements, f/3.5

name: Nikon Nikkor-H 2.8cm f/3.5
focal_length: 28.00

surfaces:
# radius       thickness    ior      abbe     semi_ap   coating
  102.2840       5.0960       1.67260  32.20    47.660    1
  1960.0000      0.1960       1.00000  0.00     47.660    0
  67.2000        1.6520       1.62120  60.10    38.400    1
  17.3600        25.7600      1.00000  0.00     28.170    0
  17.9760        3.3320       1.63870  55.30    13.140    1
  -365.1760      3.2960       1.00000  0.00     11.790    0
  stop           1.8000       1.00000  0.00     10.630    0
  -16.9400       0.8680       1.67260  32.20    10.490    1
  29.4000        1.4840       1.00000  0.00     11.410    0
  -112.5880      2.5480       1.65820  50.80    12.150    1
  -14.7840       0.1960       1.00000  0.00     12.150    0
  59.6400        1.7640       1.51630  64.00    13.030    1
  -56.1400       37.1000      1.00000  0.00     13.030    0
