# Nikon Zoom Nikkor 80-400mm f/4.5-5.6D ED VR
#
# Patent: US006141156
# Converted from photonstophotos.net Optical Bench data
# 29 surfaces, 17 glass elements, f/4.6

name: Nikon Zoom Nikkor 80-400mm f/4.5-5.6D ED VR
focal_length: 81.98

surfaces:
# radius       thickness    ior      abbe     semi_ap   coating
  126.4683       3.7000       1.80518  25.40    72.530    1
  79.8195        11.0000      1.49782  82.50    70.680    1
  -919.6837      0.2000       1.00000  0.00     70.680    0
  126.4244       7.1000       1.48749  70.40    69.450    1
  -801.5821      3.2822       1.00000  0.00     69.450    0
  -654.6276      3.8000       1.80518  25.40    35.250    1
  -57.1588       1.8000       1.79631  40.90    34.760    1
  191.6240       3.9840       1.00000  0.00     34.760    0
  -89.7904       1.7000       1.64000  60.00    32.590    1
  33.2136        3.5000       1.80384  33.90    32.150    1
  78.6220        5.2160       1.00000  0.00     32.150    0
  -118.7153      2.0000       1.79668  45.40    32.600    1
  2148.6437      29.4105      1.00000  0.00     32.600    0
  68.2852        4.2000       1.48749  70.40    33.920    1
  -176.2925      0.2000       1.00000  0.00     33.920    0
  61.4056        5.2000       1.49782  82.50    33.450    1
  -90.2467       2.0000       1.77279  49.50    32.980    1
  -561.3466      2.9963       1.00000  0.00     32.980    0
  stop           2.0000       1.00000  0.00     24.005    0
  -62.6838       2.5000       1.48749  70.40    25.530    1
  -144.0193      36.3290      1.00000  0.00     25.530    0
  147.6454       5.1000       1.48749  70.40    26.930    1
  -30.7496       1.5000       1.80518  25.40    26.930    1
  -53.5466       0.2000       1.00000  0.00     27.400    0
  49.6104        2.9000       1.48749  70.40    27.730    1
  418.8685       27.4931      1.00000  0.00     27.730    0
  -66.6285       1.4000       1.79668  45.40    26.400    1
  25.4283        4.0000       1.80518  25.40    26.400    1
  99.8403        40.9778      1.00000  0.00     26.400    0
