# Nikon Nikkor-S Auto 50mm f/1.4
#
# Patent: US003560079
# Converted from photonstophotos.net Optical Bench data
# 13 surfaces, 7 glass elements, f/1.4

name: Nikon Nikkor-S Auto 50mm f/1.4
focal_length: 50.00

surfaces:
# radius       thickness    ior      abbe     semi_ap   coating
  38.2750        6.3000       1.66446  35.90    38.480    1
  125.2650       0.0950       1.00000  0.00     38.480    0
  28.6800        8.4300       1.69350  53.40    34.520    1
  620.2050       1.6450       1.64831  33.80    34.520    1
  16.2000        7.8200       1.00000  0.00     23.940    0
  stop           8.4600       1.00000  0.00     23.379    0
  -14.4600       2.0350       1.69895  30.10    22.950    1
  -193.8000      8.2350       1.71300  53.90    30.720    1
  -22.6750       0.1950       1.00000  0.00     30.720    0
  -116.2800      4.1650       1.67790  55.50    32.750    1
  -31.7850       0.0950       1.00000  0.00     32.750    0
  77.5200        3.1000       1.71300  53.90    34.520    1
  -843.8700      37.5000      1.00000  0.00     34.520    0
