# Nikon Nikkor-N Auto 24mm f/2.8
#
# Patent: US003622227
# Converted from photonstophotos.net Optical Bench data
# 17 surfaces, 9 glass elements, f/2.8

name: Nikon Nikkor-N Auto 24mm f/2.8
focal_length: 24.00

surfaces:
# radius       thickness    ior      abbe     semi_ap   coating
  60.0000        2.7000       1.62041  60.30    41.700    1
  21.5000        6.3000       1.00000  0.00     31.860    0
  90.0000        5.5000       1.62041  60.30    31.190    1
  -90.0000       0.1000       1.00000  0.00     29.510    0
  30.0000        2.7000       1.62041  60.30    23.740    1
  11.0000        9.8000       1.00000  0.00     17.000    0
  25.2500        4.0000       1.62004  36.30    14.340    1
  -18.5800       3.0000       1.51823  59.00    14.340    1
  -34.9000       1.0000       1.00000  0.00     14.340    0
  stop           1.5000       1.00000  0.00     13.236    0
  -85.0000       5.3000       1.78470  26.10    14.300    1
  32.4000        2.3500       1.00000  0.00     14.300    0
  -120.0000      1.0000       1.78470  26.10    19.760    1
  28.4960        5.4000       1.62041  60.30    19.760    1
  -20.0000       0.1000       1.00000  0.00     19.760    0
  192.0000       3.5000       1.74400  44.90    22.680    1
  -46.6152       37.4328      1.00000  0.00     22.680    0
