# Nikon Nikkor 35mm f/2.8
#
# Patent: US003874770
# Converted from photonstophotos.net Optical Bench data
# 13 surfaces, 6 glass elements, f/2.8

name: Nikon Nikkor 35mm f/2.8
focal_length: 35.00

surfaces:
# radius       thickness    ior      abbe     semi_ap   coating
  46.6670        1.9450       1.51454  54.60    27.410    1
  14.7290        7.7780       1.00000  0.00     22.850    0
  -90.4170       9.7220       1.51680  64.20    21.560    1
  -81.6670       0.0970       1.00000  0.00     21.560    0
  24.5200        13.1250      1.71300  53.90    18.940    1
  -46.8610       1.7120       1.00000  0.00     18.940    0
  stop           4.3160       1.00000  0.00     15.006    0
  -20.6600       1.4580       1.71736  29.50    14.730    1
  40.8330        1.3130       1.00000  0.00     14.730    0
  -43.2640       2.6250       1.74443  49.40    14.730    1
  -17.2080       0.0970       1.00000  0.00     15.400    0
  97.2220        2.4300       1.62041  60.30    17.470    1
  -66.0340       34.9400      1.00000  0.00     17.470    0
