# Nikon Nikkor 38-105mm f/4-7.8 Nikon Zoom 700 VR
#
# Patent: US005530593
# Converted from photonstophotos.net Optical Bench data
# 23 surfaces, 12 glass elements, f/4.1

name: Nikon Nikkor 38-105mm f/4-7.8 Nikon Zoom 700 VR
focal_length: 39.00

surfaces:
# radius       thickness    ior      abbe     semi_ap   coating
  -114.1550      1.5000       1.80384  33.90    25.740    1
  34.0740        1.0000       1.00000  0.00     23.760    0
  34.3830        5.3000       1.61720  54.00    23.440    1
  -45.2700       0.1000       1.00000  0.00     23.440    0
  30.0650        2.6000       1.62041  60.10    19.880    1
  73.5860        3.2347       1.00000  0.00     19.880    0
  -22.8750       1.1000       1.80411  46.50    14.840    1
  13.5760        3.1000       1.74000  28.20    13.380    1
  -88.7200       0.8000       1.00000  0.00     13.380    0
  -491.9180      2.0000       1.51680  64.10    12.120    1
  -19.0790       2.0000       1.00000  0.00     12.120    0
  stop           2.0000       1.00000  0.00     10.010    0
  -14.3700       5.7000       1.51860  69.90    11.060    1
  -9.0690        1.4000       1.86074  23.00    11.180    1
  -13.7740       0.1000       1.00000  0.00     12.020    0
  70.7260        2.7000       1.51860  69.90    12.120    1
  -26.3490       1.0000       1.00000  0.00     12.120    0
  -47.0720       3.4000       1.75520  27.60    19.780    1
  -18.9220       2.2000       1.00000  0.00     19.780    0
  -17.7960       1.3000       1.84042  43.30    19.880    1
  -124.7630      4.0000       1.00000  0.00     22.280    0
  -16.8760       1.4000       1.69680  55.60    22.280    1
  -46.7790       8.9728       1.00000  0.00     26.800    0
