# Nikon AI Nikkor 80-200mm f/4.5
#
# Patent: US004223981
# Converted from photonstophotos.net Optical Bench data
# 22 surfaces, 12 glass elements, f/4.5

name: Nikon AI Nikkor 80-200mm f/4.5
focal_length: 80.00

surfaces:
# radius       thickness    ior      abbe     semi_ap   coating
  131.8930       4.5000       1.56384  60.80    49.640    1
  -428.1200      0.1000       1.00000  0.00     49.640    0
  166.7320       7.3000       1.60311  60.70    49.320    1
  -128.3310      2.0000       1.80518  25.50    49.320    1
  -1348.9300     3.2290       1.00000  0.00     49.320    0
  -280.0000      3.4000       1.75520  27.50    29.480    1
  -39.0000       0.9000       1.51680  64.20    29.480    1
  52.1820        4.1000       1.00000  0.00     26.720    0
  -39.4700       1.1000       1.58913  61.20    26.720    1
  126.1180       32.1950      1.00000  0.00     29.480    0
  171.4440       4.1500       1.62041  60.30    27.240    1
  -33.1250       0.9000       1.75520  27.50    27.240    1
  -67.7650       14.0560      1.00000  0.00     27.240    0
  stop           4.9500       1.00000  0.00     25.007    0
  38.0400        5.3000       1.51680  64.20    26.920    1
  795.3920       1.0000       1.00000  0.00     26.920    0
  -151.7410      2.0000       1.75692  31.70    27.240    1
  -582.0000      55.8000      1.00000  0.00     27.240    0
  -23.1290       2.4000       1.71300  53.90    31.400    1
  -39.6260       0.2000       1.00000  0.00     34.280    0
  68.5850        5.3000       1.51823  59.00    37.160    1
  -138.1900      42.4950      1.00000  0.00     37.160    0
