# US 8,867,147 Example 2
#
# Patent: US008867147
# Converted from photonstophotos.net Optical Bench data
# 22 surfaces, 12 glass elements, f/1.8

name: US 8,867,147 Example 2
focal_length: 20.40

surfaces:
# radius       thickness    ior      abbe     semi_ap   coating
  58.1840        2.5000       1.67790  55.34    50.410    1
  15.5000        7.9200       1.00000  0.00     37.910    0
  36.8500        2.0000       1.74100  52.64    36.530    1
  24.4310        9.9700       1.00000  0.00     31.800    0
  -45.7230       2.0000       1.49782  82.52    31.700    1
  64.2590        1.2900       1.00000  0.00     31.700    0
  58.3350        6.5200       1.80440  39.58    31.800    1
  -77.7550       11.6700      1.00000  0.00     31.800    0
  44.4050        1.0000       1.83481  42.71    32.980    1
  21.0000        8.4400       1.62374  47.04    32.980    1
  112.4460       7.0100       1.00000  0.00     32.980    0
  stop           1.1000       1.00000  0.00     30.632    0
  51.8550        7.8600       1.49782  82.52    33.870    1
  -55.1090       1.0000       1.77279  49.45    34.160    1
  337.6300       0.1000       1.00000  0.00     34.160    0
  40.6460        9.1500       1.49782  82.52    35.250    1
  -50.4390       4.1000       1.00000  0.00     35.250    0
  125.1720       5.5200       1.49782  82.52    29.640    1
  -52.9590       0.1000       1.00000  0.00     29.640    0
  -115.3910      1.0000       1.80610  40.92    29.730    1
  21.0150        9.1900       1.58913  61.13    29.730    1
  -72.2610       39.0000      1.00000  0.00     29.730    0
