# Nikon AF-S Zoom-Nikkor 70-200mm f/2.8G IF-ED VR
#
# Patent: US006693750
# Converted from photonstophotos.net Optical Bench data
# 39 surfaces, 21 glass elements, f/2.9

name: Nikon AF-S Zoom-Nikkor 70-200mm f/2.8G IF-ED VR
focal_length: 71.40

surfaces:
# radius       thickness    ior      abbe     semi_ap   coating
  136.2696       2.2000       1.80400  46.58    74.160    1
  65.9210        9.0000       1.49782  82.52    71.360    1
  184.6175       0.1000       1.00000  0.00     71.360    0
  73.1041        8.9000       1.49782  82.52    71.200    1
  435.0246       14.1595      1.00000  0.00     71.200    0
  65.0851        1.8000       1.84666  23.78    62.840    1
  51.8175        1.9200       1.00000  0.00     59.740    0
  63.2160        8.7000       1.64000  60.09    59.740    1
  1772.4929      2.5231       1.00000  0.00     59.740    0
  -1067.2040     1.9000       1.74100  52.67    37.620    1
  34.3923        6.8350       1.00000  0.00     33.730    0
  -61.8566       1.8000       1.48749  70.41    33.730    1
  39.4340        7.0000       1.80518  25.43    37.620    1
  -223.2401      1.8030       1.00000  0.00     35.320    0
  -64.5266       1.9000       1.80440  39.59    35.320    1
  872.3457       34.0628      1.00000  0.00     37.620    0
  -599.1428      3.9000       1.49782  82.52    38.560    1
  -73.5485       0.2000       1.00000  0.00     38.560    0
  93.8405        8.0000       1.49782  82.52    38.400    1
  -48.5670       2.0000       1.74100  52.67    38.400    1
  -149.5043      7.9295       1.00000  0.00     38.400    0
  stop           1.0000       1.00000  0.00     37.158    0
  117.0055       2.0000       1.80518  25.43    37.400    1
  44.6950        7.0000       1.69680  55.52    37.400    1
  -325.3499      0.1000       1.00000  0.00     37.400    0
  76.1777        3.5000       1.60300  65.47    37.400    1
  152.3247       19.0000      1.00000  0.00     37.400    0
  0              1.6216       1.00000  0.00     30.400    0
  376.5966       3.8000       1.84666  23.78    30.400    1
  -57.8860       1.5000       1.74100  52.67    30.400    1
  50.0430        3.9000       1.00000  0.00     30.400    0
  -246.5579      1.5000       1.74100  52.67    30.400    1
  102.2448       2.6784       1.00000  0.00     30.400    0
  0              4.0000       1.00000  0.00     30.400    0
  -427.7771      4.0000       1.49782  82.52    36.660    1
  -58.2736       0.1000       1.00000  0.00     36.660    0
  68.1118        7.5000       1.74100  52.67    36.660    1
  -60.1400       2.0000       1.84666  23.78    36.660    1
  -641.0882      66.2105      1.00000  0.00     36.660    0
