# Nikon AF-S Nikkor 28mm f/1.4E ED
#
# Patent: JP2017-227799
# Converted from photonstophotos.net Optical Bench data
# 27 surfaces, 15 glass elements, f/1.4

name: Nikon AF-S Nikkor 28mm f/1.4E ED
focal_length: 28.41

surfaces:
# radius       thickness    ior      abbe     semi_ap   coating
  70.0170        2.5000       1.68893  31.20    56.120    1
  29.6400        10.5800      1.00000  0.00     47.620    0
  94.1050        2.4000       1.71300  53.90    45.320    1
  31.7730        0.0500       1.51380  53.00    43.720    1
  27.1970        9.4900       1.00000  0.00     43.720    0
  164.7360       4.9400       1.84666  23.80    42.030    1
  -131.0250      4.8500       1.00000  0.00     42.030    0
  -46.8320       2.1500       1.56883  56.00    41.190    1
  134.7370       4.1700       1.88300  40.80    42.240    1
  -366.9120      3.0300       1.00000  0.00     42.240    0
  70.3160        7.0900       1.77250  49.60    41.340    1
  -99.3380       7.7000       1.00000  0.00     41.340    0
  55.3490        4.2000       1.72916  54.70    38.060    1
  289.1770       0.1500       1.00000  0.00     38.060    0
  111.3100       4.0000       1.69680  55.50    37.140    1
  -158.3450      0.1500       1.00000  0.00     37.140    0
  322.0960       5.7900       1.59282  68.60    35.080    1
  -37.1240       1.5000       1.73800  32.30    35.080    1
  37.2210        5.6000       1.00000  0.00     28.940    0
  stop           5.7800       1.00000  0.00     26.647    0
  -24.1270       1.3000       1.80610  33.30    27.960    1
  47.2570        5.3500       1.83220  40.10    31.410    1
  -131.7250      0.3000       1.00000  0.00     31.410    0
  64.3970        8.9800       1.59282  68.60    32.730    1
  -28.7810       0.1500       1.00000  0.00     32.730    0
  -280.3880      3.7100       1.69350  53.20    32.670    1
  -55.5020       38.4700      1.00000  0.00     32.670    0
