# Nikon AF-S Micro-Nikkor 60mm f/2.8G ED
#
# Patent: US007898744
# Converted from photonstophotos.net Optical Bench data
# 22 surfaces, 12 glass elements, f/2.9

name: Nikon AF-S Micro-Nikkor 60mm f/2.8G ED
focal_length: 58.00

surfaces:
# radius       thickness    ior      abbe     semi_ap   coating
  68.8358        1.3514       1.80440  39.57    28.300    1
  25.1596        3.1598       1.00000  0.00     26.240    0
  50.5680        3.0890       1.63854  55.48    26.240    1
  726.7885       0.0997       1.00000  0.00     26.240    0
  61.6542        2.8959       1.83481  42.71    25.840    1
  -213.3350      2.6257       1.00000  0.00     25.840    0
  114.0007       1.2549       1.51612  64.03    22.960    1
  21.4584        5.2000       1.00000  0.00     21.120    0
  -25.9781       1.8341       1.62004  36.30    21.120    1
  45.0791        6.2262       1.88300  40.77    25.220    1
  -31.6859       12.2962      1.00000  0.00     25.220    0
  stop           23.2724      1.00000  0.00     22.918    0
  279.3330       3.0890       1.49782  82.56    24.920    1
  -45.8650       0.0483       1.00000  0.00     24.920    0
  55.7141        4.5852       1.60300  65.47    24.720    1
  -42.3441       1.1584       1.84666  23.78    24.720    1
  -171.5862      4.4909       1.00000  0.00     24.720    0
  202.8956       1.1584       1.80518  25.43    23.900    1
  30.8234        1.6410       1.00000  0.00     21.840    0
  90.5377        1.2549       1.80100  34.96    24.920    1
  18.9814        5.9849       1.84666  23.78    25.320    1
  242.9593       37.4500      1.00000  0.00     25.320    0
