# Nikon R-UW AF Nikkor 28mm f/2.8
#
# Patent: JP1989-031113
# Converted from photonstophotos.net Optical Bench data
# 11 surfaces, 5 glass elements, f/2.8

name: Nikon R-UW AF Nikkor 28mm f/2.8
focal_length: 28.00

surfaces:
# radius       thickness    ior      abbe     semi_ap   coating
  39.1600        7.8320       1.51680  64.12    46.570    1
  24.4660        35.2420      1.00000  0.00     37.430    0
  32.7100        7.0480       1.78797  47.53    17.460    1
  -74.2160       2.5260       1.00000  0.00     17.460    0
  stop           2.6620       1.00000  0.00     13.775    0
  -18.6890       3.8180       1.74077  27.64    15.380    1
  63.5730        0.8800       1.00000  0.00     15.060    0
  -66.0630       2.9370       1.74810  52.06    15.060    1
  -22.7160       0.3920       1.00000  0.00     17.340    0
  -195.3810      3.4260       1.74443  49.53    20.280    1
  -26.5430       39.0290      1.00000  0.00     20.280    0
