# Nikon AF-S Nikkor 800mm f/5.6E FL ED VR
#
# Patent: JP2013-250293
# Converted from photonstophotos.net Optical Bench data
# 38 surfaces, 22 glass elements, f/5.7

name: Nikon AF-S Nikkor 800mm f/5.6E FL ED VR
focal_length: 780.00

surfaces:
# radius       thickness    ior      abbe     semi_ap   coating
  1200.3704      5.0000       1.51680  64.07    142.340   1
  1199.7897      1.0000       1.00000  0.00     142.340   0
  188.5541       21.1000      1.43382  95.13    141.680   1
  -915.9761      20.0000      1.00000  0.00     142.020   0
  182.4294       17.1000      1.43382  95.13    126.340   1
  -1837.1348     3.3200       1.00000  0.00     126.340   0
  -833.5252      7.5000       1.72000  50.17    122.020   1
  422.3839       75.0000      1.00000  0.00     115.340   0
  128.8258       6.5000       1.69680  55.58    86.020    1
  65.1230        16.5000      1.49782  82.53    79.340    1
  266.7583       52.9670      1.00000  0.00     79.340    0
  -998.6861      3.5000       1.79952  42.08    48.200    1
  114.8928       3.0950       1.00000  0.00     46.160    0
  -354.6811      5.5000       1.79504  28.70    46.160    1
  -67.4820       3.5000       1.69680  55.58    46.160    1
  300.9593       27.1870      1.00000  0.00     46.160    0
  113.3417       6.6000       1.48749  70.36    45.640    1
  -113.3160      3.2000       1.79504  28.70    45.640    1
  0              2.2500       1.00000  0.00     45.640    0
  184.7146       4.7000       1.51823  58.80    45.640    1
  -184.7146      40.7500      1.00000  0.00     45.640    0
  stop           21.9300      1.00000  0.00     29.877    0
  -131.4267      2.0000       1.69680  55.58    29.180    1
  76.0680        1.5450       1.00000  0.00     29.180    0
  -1181.7118     6.0000       1.58144  40.96    29.180    1
  -29.1590       2.0000       1.49782  82.53    29.180    1
  150.9647       5.2200       1.00000  0.00     32.320    0
  87.5029        7.0000       1.60342  37.96    32.020    1
  -36.2560       2.0000       1.85026  32.36    32.020    1
  -271.4943      9.0000       1.00000  0.00     33.060    0
  0              2.0000       1.51680  63.88    34.560    1
  0              9.0000       1.00000  0.00     34.560    0
  88.2621        6.0000       1.51742  52.25    38.060    1
  -88.2621       34.8000      1.00000  0.00     38.060    0
  -1661.8745     5.4000       1.48749  70.36    32.860    1
  -42.0520       2.0000       1.81600  46.56    32.860    1
  68.2950        4.3000       1.58144  40.96    33.480    1
  -1200.9959     52.8540      1.00000  0.00     33.480    0
