# Nikon Nikkor Z 35mm f/1.8 S
#
# Patent: JP2019-090947
# Converted from photonstophotos.net Optical Bench data
# 23 surfaces, 12 glass elements, f/1.9

name: Nikon Nikkor Z 35mm f/1.8 S
focal_length: 35.33

surfaces:
# radius       thickness    ior      abbe     semi_ap   coating
  104.0220       2.2950       1.51680  64.13    37.440    1
  19.7640        7.9650       1.00000  0.00     30.285    0
  91.6425        5.8050       1.95380  32.33    29.565    1
  -45.6525       1.8675       1.60340  38.03    28.800    1
  72.8055        5.8725       1.00000  0.00     25.605    0
  -29.1262       3.8700       1.68890  31.16    24.660    1
  39.4132        7.4025       1.85150  40.78    28.395    1
  -39.4132       0.4050       1.00000  0.00     29.025    0
  26.8133        8.2800       1.49700  81.61    29.385    1
  -79.9380       0.2025       1.00000  0.00     28.395    0
  93.5010        1.2825       1.83440  37.28    26.415    1
  44.6310        4.2075       1.00000  0.00     25.065    0
  stop           11.5650      1.00000  0.00     23.985    0
  -22.3133       1.3950       1.61290  36.94    21.510    1
  -130.0275      0.2700       1.00000  0.00     22.275    0
  47.7990        6.3450       1.59280  68.62    24.480    1
  -31.3155       4.7025       1.00000  0.00     25.290    0
  -189.3847      2.2050       1.69350  53.20    26.955    1
  -63.3960       5.1525       1.00000  0.00     27.630    0
  -42.6893       1.8675       1.58310  59.46    29.025    1
  -156.0330      16.8975      1.00000  0.00     31.680    0
  0              1.6650       1.51680  64.13    54.000    1
  0              0.9700       1.00000  0.00     54.000    0
