# Nikon 1 Nikkor 11-27.5mm f/3.5-5.6
#
# Patent: US20150153549
# Converted from photonstophotos.net Optical Bench data
# 19 surfaces, 10 glass elements, f/3.6

name: Nikon 1 Nikkor 11-27.5mm f/3.5-5.6
focal_length: 11.35

surfaces:
# radius       thickness    ior      abbe     semi_ap   coating
  0              1.0000       1.51680  63.88    22.440    1
  0              3.0000       1.00000  0.00     22.440    0
  21.1989        1.1000       1.85135  40.10    16.320    1
  7.5975         4.4100       1.00000  0.00     13.380    0
  -52.6643       0.8000       1.49782  82.57    12.880    1
  42.3237        0.8400       1.00000  0.00     12.880    0
  15.6071        1.6800       1.84666  23.78    12.480    1
  32.7790        17.4158      1.00000  0.00     12.480    0
  stop           0.6500       1.00000  0.00     7.619     0
  37.1408        1.4700       1.65844  50.84    8.680     1
  -29.0801       0.1000       1.00000  0.00     8.680     0
  9.6037         2.7600       1.59319  67.90    8.520     1
  -14.5302       3.1600       1.74400  44.81    8.320     1
  9.7023         1.8300       1.00000  0.00     7.720     0
  31.5814        0.8000       1.90265  35.73    9.040     1
  9.1997         2.7500       1.58913  61.22    9.040     1
  -15.6188       15.1378      1.00000  0.00     9.040     0
  0              2.7900       1.51680  63.88    16.240    1
  0              2.1100       1.00000  0.00     16.240    0
