# US 4,113,357 Example 1
#
# Patent: US004113357
# Converted from photonstophotos.net Optical Bench data
# 13 surfaces, 7 glass elements, f/5.6

name: US 4,113,357 Example 1
focal_length: 600.00

surfaces:
# radius       thickness    ior      abbe     semi_ap   coating
  218.1960       13.5000      1.50032  81.90    107.160   1
  -545.6460      0.3000       1.00000  0.00     107.160   0
  189.2940       14.5200      1.50032  81.90    103.140   1
  -336.9720      3.0000       1.74950  35.00    103.140   1
  766.9200       105.1080     1.00000  0.00     101.300   0
  -264.5760      6.0000       1.69895  30.00    53.300    1
  -80.0700       1.9980       1.64250  58.10    53.300    1
  226.5600       4.9980       1.00000  0.00     53.300    0
  2142.2880      1.9980       1.69680  55.60    53.300    1
  145.8960       13.6620      1.00000  0.00     53.300    0
  stop           3.0000       1.00000  0.00     48.488    0
  -366.3480      4.9980       1.50032  81.90    53.300    1
  -98.3970       268.2600     1.00000  0.00     53.300    0
