# Nikon Zoom-Nikkor 80-200mm f/2.8 ED-IF
#
# Patent: US004468097
# Converted from photonstophotos.net Optical Bench data
# 27 surfaces, 15 glass elements, f/2.8

name: Nikon Zoom-Nikkor 80-200mm f/2.8 ED-IF
focal_length: 80.00

surfaces:
# radius       thickness    ior      abbe     semi_ap   coating
  164.0000       2.7000       1.75520  27.60    72.870    1
  105.1100       10.5000      1.50030  82.30    72.870    1
  -425.4270      0.2000       1.00000  0.00     72.870    0
  160.0000       5.0000       1.50030  82.30    71.030    1
  405.8970       4.2245       1.00000  0.00     71.030    0
  -300.0000      1.6000       1.78800  47.50    49.710    1
  80.9000        9.0000       1.75520  27.60    47.900    1
  -66.9900       1.4500       1.58140  40.80    47.900    1
  90.0000        6.6000       1.00000  0.00     45.560    0
  -80.0000       1.8000       1.58910  61.20    49.690    1
  346.8710       50.4250      1.00000  0.00     45.710    0
  200.0000       7.0000       1.67030  57.60    42.500    1
  -65.0000       1.4500       1.80520  25.40    42.500    1
  -149.3420      22.9280      1.00000  0.00     42.500    0
  stop           2.3900       1.00000  0.00     41.181    0
  41.2000        6.0000       1.78800  47.50    41.340    1
  158.5500       6.0000       1.00000  0.00     41.340    0
  -206.7700      4.5000       1.78800  47.50    41.480    1
  -80.9000       1.5000       1.00000  0.00     41.480    0
  -78.5470       2.0000       1.75520  27.60    37.020    1
  147.0600       19.0000      1.00000  0.00     35.200    0
  260.0000       3.5000       1.63850  55.50    32.530    1
  -299.3000      22.7000      1.00000  0.00     32.530    0
  -24.3800       3.0000       1.71300  54.00    33.470    1
  -48.9710       0.2000       1.00000  0.00     33.470    0
  77.0000        4.5000       1.61290  37.00    35.770    1
  -295.2870      40.6390      1.00000  0.00     35.770    0
