# US 8,411,369 Example 2
#
# Patent: US008411369
# Converted from photonstophotos.net Optical Bench data
# 20 surfaces, 10 glass elements, f/2.8

name: US 8,411,369 Example 2
focal_length: 40.00

surfaces:
# radius       thickness    ior      abbe     semi_ap   coating
  38.6400        1.2000       1.62041  60.29    18.200    1
  14.6115        4.0880       1.00000  0.00     17.500    0
  67.4515        2.5590       1.75520  27.51    17.300    1
  -68.1015       7.0940       1.00000  0.00     17.300    0
  29.5588        4.3030       1.62280  57.03    17.700    1
  -24.8308       0.1740       1.00000  0.00     17.700    0
  -48.5997       1.2000       1.64769  33.80    16.800    1
  22.1617        1.7000       1.00000  0.00     16.400    0
  stop           3.0500       1.00000  0.00     14.660    0
  -13.9430       1.2000       1.64769  33.80    15.400    1
  36.8604        4.3730       1.70000  48.08    17.900    1
  -22.4714       0.1000       1.00000  0.00     17.900    0
  81.7598        3.7410       1.62041  60.29    18.100    1
  -22.1829       1.0000       1.00000  0.00     18.100    0
  -86.3137       1.2000       1.58887  61.15    17.100    1
  26.6709        1.9730       1.00000  0.00     15.800    0
  -92.6459       1.2000       1.59551  39.22    15.800    1
  71.2964        0.1000       1.00000  0.00     17.300    0
  43.7866        4.7270       1.74400  44.79    17.900    1
  -42.6411       42.1000      1.00000  0.00     17.900    0
