# US 4,621,909 Example 1
#
# Patent: US004621909
# Converted from photonstophotos.net Optical Bench data
# 14 surfaces, 7 glass elements, f/1.4

name: US 4,621,909 Example 1
focal_length: 51.60

surfaces:
# radius       thickness    ior      abbe     semi_ap   coating
  41.8850        4.8000       1.79668  45.50    36.900    1
  323.5260       0.1000       1.00000  0.00     36.900    0
  27.7940        5.0000       1.79631  41.00    33.100    1
  41.7310        1.7000       1.00000  0.00     30.500    0
  86.6270        1.6000       1.69895  30.10    30.500    1
  18.1360        8.1950       1.00000  0.00     26.000    0
  stop           7.0000       1.00000  0.00     25.320    0
  -17.0380       1.0000       1.72825  28.30    25.800    1
  -400.0000      7.0000       1.79668  45.50    30.100    1
  -27.2750       0.2000       1.00000  0.00     31.900    0
  -105.0640      4.4000       1.71300  54.00    33.200    1
  -31.5050       0.9160       1.00000  0.00     33.200    0
  125.0000       2.8000       1.77279  49.40    31.700    1
  -210.3750      38.1190      1.00000  0.00     31.700    0
