# Nikon Nikkor 600mm F/5.6 ED
#
# Patent: JP1976-043918
# Converted from photonstophotos.net Optical Bench data
# 10 surfaces, 5 glass elements, f/5.6

name: Nikon Nikkor 600mm F/5.6 ED
focal_length: 600.00

surfaces:
# radius       thickness    ior      abbe     semi_ap   coating
  206.0000       15.0000      1.50032  81.90    112.320   1
  -312.1000      6.0000       1.00000  0.00     112.320   0
  -299.0000      6.0000       1.74400  44.90    109.100   1
  334.9000       1.5000       1.00000  0.00     109.100   0
  213.4000       10.0000      1.56965  49.50    109.260   1
  0              170.0000     1.00000  0.00     109.260   0
  stop           84.0000      1.00000  0.00     63.196    0
  -93.0000       1.5000       1.52682  51.10    48.560    1
  200.0000       6.0000       1.62374  47.00    48.560    1
  -146.9000      248.1300     1.00000  0.00     48.560    0
