# Nikon Nikkor Z 35mm f/1.2 S
#
# Patent: JP2025-052870
# Converted from photonstophotos.net Optical Bench data
# 35 surfaces, 18 glass elements, f/1.2

name: Nikon Nikkor Z 35mm f/1.2 S
focal_length: 34.40

surfaces:
# radius       thickness    ior      abbe     semi_ap   coating
  163.2834       2.5000       1.64000  60.10    65.800    1
  31.1050        13.3900      1.00000  0.00     52.630    0
  149.8987       3.0000       1.51680  64.10    52.150    1
  47.9325        3.0600       1.00000  0.00     52.150    0
  73.4831        5.4000       1.92119  24.00    51.950    1
  357.5441       12.7300      1.00000  0.00     51.950    0
  -38.6314       2.1000       1.73800  32.30    50.600    1
  -1220.6706     0.8200       1.00000  0.00     53.850    0
  0              7.8500       1.95375  32.30    54.780    1
  -62.4973       0.3000       1.00000  0.00     55.430    0
  91.1324        10.2500      1.59349  67.00    55.960    1
  -91.1324       0.2000       1.00000  0.00     55.960    0
  54.7959        6.7500       1.59349  67.00    52.500    1
  240.0596       0.2000       1.00000  0.00     52.500    0
  116.7207       10.2500      1.59319  67.90    49.480    1
  -55.0300       1.6000       1.73800  32.30    49.480    1
  56.1782        5.6300       1.00000  0.00     42.140    0
  stop           19.0890      1.00000  0.00     39.710    0
  -38.2232       1.5000       1.72047  34.70    36.500    1
  0              0.2000       1.00000  0.00     40.640    0
  63.6418        6.0000       1.59319  67.90    39.780    1
  -130.9127      2.0190       1.00000  0.00     39.780    0
  49.4156        8.0000       1.59294  67.90    38.830    1
  -821.2747      3.1300       1.00000  0.00     38.830    0
  65.7023        3.7500       1.77503  47.30    38.750    1
  690.0795       2.0000       1.00000  0.00     38.750    0
  60.1016        4.0000       1.59319  67.90    40.070    1
  231.6842       0.3100       1.00000  0.00     40.070    0
  90.0593        4.0500       1.94594  18.00    40.280    1
  0              1.4000       1.78880  28.40    40.280    1
  37.8016        7.5300       1.00000  0.00     37.820    0
  -124.6012      2.0000       1.62372  58.40    37.820    1
  448.6384       10.3800      1.00000  0.00     40.280    0
  0              1.6000       1.51680  64.10    44.480    1
  0              1.0000       1.00000  0.00     44.480    0
