# Nikon AF Zoom-Nikkor 35-70mm f/2.8D
#
# Patent: US006320698
# Converted from photonstophotos.net Optical Bench data
# 28 surfaces, 15 glass elements, f/2.9

name: Nikon AF Zoom-Nikkor 35-70mm f/2.8D
focal_length: 36.00

surfaces:
# radius       thickness    ior      abbe     semi_ap   coating
  149.4295       3.0000       1.80458  25.50    52.280    1
  398.3922       0.2000       1.00000  0.00     52.280    0
  214.5071       2.1000       1.67025  57.53    49.780    1
  39.0567        7.7000       1.00000  0.00     43.100    0
  -720.3689      2.0000       1.67025  57.53    42.120    1
  42.9937        3.1000       1.00000  0.00     39.840    0
  42.4532        3.5000       1.86074  23.01    39.720    1
  65.3028        35.9019      1.00000  0.00     39.720    0
  44.0854        1.4000       1.86074  23.01    33.820    1
  27.1290        9.0000       1.48749  70.41    33.820    1
  -70.4660       1.4000       1.80458  25.50    33.940    1
  -113.6333      0.1000       1.00000  0.00     34.480    0
  56.6710        5.8000       1.48749  70.41    35.460    1
  -77.8313       0.1000       1.00000  0.00     35.460    0
  34.8137        3.6000       1.51835  60.23    33.820    1
  71.4894        3.5724       1.00000  0.00     33.820    0
  stop           2.0000       1.00000  0.00     20.981    0
  -60.8388       2.4000       1.86074  23.01    25.640    1
  -32.4210       1.1000       1.51860  69.98    25.640    1
  680.4752       1.3000       1.00000  0.00     25.640    0
  -111.6932      1.4000       1.51860  69.98    23.780    1
  40.4027        13.7571      1.00000  0.00     23.780    0
  -64.1884       5.0000       1.58913  61.09    27.600    1
  -29.0449       0.1000       1.00000  0.00     27.600    0
  56.9417        5.0000       1.62041  60.14    30.140    1
  -64.3742       2.3000       1.00000  0.00     30.140    0
  -32.8044       1.4000       1.80458  25.50    28.800    1
  -142.6489      37.8905      1.00000  0.00     31.120    0
