# Nikon AF-S Micro-Nikkor 105mm f/2.8G VR
#
# Patent: US007218457
# Converted from photonstophotos.net Optical Bench data
# 27 surfaces, 14 glass elements, f/2.9

name: Nikon AF-S Micro-Nikkor 105mm f/2.8G VR
focal_length: 104.00

surfaces:
# radius       thickness    ior      abbe     semi_ap   coating
  135.4810       4.8268       1.77250  49.61    48.310    1
  -190.5454      0.2000       1.00000  0.00     48.310    0
  49.7250        5.0443       1.61272  58.75    42.350    1
  328.1282       3.2512       1.00000  0.00     42.350    0
  -301.4048      1.2500       1.71736  29.52    37.570    1
  36.6648        0.3101       1.00000  0.00     34.300    0
  39.1876        5.0203       1.77250  49.61    34.300    1
  0              3.0000       1.00000  0.00     34.300    0
  -184.4593      1.1000       1.58267  46.43    30.190    1
  27.3895        4.0524       1.00000  0.00     26.900    0
  -173.3863      1.2519       1.53172  48.87    26.900    1
  26.3938        4.0212       1.80518  25.43    26.900    1
  89.6909        21.4490      1.00000  0.00     26.900    0
  stop           14.4840      1.00000  0.00     26.267    0
  0              2.4681       1.00000  0.00     29.840    0
  114.4253       3.0007       1.49700  81.61    29.440    1
  -114.4253      0.1500       1.00000  0.00     29.770    0
  52.1409        1.1283       1.84666  23.78    29.770    1
  26.5640        6.9913       1.62041  60.29    29.700    1
  -77.9021       2.0000       1.00000  0.00     29.700    0
  754.4676       1.1000       1.80610  40.94    28.900    1
  21.4197        4.8050       1.80518  25.43    28.350    1
  37.4268        8.8210       1.00000  0.00     28.350    0
  -27.1640       1.1000       1.51823  58.96    29.940    1
  -51.2200       0.1500       1.00000  0.00     34.050    0
  88.6706        4.9019       1.78590  44.20    36.490    1
  -88.6706       53.1202      1.00000  0.00     36.490    0
