# Nikon Nikkor-O Auto 35mm f/2
#
# Patent: GB1238668
# Converted from photonstophotos.net Optical Bench data
# 15 surfaces, 8 glass elements, f/2.0

name: Nikon Nikkor-O Auto 35mm f/2
focal_length: 36.00

surfaces:
# radius       thickness    ior      abbe     semi_ap   coating
  115.6176       3.9000       1.71300  0.00     46.790    1
  0              0.1000       1.00000  0.00     46.790    0
  50.0004        2.2000       1.51680  0.00     39.150    1
  17.2008        11.2000      1.00000  0.00     29.080    0
  32.1984        8.2000       1.66755  0.00     25.370    1
  -55.0008       10.5000      1.51454  0.00     19.520    1
  33.9984        2.6000       1.00000  0.00     18.410    0
  stop           2.7000       1.00000  0.00     17.988    0
  -21.5712       1.0000       1.78470  0.00     18.470    1
  38.7900        7.0000       1.74443  0.00     23.070    1
  -25.8192       0.1000       1.00000  0.00     23.070    0
  -110.0016      3.0000       1.76684  0.00     22.380    1
  -38.4876       0.1000       1.00000  0.00     22.380    0
  129.9996       2.5000       1.74400  0.00     25.600    1
  -79.0488       40.8240      1.00000  0.00     25.600    0
