# US 8,879,901 Example 2 with 60mm f/2.82
#
# Patent: US008879901
# Converted from photonstophotos.net Optical Bench data
# 23 surfaces, 12 glass elements, f/2.0

name: US 8,879,901 Example 2 with 60mm f/2.82
focal_length: 42.60

surfaces:
# radius       thickness    ior      abbe     semi_ap   coating
  70.8774        2.8000       1.76684  46.79    25.710    1
  -205.2345      0.1000       1.00000  0.00     25.710    0
  17.8517        3.5000       1.71700  48.06    23.360    1
  35.8010        1.0000       1.00000  0.00     20.140    0
  93.5847        1.2000       1.62588  35.70    20.140    1
  15.5020        3.7696       1.00000  0.00     16.800    0
  stop           2.2800       1.00000  0.00     16.490    0
  -23.4716       1.2000       1.69895  30.05    17.390    1
  120.0280       9.0000       1.71300  53.89    23.570    1
  -28.6509       0.2000       1.00000  0.00     23.570    0
  312.7704       2.8000       1.76684  46.79    22.960    1
  -60.9477       1.2334       1.00000  0.00     22.960    0
  280.3072       4.2000       1.64831  33.75    29.270    1
  -38.6396       1.5000       1.00000  0.00     29.270    0
  -36.7728       1.5000       1.79631  40.90    29.540    1
  192.9172       3.2900       1.00000  0.00     29.540    0
  -108.8120      1.0000       1.71300  53.87    46.200    1
  -433.0190      0.2500       1.00000  0.00     46.200    0
  25.1640        7.8640       1.88300  40.77    37.600    1
  115.2850       0.8500       1.71736  29.52    36.600    1
  18.6470        3.5790       1.00000  0.00     27.800    0
  37.4540        3.0000       1.71300  53.87    27.800    1
  214.2330       14.0000      1.00000  0.00     27.000    0
