# Nikon AF-S Nikkor 400mm f/2.8D IF-ED II
#
# Patent: US006239919
# Converted from photonstophotos.net Optical Bench data
# 26 surfaces, 13 glass elements, f/2.9

name: Nikon AF-S Nikkor 400mm f/2.8D IF-ED II
focal_length: 392.00

surfaces:
# radius       thickness    ior      abbe     semi_ap   coating
  0              5.0000       1.51680  64.10    136.700   1
  0              1.0000       1.00000  0.00     136.700   0
  187.1041       20.1000      1.49782  82.52    136.200   1
  -746.4748      0.6000       1.00000  0.00     136.200   0
  200.0582       20.1000      1.49782  82.52    128.300   1
  -396.5666      2.1000       1.00000  0.00     128.300   0
  -372.8865      7.0000       1.78797  47.47    123.700   1
  357.8219       106.4000     1.00000  0.00     123.700   0
  78.1740        4.6000       1.79668  45.37    75.400    1
  52.6200        17.0000      1.49782  82.52    67.700    1
  699.2100       24.5953      1.00000  0.00     67.700    0
  -490.7080      2.5000       1.80384  33.89    43.400    1
  67.8590        4.4500       1.00000  0.00     41.300    0
  -227.9240      6.7000       1.80518  25.41    41.300    1
  -45.1530       2.3000       1.64000  60.03    41.300    1
  155.4560       27.4435      1.00000  0.00     41.300    0
  stop           1.3000       1.00000  0.00     40.520    0
  263.7550       4.6000       1.69680  55.60    41.200    1
  -128.7030      2.2400       1.00000  0.00     41.200    0
  -58.3970       2.9000       1.80384  33.89    41.200    1
  -172.8630      0.6000       1.00000  0.00     41.200    0
  46400.0000     5.5000       1.64000  60.03    41.500    1
  -66.6800       22.0000      1.00000  0.00     41.500    0
  0              7.2000       1.00000  0.00     38.000    0
  0              2.0000       1.51680  64.10    38.100    1
  0              83.5386      1.00000  0.00     38.100    0
