# Nikon AF-S Nikkor 24mm f/1.8G ED
#
# Patent: JP2017-003807
# Converted from photonstophotos.net Optical Bench data
# 24 surfaces, 14 glass elements, f/1.9

name: Nikon AF-S Nikkor 24mm f/1.8G ED
focal_length: 24.43

surfaces:
# radius       thickness    ior      abbe     semi_ap   coating
  40.6170        2.0000       1.77250  49.60    46.380    1
  20.2790        10.8200      1.00000  0.00     35.500    0
  61.0200        1.6500       1.61800  63.40    35.500    1
  25.1650        0.0800       1.51380  53.00    35.640    1
  20.8810        14.5200      1.00000  0.00     35.640    0
  68.3150        10.0400      1.90370  31.30    31.560    1
  -23.5290       1.5000       1.76180  26.60    31.180    1
  3223.0710      0.1500       1.00000  0.00     31.180    0
  52.7760        2.5000       1.68890  31.20    26.460    1
  59.8720        9.3600       1.00000  0.00     26.460    0
  31.7000        4.9300       1.69680  55.50    26.460    1
  -107.0810      0.6100       1.00000  0.00     26.460    0
  638.5540       1.0000       1.51820  59.00    24.620    1
  28.6310        4.8800       1.00000  0.00     22.630    0
  stop           4.0900       1.00000  0.00     21.394    0
  -21.8380       1.0000       1.69900  30.10    20.700    1
  119.3990       3.6100       1.49700  81.60    22.660    1
  -49.5190       0.2000       1.00000  0.00     23.180    0
  39.2570        1.0000       1.72920  54.70    24.760    1
  21.7170        7.0900       1.49700  81.60    25.280    1
  -43.6580       0.5200       1.00000  0.00     25.280    0
  -126.0600      0.1200       1.51380  53.00    26.060    1
  -78.7260       4.2400       1.61800  63.40    26.060    1
  -29.3060       38.4600      1.00000  0.00     28.820    0
