# US 8,867,147 Example 5
#
# Patent: US008867147
# Converted from photonstophotos.net Optical Bench data
# 17 surfaces, 10 glass elements, f/1.9

name: US 8,867,147 Example 5
focal_length: 20.20

surfaces:
# radius       thickness    ior      abbe     semi_ap   coating
  43.4000        2.0000       1.67790  55.34    47.370    1
  14.7000        8.8000       1.00000  0.00     36.200    0
  40.9300        1.5000       1.74100  52.64    34.440    1
  62.9740        9.5500       1.00000  0.00     33.090    0
  -44.2710       2.0000       1.49782  82.52    28.750    1
  34.4320        15.0000      1.80440  39.58    27.200    1
  -144.8860      12.4600      1.00000  0.00     27.200    0
  stop           6.4200       1.00000  0.00     26.918    0
  119.7630       8.7400       1.49782  82.52    33.200    1
  -28.5140       1.0000       1.77280  49.45    33.200    1
  -70.6850       0.9900       1.00000  0.00     33.200    0
  34.3750        10.2400      1.49782  82.52    34.030    1
  -87.8510       4.2100       1.00000  0.00     34.030    0
  69.6800        5.5400       1.49782  82.52    28.440    1
  -78.4660       1.3900       1.80610  40.92    32.160    1
  23.7360        9.6000       1.58913  61.13    32.160    1
  -52.5190       39.0000      1.00000  0.00     32.050    0
