# Nikon AF-S DX Nikkor 16-80mm f/2.8-4E ED VR
#
# Patent: US20180252903
# Converted from photonstophotos.net Optical Bench data
# 32 surfaces, 18 glass elements, f/2.7

name: Nikon AF-S DX Nikkor 16-80mm f/2.8-4E ED VR
focal_length: 16.49

surfaces:
# radius       thickness    ior      abbe     semi_ap   coating
  142.0841       1.8000       1.84666  23.80    57.900    1
  61.9890        6.8000       1.59319  67.90    53.460    1
  2234.5575      0.1000       1.00000  0.00     53.460    0
  54.6191        4.4000       1.81600  46.60    45.960    1
  160.8763       2.1000       1.00000  0.00     45.960    0
  111.3504       0.2000       1.56093  36.60    28.720    1
  74.6626        1.2000       1.81600  46.60    28.720    1
  13.2982        6.4500       1.00000  0.00     22.400    0
  -26.9404       1.0000       1.81600  46.60    19.840    1
  41.1466        0.8000       1.00000  0.00     19.840    0
  38.1511        4.5000       1.84666  23.80    18.480    1
  -28.4999       0.5000       1.00000  0.00     18.480    0
  -21.9935       1.0000       1.88300  40.70    18.480    1
  -53.6929       18.8460      1.00000  0.00     18.480    0
  stop           1.6000       1.00000  0.00     15.700    0
  237.4024       3.5000       1.54814  45.80    18.320    1
  -29.5254       0.1500       1.00000  0.00     18.320    0
  41.6861        4.2000       1.51742  52.20    18.820    1
  -26.9490       1.1000       1.90200  25.30    18.820    1
  -425.1659      0.1000       1.00000  0.00     19.340    0
  37.6178        2.8500       1.49782  82.60    19.000    1
  -64.0663       1.4340       1.00000  0.00     19.000    0
  -69.8212       0.8000       1.79050  45.00    18.320    1
  24.8201        2.0000       1.90200  25.30    18.140    1
  100.5311       2.5500       1.00000  0.00     17.960    0
  -22.0783       1.0000       1.81600  46.60    17.960    1
  -33.5779       9.3970       1.00000  0.00     17.960    0
  0              4.6000       1.49782  82.60    23.780    1
  -20.9967       0.1000       1.00000  0.00     23.780    0
  71.4508        6.1000       1.49782  82.60    24.620    1
  -20.0484       1.2000       1.88202  37.20    24.620    1
  -55.0644       37.9940      1.00000  0.00     24.620    0
