# US 4,099,850 Example 1
#
# Patent: US004099850
# Converted from photonstophotos.net Optical Bench data
# 13 surfaces, 6 glass elements, f/3.5

name: US 4,099,850 Example 1
focal_length: 28.60

surfaces:
# radius       thickness    ior      abbe     semi_ap   coating
  110.6000       2.6300       1.62374  47.00    38.500    1
  535.2600       0.1000       1.00000  0.00     38.500    0
  47.9200        1.4000       1.62041  60.30    33.170    1
  15.8400        26.8000      1.00000  0.00     24.340    0
  24.3700        2.7500       1.70154  41.10    14.860    1
  -56.3900       0.7000       1.00000  0.00     14.860    0
  stop           4.8000       1.00000  0.00     12.292    0
  -22.2600       4.4200       1.75520  27.50    16.020    1
  34.5000        1.0800       1.00000  0.00     14.260    0
  -76.0300       2.6500       1.62041  60.30    14.260    1
  -18.3400       0.1000       1.00000  0.00     16.020    0
  81.6100        2.4500       1.58913  61.20    18.670    1
  -42.9500       38.3200      1.00000  0.00     18.670    0
