# Nikon AF-S Nikkor 105mm f/1.4E ED
#
# Patent: WO2019-116563
# Converted from photonstophotos.net Optical Bench data
# 24 surfaces, 14 glass elements, f/1.4

name: Nikon AF-S Nikkor 105mm f/1.4E ED
focal_length: 102.15

surfaces:
# radius       thickness    ior      abbe     semi_ap   coating
  228.1479       4.9150       1.59349  67.00    76.740    1
  6415.6205      0.1000       1.00000  0.00     76.740    0
  98.0319        9.0040       1.49700  81.61    71.100    1
  -860.7055      0.1000       1.00000  0.00     71.100    0
  70.0561        11.6480      1.49700  81.61    63.360    1
  -266.9895      3.5000       1.72047  34.71    64.330    1
  168.2377       7.9560       1.00000  0.00     57.180    0
  -156.9444      4.0000       1.65940  26.87    54.760    1
  -74.8277       2.5000       1.51680  63.88    54.760    1
  48.8369        17.0290      1.00000  0.00     50.620    0
  59.4115        7.0840       2.00100  29.13    48.930    1
  -9603.9985     0.1000       1.00000  0.00     48.930    0
  101.9988       8.8890       1.69680  55.52    45.500    1
  -54.3899       1.8000       1.71736  29.57    45.500    1
  28.0230        6.0870       1.00000  0.00     34.320    0
  stop           1.3560       1.00000  0.00     34.204    0
  118.5500       5.5400       1.49700  81.61    34.540    1
  -59.9736       0.1000       1.00000  0.00     34.540    0
  -74.1390       1.6000       1.72047  34.71    36.040    1
  23.5612        8.1190       1.76684  46.78    33.020    1
  -400.5055      2.8280       1.00000  0.00     30.577    0
  -39.0201       1.6000       1.58184  40.98    30.577    1
  124.0696       5.3320       2.00100  29.13    32.530    1
  -52.6359       39.6320      1.00000  0.00     32.530    0
