# Nikon Nikkor Z DX 12-28mm f/3.5-5.6 PZ VR
#
# Patent: WO2024-053269
# Converted from photonstophotos.net Optical Bench data
# 24 surfaces, 12 glass elements, f/3.6

name: Nikon Nikkor Z DX 12-28mm f/3.5-5.6 PZ VR
focal_length: 12.36

surfaces:
# radius       thickness    ior      abbe     semi_ap   coating
  66.4503        4.0500       1.51680  0.00     44.700    1
  238.3020       0.1000       1.00000  0.00     42.340    0
  46.6160        1.7000       1.80400  0.00     32.870    1
  13.2990        7.2000       1.00000  0.00     22.560    0
  -466.4671      1.4000       1.80400  0.00     21.570    1
  13.2979        3.0000       1.00000  0.00     18.890    0
  18.3550        2.8500       1.84666  0.00     19.120    1
  56.2992        15.9740      1.00000  0.00     17.790    0
  71.8433        2.1400       1.51680  0.00     12.270    1
  -22.6664       0.1000       1.00000  0.00     12.270    0
  11.7967        1.8500       1.60342  0.00     10.640    1
  32.0363        0.4100       1.00000  0.00     9.930     0
  -827.1325      0.9500       1.84666  0.00     10.920    1
  30.6444        1.7000       1.00000  0.00     9.500     0
  stop           3.2000       1.00000  0.00     8.315     0
  22.3289        3.0000       1.49782  0.00     9.290     1
  -12.1747       1.0000       1.95000  0.00     10.200    1
  -20.6586       4.2500       1.00000  0.00     10.200    0
  -31.4221       1.3000       1.58913  0.00     11.000    1
  -20.3664       3.1140       1.00000  0.00     13.470    0
  -32.0982       1.0000       1.80610  0.00     12.260    1
  32.0982        3.3500       1.00000  0.00     15.630    0
  -163.0228      3.8000       1.85026  0.00     27.790    1
  -30.7917       9.8150       1.00000  0.00     27.790    0
