# Nikon Nikkor Z 24-200mm f/4-6.3 VR
#
# Patent: WO2020-157904
# Converted from photonstophotos.net Optical Bench data
# 35 surfaces, 19 glass elements, f/4.1

name: Nikon Nikkor Z 24-200mm f/4-6.3 VR
focal_length: 24.72

surfaces:
# radius       thickness    ior      abbe     semi_ap   coating
  185.7354       2.0000       1.90366  31.27    54.180    1
  75.9813        1.0263       1.00000  0.00     52.820    0
  81.5981        6.4204       1.59319  67.90    52.820    1
  -494.4016      0.1000       1.00000  0.00     52.820    0
  59.1320        6.1300       1.59319  67.90    51.280    1
  390.1369       1.5000       1.00000  0.00     51.280    0
  236.0277       1.2500       1.95375  32.33    26.540    1
  19.0394        5.0675       1.00000  0.00     22.440    0
  -46.6700       1.1000       1.75500  52.33    22.440    1
  68.1612        0.4169       1.00000  0.00     22.440    0
  37.1210        3.3840       1.92286  20.88    19.200    1
  -52.5580       0.5124       1.00000  0.00     19.200    0
  -32.9357       1.0000       1.81600  46.59    18.440    1
  416.8076       18.8391      1.00000  0.00     19.020    0
  stop           2.0000       1.00000  0.00     12.723    0
  39.8204        2.5136       1.90265  35.72    16.980    1
  -292.5261      0.5000       1.00000  0.00     16.980    0
  36.7161        1.0000       2.00100  29.12    18.340    1
  20.9452        3.3404       1.57957  53.74    17.660    1
  -76.0620       1.4447       1.00000  0.00     17.660    0
  -35.5626       1.0000       1.95375  32.33    15.780    1
  -290.1606      12.2317      1.00000  0.00     15.960    0
  37.1374        4.6344       1.83481  42.73    21.820    1
  -37.1374       1.0000       1.90366  31.27    21.820    1
  -308.9768      0.1000       1.00000  0.00     22.420    0
  31.6449        2.7756       1.95375  32.33    22.960    1
  15.2741        8.7030       1.49710  81.49    22.080    1
  -40.3095       5.5431       1.00000  0.00     22.080    0
  1365.4927      3.0634       1.84666  23.80    22.960    1
  -35.3251       1.0000       1.85135  40.13    23.560    1
  32.6144        10.0505      1.00000  0.00     23.560    0
  -16.9998       1.4000       1.82080  42.51    26.620    1
  -22.5398       0.1000       1.00000  0.00     29.340    0
  626.7496       3.5530       1.68376  37.57    34.740    1
  -77.6296       11.7549      1.00000  0.00     34.740    0
