# Nikon TC-E3ED with Main Lens
#
# Patent: JP2001-174702
# Converted from photonstophotos.net Optical Bench data
# 33 surfaces, 18 glass elements, f/4.2

name: Nikon TC-E3ED with Main Lens
focal_length: 68.43

surfaces:
# radius       thickness    ior      abbe     semi_ap   coating
  108.5252       2.7000       1.80518  25.43    56.840    1
  66.7410        10.3000      1.49700  81.61    55.280    1
  -666.9212      0.3000       1.00000  0.00     55.280    0
  41.1762        10.3000      1.49700  81.61    52.940    1
  113.2884       42.6851      1.00000  0.00     51.400    0
  -275.5622      2.7000       1.68893  31.07    14.080    1
  -27.5080       1.5000       1.83481  42.72    13.940    1
  12.2878        3.2000       1.72151  29.23    12.420    1
  43.6360        4.0000       1.00000  0.00     12.420    0
  0              1.0000       1.51680  64.10    10.360    1
  0              3.0347       1.00000  0.00     10.360    0
  24.4828        1.3000       1.80400  46.58    10.180    1
  9.0381         2.7500       1.00000  0.00     9.400     0
  -64.2224       1.1000       1.62041  60.29    9.180     1
  16.6428        0.6000       1.00000  0.00     9.180     0
  13.2531        2.5000       1.84666  23.78    9.620     1
  31.0852        3.0129       1.00000  0.00     9.620     0
  stop           1.0000       1.00000  0.00     8.220     0
  25.8727        2.2000       1.80400  46.58    10.240    1
  -53.1027       0.2000       1.00000  0.00     10.240    0
  10.8558        3.9000       1.63930  44.89    9.520     1
  -16.3258       4.0000       1.78470  26.30    9.140     1
  8.2972         0.9000       1.00000  0.00     8.300     0
  104.5327       1.9500       1.48749  70.24    8.300     1
  -30.4589       4.4500       1.00000  0.00     8.300     0
  16.9876        2.2500       1.80440  39.59    9.860     1
  41.3698        20.5395      1.00000  0.00     9.860     0
  132.1518       2.5000       1.60602  57.44    11.180    1
  -36.4729       1.0000       1.00000  0.00     11.180    0
  0              2.7600       1.45850  67.85    10.420    1
  0              1.4410       1.00000  0.00     10.420    0
  0              0.5000       1.51680  64.10    10.460    1
  0              1.3280       1.00000  0.00     10.460    0
