# Nikon AF-S Teleconverter TC-14E III
#
# Patent: JP2015-102734
# Converted from photonstophotos.net Optical Bench data
# 12 surfaces, 7 glass elements

name: Nikon AF-S Teleconverter TC-14E III
focal_length: 50.00

surfaces:
# radius       thickness    ior      abbe     semi_ap   coating
  0              26.2535      1.00000  0.00     59.000    0
  1248.9254      6.2000       1.64769  33.72    28.060    1
  -31.7990       1.6000       1.85026  32.35    28.060    1
  -54.2525       0.1000       1.00000  0.00     27.860    0
  -416.0382      1.7000       1.72916  54.61    27.860    1
  21.6656        7.1000       1.58144  40.98    27.860    1
  3624.4529      3.7000       1.00000  0.00     27.860    0
  -51.6910       1.7000       1.77250  49.62    29.340    1
  97.8569        0.1000       1.00000  0.00     29.340    0
  43.4154        7.8000       1.58144  40.98    32.980    1
  -43.4050       1.7000       1.80809  22.74    32.980    1
  -171.6744      41.2101      1.00000  0.00     32.980    0
