# US 8,879,901 Example 2 with 52mm f/1.45
#
# Patent: US008879901
# Converted from photonstophotos.net Optical Bench data
# 22 surfaces, 11 glass elements, f/1.0

name: US 8,879,901 Example 2 with 52mm f/1.45
focal_length: 36.64

surfaces:
# radius       thickness    ior      abbe     semi_ap   coating
  52.2387        6.0000       1.83481  0.00     44.020    1
  565.2751       0.1000       1.00000  0.00     44.020    0
  28.1185        4.4000       2.00069  0.00     38.220    1
  45.6886        1.5000       1.00000  0.00     34.800    0
  78.8809        2.0000       1.86074  0.00     34.800    1
  19.8082        9.3000       1.00000  0.00     29.770    0
  stop           7.7000       1.00000  0.00     24.771    0
  -19.2024       1.8000       1.80518  0.00     28.050    1
  -125.5269      0.0000       1.00000  0.00     31.970    0
  -125.5269      6.0000       1.78800  0.00     31.970    1
  -29.9331       0.2000       1.00000  0.00     36.020    0
  -92.9638       5.5000       1.83481  0.00     33.680    1
  -33.8967       0.1000       1.00000  0.00     36.380    0
  112.4183       3.3000       1.77250  0.00     35.530    1
  -161.9377      2.5200       1.00000  0.00     35.530    0
  -108.8120      1.0000       1.71300  0.00     46.200    1
  -433.0190      0.2500       1.00000  0.00     46.200    0
  25.1640        7.8640       1.88300  0.00     37.600    1
  115.2850       0.8500       1.71736  0.00     36.600    1
  18.6470        3.5790       1.00000  0.00     27.800    0
  37.4540        3.0000       1.71300  0.00     27.800    1
  214.2330       14.0000      1.00000  0.00     27.000    0
