# Nikon AF Zoom-Nikkor 35-105mm f/3.5-4.5D
#
# Patent: JP1992-293008
# Converted from photonstophotos.net Optical Bench data
# 25 surfaces, 13 glass elements, f/3.6

name: Nikon AF Zoom-Nikkor 35-105mm f/3.5-4.5D
focal_length: 36.00

surfaces:
# radius       thickness    ior      abbe     semi_ap   coating
  113.1250       1.5000       1.86074  23.00    47.300    1
  58.0960        8.0000       1.51860  70.10    44.920    1
  -132.3770      0.1000       1.00000  0.00     44.920    0
  33.8650        3.8000       1.65160  58.50    38.120    1
  57.3860        2.2850       1.00000  0.00     37.520    0
  52.1800        1.5000       1.67025  57.60    22.900    1
  12.7290        5.1000       1.00000  0.00     19.030    0
  -25.3860       1.1000       1.74810  52.30    17.580    1
  33.4610        2.3000       1.86074  23.00    17.580    1
  164.2980       0.1000       1.00000  0.00     17.580    0
  26.7370        1.9000       1.80458  25.50    18.290    1
  48.9030        14.3990      1.00000  0.00     18.290    0
  stop           1.0000       1.00000  0.00     16.607    0
  48.7060        3.5000       1.51860  70.10    19.100    1
  -40.4570       0.1000       1.00000  0.00     19.100    0
  20.7940        6.2000       1.50137  56.50    19.740    1
  -21.8680       3.0000       1.80384  33.90    19.740    1
  64.2350        5.6000       1.00000  0.00     19.740    0
  0              3.0280       1.00000  0.00     16.960    0
  -2358.5930     4.5000       1.65844  50.80    21.900    1
  -23.2640       0.1000       1.00000  0.00     21.900    0
  78.0780        3.3000       1.62280  57.00    23.770    1
  -53.9190       2.4000       1.00000  0.00     23.770    0
  -19.2640       1.2000       1.79631  40.90    22.290    1
  -205.7220      41.1220      1.00000  0.00     23.770    0
