# Nikon FC-E8 with Main Lens
#
# Patent: JP1999-305119
# Converted from photonstophotos.net Optical Bench data
# 30 surfaces, 16 glass elements, f/2.4

name: Nikon FC-E8 with Main Lens
focal_length: 1.28

surfaces:
# radius       thickness    ior      abbe     semi_ap   coating
  66.4433        3.0000       1.51680  64.20    60.900    1
  15.8827        8.2000       1.00000  0.00     30.510    0
  31.9738        2.0000       1.67790  55.52    29.840    1
  9.5074         8.8000       1.00000  0.00     18.370    0
  -30.2659       4.8000       1.64769  33.84    18.240    1
  -11.1700       1.2000       1.67790  55.52    17.440    1
  0              15.5000      1.00000  0.00     17.440    0
  129.2608       3.0000       1.51680  64.20    13.800    1
  -21.0587       5.0000       1.00000  0.00     13.800    0
  22.2121        1.1000       1.80610  33.27    13.920    1
  8.6992         2.8500       1.00000  0.00     11.780    0
  -40.9154       1.0000       1.51680  64.20    11.780    1
  8.3011         3.0000       1.84666  23.78    11.560    1
  20.0294        19.8330      1.00000  0.00     11.560    0
  stop           1.0000       1.00000  0.00     6.680     0
  32.0291        1.8000       1.80610  33.27    7.400     1
  -179.4438      0.1000       1.00000  0.00     7.400     0
  9.4557         5.0000       1.67003  47.19    7.580     1
  -12.7020       3.9500       1.84666  23.78    7.100     1
  7.7984         1.2000       1.00000  0.00     7.100     0
  -1708.3820     1.7500       1.80518  25.46    7.660     1
  -31.0757       0.8000       1.00000  0.00     7.660     0
  12.0582        2.3000       1.83500  42.97    8.660     1
  63.5769        3.0000       1.00000  0.00     8.660     0
  111.2911       1.9000       1.66547  55.18    8.380     1
  -22.0164       1.0000       1.00000  0.00     8.380     0
  0              2.9000       1.51680  64.12    8.340     1
  0              1.6000       1.00000  0.00     8.340     0
  0              0.8000       1.51680  64.12    7.700     1
  0              1.2035       1.00000  0.00     7.700     0
