# US 6,239,919 Example 2
#
# Patent: US006239919
# Converted from photonstophotos.net Optical Bench data
# 28 surfaces, 14 glass elements, f/2.9

name: US 6,239,919 Example 2
focal_length: 588.00

surfaces:
# radius       thickness    ior      abbe     semi_ap   coating
  0              10.0000      1.51680  64.10    205.000   1
  0              5.0000       1.00000  0.00     205.000   0
  777.3790       16.0000      1.49782  82.52    204.300   1
  -1331.4947     1.0000       1.00000  0.00     204.300   0
  457.2158       24.0000      1.49782  82.52    200.500   1
  -563.9526      3.0000       1.00000  0.00     200.500   0
  -556.8448      10.0000      1.79668  45.37    197.600   1
  923.8516       1.0000       1.00000  0.00     197.600   0
  240.4793       21.0000      1.49782  85.52    190.630   1
  688.5982       143.2000     1.00000  0.00     190.630   0
  137.9034       6.8000       1.79668  45.37    122.200   1
  90.9017        24.0000      1.49782  82.52    114.000   1
  850.4092       97.4019      1.00000  0.00     114.000   0
  517.7792       2.5000       1.79668  45.37    42.500    1
  59.9165        4.4500       1.00000  0.00     40.300    0
  -304.6534      6.7000       1.80518  25.41    40.300    1
  -54.3880       2.3000       1.67025  57.53    40.300    1
  129.9334       16.2643      1.00000  0.00     40.300    0
  stop           1.7000       1.00000  0.00     39.140    0
  169.7130       7.0000       1.49782  82.52    40.300    1
  -68.8240       2.4000       1.00000  0.00     40.300    0
  -65.9739       2.9000       1.79668  45.37    38.400    1
  -292.5412      0.6000       1.00000  0.00     40.600    0
  117.8353       5.5000       1.49782  82.52    40.900    1
  -123.7331      12.0000      1.00000  0.00     40.900    0
  0              15.0000      1.00000  0.00     35.000    0
  0              2.0000       1.51680  64.10    35.400    1
  0              77.2660      1.00000  0.00     35.400    0
