# Nikon AF Zoom-Nikkor 28-105mm f/3.5-4.5D IF
#
# Patent: JP1999-142740
# Converted from photonstophotos.net Optical Bench data
# 30 surfaces, 17 glass elements, f/3.6

name: Nikon AF Zoom-Nikkor 28-105mm f/3.5-4.5D IF
focal_length: 29.00

surfaces:
# radius       thickness    ior      abbe     semi_ap   coating
  64.5973        1.6000       1.86074  23.01    56.160    1
  43.9347        7.0000       1.60300  65.42    53.220    1
  133.2522       0.1000       1.00000  0.00     53.220    0
  44.9614        6.0000       1.62041  60.14    48.750    1
  138.3605       1.8204       1.00000  0.00     46.080    0
  359.2250       0.0500       1.49521  56.34    27.400    1
  80.0000        1.6000       1.84042  43.35    27.400    1
  13.9478        5.0000       1.00000  0.00     19.530    0
  -50.5658       1.0000       1.79668  45.37    19.530    1
  40.8399        0.5000       1.00000  0.00     21.820    0
  27.3815        4.0000       1.68893  31.08    20.550    1
  -39.3832       1.6000       1.00000  0.00     17.870    0
  -16.5150       1.1000       1.77279  49.45    17.870    1
  336.3078       2.3500       1.80458  25.50    20.550    1
  -35.8693       11.7324      1.00000  0.00     20.550    0
  stop           1.2500       1.00000  0.00     16.179    0
  96.4666        3.2000       1.61272  58.54    22.220    1
  -50.6821       0.1000       1.00000  0.00     22.220    0
  33.1081        6.0000       1.62041  60.14    22.220    1
  -23.7072       1.5000       1.83400  37.35    22.220    1
  138.4546       5.7931       1.00000  0.00     22.220    0
  15.0479        3.2000       1.60300  65.42    21.990    1
  17.0707        1.3000       1.00000  0.00     19.840    0
  27.0235        1.8500       1.79668  45.37    21.360    1
  11.8865        8.5000       1.51680  64.10    19.490    1
  -39.1959       1.0000       1.00000  0.00     19.490    0
  -92.6264       6.0000       1.48749  70.41    19.280    1
  -19.2953       1.2000       1.00000  0.00     20.730    0
  -14.8995       1.5000       1.79668  45.37    20.730    1
  -34.2597       37.9429      1.00000  0.00     22.260    0
