# Nikon AF Nikkor 85mm f/1.8D
#
# Patent: JP1995-209571
# Converted from photonstophotos.net Optical Bench data
# 14 surfaces, 6 glass elements, f/1.8

name: Nikon AF Nikkor 85mm f/1.8D
focal_length: 84.81

surfaces:
# radius       thickness    ior      abbe     semi_ap   coating
  42.4000        8.8000       1.76684  46.80    48.620    1
  223.2010       0.2000       1.00000  0.00     45.580    0
  32.6050        7.8000       1.72000  50.20    41.030    1
  59.9740        1.6000       1.00000  0.00     39.690    0
  111.1730       3.2000       1.78470  26.10    39.690    1
  21.4900        8.6000       1.00000  0.00     30.560    0
  stop           19.1869      1.00000  0.00     27.882    0
  -24.5560       2.4000       1.62588  35.70    27.430    1
  -115.0210      2.0000       1.00000  0.00     31.660    0
  -71.2480       5.0000       1.69350  53.80    31.660    1
  -29.7540       0.0000       1.00000  0.00     31.660    0
  0              0.2000       1.00000  0.00     36.000    0
  82.8150        5.0000       1.76684  46.80    32.430    1
  -140.4710      38.2935      1.00000  0.00     32.430    0
