# US 5,323,270 Example 1
#
# Patent: US005323270
# Converted from photonstophotos.net Optical Bench data
# 18 surfaces, 9 glass elements, f/3.6

name: US 5,323,270 Example 1
focal_length: 392.00

surfaces:
# radius       thickness    ior      abbe     semi_ap   coating
  198.5770       13.0000      1.49782  82.60    114.800   1
  -550.4820      1.0000       1.00000  0.00     114.800   0
  131.7460       16.6000      1.49782  82.60    109.100   1
  -1037.7980     7.5600       1.00000  0.00     109.100   0
  -555.8930      5.2000       1.75692  31.60    100.400   1
  304.6860       41.1300      1.00000  0.00     100.400   0
  245.7240       3.5000       1.49782  82.60    77.700    1
  551.5830       37.3781      1.00000  0.00     77.700    0
  -1528.6220     5.7000       1.67270  32.20    51.100    1
  -100.6240      2.5000       1.51680  64.10    50.000    1
  130.4750       3.8500       1.00000  0.00     46.700    0
  -200.6810      2.5000       1.56384  60.70    47.000    1
  81.6460        18.4100      1.00000  0.00     47.000    0
  378.6140       5.7000       1.49782  82.60    46.400    1
  -97.2580       29.4500      1.00000  0.00     46.400    0
  stop           27.0500      1.00000  0.00     35.000    0
  0              2.0000       1.51680  64.10    40.000    1
  0              96.4979      1.00000  0.00     40.000    0
