# Nikon AF-S DX Zoom-Nikkor 55-200mm f/4-5.6G IF-ED VR
#
# Patent: US20070183042
# Converted from photonstophotos.net Optical Bench data
# 27 surfaces, 15 glass elements, f/4.1

name: Nikon AF-S DX Zoom-Nikkor 55-200mm f/4-5.6G IF-ED VR
focal_length: 56.10

surfaces:
# radius       thickness    ior      abbe     semi_ap   coating
  258.9150       3.2200       1.51680  64.12    41.890    1
  -258.9150      11.8900      1.00000  0.00     41.890    0
  50.3340        1.5000       1.84666  23.78    34.470    1
  35.9420        5.6600       1.48749  70.45    33.040    1
  -352.2770      2.0000       1.00000  0.00     33.040    0
  -139.9090      1.4000       1.77250  49.61    20.920    1
  67.6200        2.0500       1.00000  0.00     20.920    0
  -165.3370      1.4000       1.65844  50.88    21.820    1
  18.5030        4.1700       1.80518  25.43    21.820    1
  165.0330       1.4600       1.00000  0.00     19.510    0
  -41.7740       1.4000       1.77250  49.61    19.510    1
  96.8000        20.5600      1.00000  0.00     21.820    0
  stop           1.9000       1.00000  0.00     19.923    0
  212.4070       2.9400       1.80440  39.57    22.940    1
  -48.2500       0.2000       1.00000  0.00     22.940    0
  31.7470        5.1300       1.49782  82.56    22.940    1
  -35.4450       1.4000       1.80518  25.43    22.940    1
  81.7370        0.2000       1.00000  0.00     22.940    0
  25.7990        3.7800       1.51823  58.89    22.120    1
  -183.1310      11.1400      1.00000  0.00     22.120    0
  -211.9660      2.8700       1.79504  28.69    18.120    1
  -19.5310       1.1000       1.74400  44.79    18.120    1
  31.1740        8.2400       1.00000  0.00     18.120    0
  42.3300        3.5700       1.60342  38.00    18.700    1
  -39.2240       1.4400       1.00000  0.00     18.700    0
  -19.0470       1.4000       1.83400  37.17    18.700    1
  -41.8290       39.0000      1.00000  0.00     18.700    0
