# Nikon AF-S DX Micro Nikkor 40mm f/2.8G
#
# Patent: US20110176215
# Converted from photonstophotos.net Optical Bench data
# 17 surfaces, 9 glass elements, f/2.9

name: Nikon AF-S DX Micro Nikkor 40mm f/2.8G
focal_length: 40.00

surfaces:
# radius       thickness    ior      abbe     semi_ap   coating
  39.6938        3.5000       1.74400  44.79    22.790    1
  -216.2230      1.5000       1.51633  64.14    22.010    1
  13.1290        12.5000      1.00000  0.00     18.470    0
  34.1159        6.1000       1.70000  48.08    19.240    1
  -14.9811       1.5000       1.58144  40.75    19.240    1
  265.8581       2.5000       1.00000  0.00     19.240    0
  stop           7.2000       1.00000  0.00     15.522    0
  -33.7748       1.4000       1.74077  27.79    20.380    1
  41.5423        1.7000       1.00000  0.00     15.480    0
  -60.0662       3.3000       1.65160  58.55    15.480    1
  -26.1423       0.2000       1.00000  0.00     20.100    0
  54.7001        3.9000       1.74100  52.64    19.440    1
  -34.9008       1.2000       1.00000  0.00     19.440    0
  229.2568       1.6000       1.77250  49.60    24.000    1
  37.7106        1.0000       1.00000  0.00     21.640    0
  70.8279        3.6000       1.54814  45.78    24.580    1
  -91.4184       39.8180      1.00000  0.00     24.580    0
