# Nikon AF-S Nikkor 14-24mm f/2.8G ED
#
# Patent: US007359125
# Converted from photonstophotos.net Optical Bench data
# 27 surfaces, 15 glass elements, f/2.9

name: Nikon AF-S Nikkor 14-24mm f/2.8G ED
focal_length: 14.40

surfaces:
# radius       thickness    ior      abbe     semi_ap   coating
  60.3937        3.5000       1.80400  46.58    82.820    1
  32.2703        7.0835       1.00000  0.00     62.020    0
  35.5000        4.0000       1.67790  55.34    59.460    1
  19.5117        12.8951      1.00000  0.00     51.780    0
  87.0449        2.5000       1.74100  52.67    50.180    1
  26.3306        0.3000       1.55389  38.09    39.620    1
  30.2448        12.6887      1.00000  0.00     39.550    0
  -67.9930       2.5896       1.49782  82.52    39.550    1
  48.0626        2.0000       1.00000  0.00     39.300    0
  48.4880        5.9634       1.80440  39.59    39.300    1
  -181.2948      31.9300      1.00000  0.00     39.300    0
  34.6184        1.0000       1.83481  42.72    24.140    1
  19.4637        5.2931       1.62374  47.04    23.120    1
  611.5990       5.8600       1.00000  0.00     23.120    0
  stop           1.6689       1.00000  0.00     18.329    0
  -265.5383      2.6545       1.51680  64.20    23.720    1
  -47.2569       9.0744       1.00000  0.00     23.720    0
  -27.9322       1.6819       1.83481  42.72    23.520    1
  138.6775       0.1000       1.00000  0.00     23.520    0
  35.6745        4.4701       1.57099  50.80    24.540    1
  -71.8719       0.1000       1.00000  0.00     24.540    0
  27.2079        1.3817       1.77279  49.45    25.160    1
  16.4317        8.4910       1.49782  82.52    24.340    1
  -53.0000       1.7210       1.00000  0.00     24.340    0
  1336.7107      1.0000       1.80610  40.94    24.960    1
  20.3824        6.3537       1.58913  61.18    24.960    1
  -60.1135       38.7000      1.00000  0.00     24.960    0
