# WO 2023/190222 Example 1 Nikon Nikkor Z 26mm F/2.8
#
# Patent: WO2023-190222
# Converted from photonstophotos.net Optical Bench data
# 16 surfaces, 9 glass elements, f/2.9

name: WO 2023/190222 Example 1 Nikon Nikkor Z 26mm F/2.8
focal_length: 26.78

surfaces:
# radius       thickness    ior      abbe     semi_ap   coating
  11.7023        1.2700       1.58913  61.10    11.040    1
  13.3834        1.6200       1.00000  0.00     9.900     0
  stop           1.5900       1.00000  0.00     8.883     0
  -37.9340       0.7000       1.59270  35.30    10.020    1
  11.3539        2.8000       1.88300  40.70    10.020    1
  -46.9028       0.3100       1.00000  0.00     10.020    0
  58.3885        3.8700       1.81600  46.60    11.040    1
  -8.9350        0.7000       1.62004  36.40    11.040    1
  39.6966        2.9200       1.00000  0.00     12.500    0
  -9.5283        1.1000       1.58313  59.50    13.080    1
  -9.4700        2.1700       1.00000  0.00     14.580    0
  -9.3619        1.0000       1.75520  27.60    15.120    1
  -25.3952       0.7100       1.00000  0.00     19.560    0
  -45.8666       0.1000       1.56093  36.60    24.520    1
  -59.6991       6.5300       1.88300  40.70    24.520    1
  -18.9801       10.7600      1.00000  0.00     28.060    0
