# Nikon IX-Nikkor 30-60mm f/4-5.6
#
# Patent: JP1998-206733
# Converted from photonstophotos.net Optical Bench data
# 13 surfaces, 6 glass elements, f/4.1

name: Nikon IX-Nikkor 30-60mm f/4-5.6
focal_length: 31.63

surfaces:
# radius       thickness    ior      abbe     semi_ap   coating
  103.3099       1.1997       1.79668  45.37    22.930    1
  15.8651        5.0523       1.00000  0.00     21.040    0
  19.1488        1.9016       1.84666  23.82    18.610    1
  27.5312        17.4850      1.00000  0.00     18.050    0
  20.8803        2.5014       1.65844  50.84    14.180    1
  -54.9016       1.1997       1.00000  0.00     14.180    0
  stop           0.5009       1.00000  0.00     12.251    0
  21.2111        2.7200       1.65844  50.84    13.230    1
  -3078.5714     0.5998       1.00000  0.00     13.230    0
  -29.9862       2.6900       1.80518  25.35    10.780    1
  16.2546        1.9511       1.00000  0.00     13.230    0
  -54.9789       2.2510       1.69895  30.04    13.230    1
  -17.4451       40.0200      1.00000  0.00     13.230    0
