# US 4,978,205 Example 1
#
# Patent: US004978205
# Converted from photonstophotos.net Optical Bench data
# 23 surfaces, 12 glass elements, f/2.8

name: US 4,978,205 Example 1
focal_length: 297.00

surfaces:
# radius       thickness    ior      abbe     semi_ap   coating
  109.9270       15.6000      1.49782  82.60    108.600   1
  13476.6640     0.3000       1.00000  0.00     108.600   0
  114.1200       16.5000      1.49782  82.60    100.500   1
  -473.4300      3.7000       1.00000  0.00     100.500   0
  -370.5000      4.5000       1.74950  35.20    94.700    1
  307.5340       35.9800      1.00000  0.00     94.700    0
  83.4630        2.3000       1.71300  53.90    62.600    1
  37.4450        12.9000      1.51860  69.90    56.700    1
  179.2910       3.0100       1.00000  0.00     56.700    0
  221.8410       7.6000       1.80384  33.90    53.500    1
  -81.9070       1.9000       1.60311  60.70    51.800    1
  89.1960        5.4000       1.00000  0.00     45.100    0
  -140.0000      1.9000       1.74810  52.30    46.200    1
  70.4830        14.8400      1.00000  0.00     42.700    0
  135.4370       6.9000       1.49782  82.60    44.700    1
  -72.0130       1.6000       1.00000  0.00     44.700    0
  -51.6540       6.5000       1.79504  28.60    45.700    1
  -207.7750      5.5000       1.00000  0.00     45.700    0
  -336.2480      5.6000       1.75692  31.60    45.400    1
  -66.7800       11.2600      1.00000  0.00     45.400    0
  stop           27.0900      1.00000  0.00     38.817    0
  0              2.0000       1.51680  64.10    34.200    1
  0              78.5000      1.00000  0.00     34.200    0
