# US 7,411,745 Example 3
#
# Patent: US007411745
# Converted from photonstophotos.net Optical Bench data
# 23 surfaces, 13 glass elements, f/1.8

name: US 7,411,745 Example 3
focal_length: 195.00

surfaces:
# radius       thickness    ior      abbe     semi_ap   coating
  104.2040       20.0000      1.49782  82.60    106.760   1
  -630.8900      0.3000       1.00000  0.00     106.760   0
  88.7010        21.0000      1.49782  82.60    95.760    1
  -270.0950      4.0000       1.74810  52.30    93.700    1
  128.3450       15.3900      1.00000  0.00     83.980    0
  71.4410        8.0000       1.44679  91.00    73.740    1
  174.3200       1.0000       1.00000  0.00     73.740    0
  74.0050        3.0000       1.74810  52.30    67.860    1
  34.1210        15.0000      1.49782  82.60    58.040    1
  126.5460       5.5000       1.00000  0.00     58.040    0
  -957.7110      4.8000       1.80454  39.60    50.240    1
  -100.1380      3.0000       1.51454  54.60    48.640    1
  55.5540        8.0000       1.00000  0.00     42.240    0
  -109.1510      6.0000       1.80384  33.90    41.420    1
  -51.9230       3.0000       1.62280  57.00    40.820    1
  54.9800        15.5239      1.00000  0.00     37.540    0
  stop           1.2000       1.00000  0.00     36.680    0
  111.1540       4.5000       1.74810  52.30    37.940    1
  -121.6990      2.7000       1.00000  0.00     37.940    0
  -49.1280       3.0000       1.72825  38.50    37.940    1
  -104.8980      8.0000       1.00000  0.00     37.940    0
  413.2760       5.0000       1.64000  60.10    39.740    1
  -69.2150       59.4575      1.00000  0.00     39.740    0
