# US 7,411,745 Example 1
#
# Patent: US007411745
# Converted from photonstophotos.net Optical Bench data
# 23 surfaces, 13 glass elements, f/2.0

name: US 7,411,745 Example 1
focal_length: 195.00

surfaces:
# radius       thickness    ior      abbe     semi_ap   coating
  127.7528       13.0000      1.49782  82.50    109.620   1
  611.7092       0.3000       1.00000  0.00     109.620   0
  95.4761        21.0000      1.49782  82.60    102.960   1
  -551.5251      4.0000       1.73350  51.10    100.400   1
  172.3337       1.0000       1.00000  0.00     94.000    0
  85.7595        10.0000      1.49782  82.50    91.440    1
  227.7262       1.0000       1.00000  0.00     91.440    0
  84.0750        3.0000       1.77279  49.50    84.020    1
  40.7485        22.0000      1.49782  82.50    72.760    1
  718.7147       19.0000      1.00000  0.00     72.760    0
  -280.3560      4.0000       1.80384  33.90    45.840    1
  -88.3062       3.0000       1.67025  57.50    44.560    1
  65.1793        4.0000       1.00000  0.00     40.100    0
  -240.8586      7.0000       1.84042  43.40    40.100    1
  -40.6610       3.0000       1.64000  60.10    40.480    1
  48.0239        15.5410      1.00000  0.00     36.120    0
  stop           1.2000       1.00000  0.00     35.136    0
  87.9799        5.0000       1.74810  52.30    36.840    1
  -135.7440      2.6000       1.00000  0.00     36.840    0
  -45.0000       3.0000       1.79504  28.60    35.000    1
  -107.1007      3.0000       1.00000  0.00     36.680    0
  -362.7077      4.5000       1.67025  57.50    39.300    1
  -52.8708       64.7048      1.00000  0.00     39.300    0
