# Nikon PC-E Nikkor 24mm f/3.5D ED
#
# Patent: JP2008-151949
# Converted from photonstophotos.net Optical Bench data
# 26 surfaces, 15 glass elements, f/3.6

name: Nikon PC-E Nikkor 24mm f/3.5D ED
focal_length: 24.64

surfaces:
# radius       thickness    ior      abbe     semi_ap   coating
  51.3085        2.3000       1.80400  46.58    51.080    1
  23.3997        0.2000       1.55389  38.09    38.460    1
  17.9290        5.7000       1.00000  0.00     38.460    0
  35.3343        1.9000       1.80100  34.96    42.580    1
  19.4911        6.0000       1.00000  0.00     32.150    0
  45.0079        1.4000       1.58313  59.38    35.620    1
  28.3075        0.1000       1.55389  38.09    33.340    1
  26.4860        7.3000       1.00000  0.00     33.340    0
  50.5648        7.5000       1.58144  40.75    30.450    1
  -36.7513       0.9000       1.00000  0.00     30.450    0
  -35.7288       1.5500       1.49700  81.61    26.920    1
  30.3482        0.7500       1.00000  0.00     24.200    0
  41.6778        9.0000       1.54814  45.79    25.710    1
  -25.7030       1.2000       1.80610  40.94    25.710    1
  -564.5828      0.2000       1.00000  0.00     22.420    0
  49.3653        1.5000       1.80400  46.58    21.510    1
  26.3180        10.0000      1.54814  45.79    21.510    1
  -31.7447       11.6810      1.00000  0.00     21.510    0
  stop           6.5426       1.00000  0.00     18.896    0
  34.7596        9.3000       1.49700  81.61    21.380    1
  -34.7596       0.2500       1.00000  0.00     21.380    0
  -54.5882       1.2000       1.83400  37.17    22.820    1
  26.7220        5.4000       1.49700  81.61    23.780    1
  -70.0880       0.8000       1.00000  0.00     23.780    0
  -84.7454       3.3000       1.51633  64.14    24.580    1
  -40.1302       56.5000      1.00000  0.00     25.520    0
