# US 9,405,094 Example 2
#
# Patent: US009405094
# Converted from photonstophotos.net Optical Bench data
# 32 surfaces, 17 glass elements, f/5.7

name: US 9,405,094 Example 2
focal_length: 776.00

surfaces:
# radius       thickness    ior      abbe     semi_ap   coating
  1200.3704      5.0000       1.51680  63.88    143.880   1
  1199.7897      1.0000       1.00000  0.00     143.880   0
  211.9368       16.0000      1.43385  95.25    144.050   1
  -6961.8730     0.1000       1.00000  0.00     144.050   0
  239.3724       18.0000      1.43385  95.25    140.260   1
  -564.3945      2.1410       1.00000  0.00     140.260   0
  -602.5755      7.9000       1.71300  53.96    137.230   1
  727.6263       93.8890      1.00000  0.00     137.230   0
  130.0984       6.9000       1.71300  53.96    96.620    1
  74.0210        16.0000      1.49782  82.57    89.740    1
  342.6363       71.8400      1.00000  0.00     89.740    0
  148.2784       3.5000       1.79500  45.31    47.340    1
  75.8260        4.3140       1.00000  0.00     43.410    0
  -211.9303      5.0000       1.79504  28.69    43.410    1
  -70.5538       3.5000       1.71700  47.97    45.340    1
  196.0322       21.0500      1.00000  0.00     45.340    0
  stop           6.6000       1.00000  0.00     42.137    0
  236.4774       6.0000       1.54814  45.51    44.540    1
  -145.9477      2.5000       1.00000  0.00     44.540    0
  -143.3706      3.0000       1.84666  23.80    44.140    1
  -374.1519      7.0000       1.00000  0.00     44.140    0
  142.8538       6.0000       1.51823  58.82    43.740    1
  1037.9039      82.8980      1.00000  0.00     43.740    0
  349.9457       2.4000       1.90265  35.72    39.300    1
  55.9095        8.0000       1.62004  36.26    39.300    1
  -1342.2178     5.0000       1.00000  0.00     39.300    0
  734.3913       2.5000       1.59319  67.90    38.500    1
  61.4918        8.0000       1.69895  30.13    38.500    1
  192.9029       10.0000      1.00000  0.00     38.500    0
  0              2.0000       1.51680  63.88    38.500    1
  0              40.0000      1.00000  0.00     38.500    0
  0              42.0000      1.00000  0.00     43.700    0
