# Nikon AF-S Zoom-Nikkor 24-85mm f/3.5-4.5G IF-ED
#
# Patent: JP2003-241093
# Converted from photonstophotos.net Optical Bench data
# 29 surfaces, 16 glass elements, f/3.6

name: Nikon AF-S Zoom-Nikkor 24-85mm f/3.5-4.5G IF-ED
focal_length: 25.00

surfaces:
# radius       thickness    ior      abbe     semi_ap   coating
  264.9156       1.7000       1.84666  23.80    56.580    1
  72.7684        6.4000       1.69680  55.50    53.940    1
  -862.3598      0.1000       1.00000  0.00     53.940    0
  45.6976        4.9500       1.78800  47.40    48.360    1
  105.6030       2.4500       1.00000  0.00     47.860    0
  54.7045        0.1000       1.55389  38.10    26.260    1
  60.0000        1.2000       1.83481  42.70    26.180    1
  12.1693        5.4500       1.00000  0.00     19.120    0
  -44.3426       1.0000       1.80400  46.60    18.780    1
  19.1723        2.1000       1.80809  22.80    17.520    1
  34.1502        0.2000       1.00000  0.00     17.520    0
  24.0138        2.3000       1.84666  23.80    17.240    1
  131.1830       12.9000      1.00000  0.00     17.240    0
  stop           0.3000       1.00000  0.00     13.213    0
  28.1774        0.8000       1.84666  23.80    16.820    1
  14.4754        4.4000       1.58913  61.20    16.760    1
  -58.0248       0.1000       1.00000  0.00     16.760    0
  28.1260        3.0000       1.51680  0.00     17.040    1
  -79.4699       1.4500       1.00000  0.00     17.040    0
  -62.3232       2.4000       1.84666  23.80    15.840    1
  -17.1463       0.1000       1.00000  0.00     15.840    0
  -16.2977       0.8000       1.80400  46.60    15.840    1
  56.3639        11.2100      1.00000  0.00     16.540    0
  217.1899       5.7000       1.49782  82.50    23.420    1
  -18.7844       0.1000       1.00000  0.00     23.420    0
  86.1752        3.5000       1.65160  58.50    24.240    1
  -50.8335       2.4000       1.00000  0.00     24.240    0
  -20.3200       1.1000       1.84666  23.80    23.630    1
  -62.4223       38.5700      1.00000  0.00     25.700    0
