# Nikon AF Zoom-Nikkor 80-200mm f/2.8D ED
#
# Patent: JP1987-108218
# Converted from photonstophotos.net Optical Bench data
# 28 surfaces, 16 glass elements, f/2.9

name: Nikon AF Zoom-Nikkor 80-200mm f/2.8D ED
focal_length: 80.00

surfaces:
# radius       thickness    ior      abbe     semi_ap   coating
  106.6710       3.0000       1.80458  25.50    72.890    1
  74.1240        10.3000      1.49782  82.60    69.720    1
  -2623.0000     0.2000       1.00000  0.00     69.720    0
  103.0200       7.2000       1.49782  82.60    67.030    1
  2355.4190      1.8340       1.00000  0.00     67.030    0
  -661.3600      3.9000       1.62588  35.60    43.600    1
  -73.9930       1.6000       1.56384  60.80    44.120    1
  48.0030        7.1000       1.00000  0.00     38.980    0
  -65.9210       1.5000       1.51680  64.10    38.980    1
  52.9250        4.7000       1.80458  25.50    40.240    1
  557.4500       2.5000       1.00000  0.00     38.980    0
  -90.1000       1.6000       1.71300  54.00    38.980    1
  221.9890       26.5360      1.00000  0.00     41.890    0
  861.8400       4.5000       1.51835  60.30    41.040    1
  -67.7300       0.2000       1.00000  0.00     41.040    0
  104.0390       7.5000       1.56384  60.80    40.520    1
  -52.8470       1.8000       1.75692  31.70    40.520    1
  -546.0690      18.0050      1.00000  0.00     40.520    0
  50.3190        5.8000       1.49782  82.60    40.960    1
  885.6200       0.2000       1.00000  0.00     40.960    0
  43.5980        6.4000       1.48749  70.20    38.920    1
  -29900.0000    1.8000       1.80458  25.50    38.920    1
  292.5200       9.2000       1.00000  0.00     38.920    0
  stop           2.2000       1.00000  0.00     28.662    0
  567.5300       1.5000       1.74400  45.10    28.500    1
  28.8080        16.7000      1.00000  0.00     27.480    0
  86.0730        3.3000       1.66755  42.00    30.720    1
  -192.6090      66.1580      1.00000  0.00     30.720    0
