# Nikon AF Zoom-Nikkor 70-210mm f/4-5.6
#
# Patent: JP1988-118116
# Converted from photonstophotos.net Optical Bench data
# 22 surfaces, 12 glass elements, f/4.1

name: Nikon AF Zoom-Nikkor 70-210mm f/4-5.6
focal_length: 71.50

surfaces:
# radius       thickness    ior      abbe     semi_ap   coating
  124.7450       3.7000       1.51680  64.10    48.650    1
  4325.3650      0.1000       1.00000  0.00     48.650    0
  87.6100        2.0000       1.80458  25.50    48.510    1
  52.4530        7.7000       1.51680  64.10    48.020    1
  -416.5420      1.7410       1.00000  0.00     48.020    0
  -150.7510      1.2000       1.65160  58.50    22.590    1
  20.5430        3.4000       1.86074  23.00    25.540    1
  36.3700        4.2000       1.00000  0.00     24.060    0
  -35.4840       1.2000       1.65160  58.50    24.060    1
  2543.9720      16.9850      1.00000  0.00     25.540    0
  103.3080       4.5000       1.50137  56.50    25.360    1
  -38.1490       0.2000       1.00000  0.00     25.360    0
  64.3310        5.3000       1.51860  70.10    25.490    1
  -31.5330       1.4000       1.75520  27.60    25.220    1
  -368.8700      0.8000       1.00000  0.00     25.220    0
  29.0480        3.6000       1.69350  53.80    24.420    1
  44.4230        2.7000       1.00000  0.00     22.570    0
  stop           19.7000      1.00000  0.00     22.040    0
  -18.1380       2.1000       1.76684  46.80    23.440    1
  -28.8760       0.2000       1.00000  0.00     24.200    0
  -4032.0120     2.8000       1.72825  28.30    26.350    1
  -71.6620       40.9220      1.00000  0.00     26.350    0
