# Nikon AF-P DX Nikkor 18-55mm f/3.5-5.6G VR
#
# Patent: US010690896
# Converted from photonstophotos.net Optical Bench data
# 23 surfaces, 13 glass elements, f/3.6

name: Nikon AF-P DX Nikkor 18-55mm f/3.5-5.6G VR
focal_length: 18.50

surfaces:
# radius       thickness    ior      abbe     semi_ap   coating
  80.7200        2.0000       1.58913  61.22    40.060    1
  18.8800        0.1700       1.56093  36.64    32.180    1
  17.0500        9.3500       1.00000  0.00     31.720    0
  240.4800       1.4000       1.62299  58.12    31.420    1
  17.6300        5.0000       1.84666  23.80    27.280    1
  32.7400        33.5100      1.00000  0.00     27.280    0
  164.1900       1.6500       1.48749  70.31    17.160    1
  -48.2300       6.2300       1.00000  0.00     17.160    0
  -30.4900       0.8000       1.77250  49.62    15.460    1
  -87.6400       2.9600       1.00000  0.00     15.460    0
  46.4300        3.0500       1.48749  70.31    16.920    1
  -31.9900       0.1000       1.00000  0.00     16.920    0
  25.5000        4.2000       1.48749  70.31    16.960    1
  -25.5000       0.8000       1.84666  23.80    16.680    1
  -60.7900       0.7500       1.00000  0.00     16.680    0
  stop           1.7000       1.00000  0.00     13.647    0
  -43.8800       2.2700       1.75520  27.57    13.720    1
  -13.9000       0.8000       1.70154  41.02    13.720    1
  38.9800        9.0700       1.00000  0.00     13.720    0
  81.9300        1.3000       1.52444  56.21    14.480    1
  91.6200        1.6000       1.00000  0.00     14.480    0
  -179.9200      2.3000       1.51680  63.88    15.460    1
  -21.9500       43.8500      1.00000  0.00     15.460    0
