# Nikon Nikkor 300mm f/2 ED-IF
#
# Patent: US004732459
# Converted from photonstophotos.net Optical Bench data
# 20 surfaces, 11 glass elements, f/2.0

name: Nikon Nikkor 300mm f/2 ED-IF
focal_length: 300.00

surfaces:
# radius       thickness    ior      abbe     semi_ap   coating
  443.3730       14.5000      1.49782  82.30    160.700   1
  -745.6630      0.5000       1.00000  0.00     160.700   0
  235.4100       21.0000      1.49782  82.30    154.860   1
  -599.8160      6.8500       1.00000  0.00     154.860   0
  -527.8480      6.0000       1.74950  35.20    151.540   1
  473.7870       1.7000       1.00000  0.00     151.540   0
  176.9000       15.0000      1.49782  82.30    143.200   1
  558.1890       102.7010     1.00000  0.00     143.200   0
  749.6720       8.0000       1.79504  28.60    77.780    1
  -189.4960      3.6500       1.51454  54.60    76.120    1
  125.2710       12.0000      1.00000  0.00     67.780    0
  -148.7650      4.8000       1.46450  65.80    66.120    1
  97.9850        27.3880      1.00000  0.00     66.120    0
  stop           1.0000       1.00000  0.00     60.292    0
  -1754.2160     1.5000       1.68893  31.10    65.700    1
  110.0000       7.7500       1.69350  53.80    65.700    1
  -317.9400      2.0000       1.00000  0.00     65.700    0
  169.4540       2.4000       1.69895  30.10    64.440    1
  113.5250       8.0000       1.69680  55.60    62.780    1
  -254.0600      112.2230     1.00000  0.00     62.780    0
