# Nikon Nikkor Z MC 105mm f/2.8 VR S
#
# Patent: WO2022-097401
# Converted from photonstophotos.net Optical Bench data
# 28 surfaces, 16 glass elements, f/2.9

name: Nikon Nikkor Z MC 105mm f/2.8 VR S
focal_length: 102.86

surfaces:
# radius       thickness    ior      abbe     semi_ap   coating
  1598.6404      3.3300       1.83481  42.73    45.860    1
  -179.4707      0.2000       1.00000  0.00     45.860    0
  80.9451        1.2000       1.85451  25.15    42.680    1
  38.9730        7.0700       1.59319  67.90    40.660    1
  865.5813       0.2000       1.00000  0.00     40.660    0
  47.0836        4.5700       1.59319  67.90    36.580    1
  210.0810       3.6620       1.00000  0.00     36.580    0
  -242.9579      1.1000       1.51860  69.89    32.820    1
  48.3271        1.6130       1.00000  0.00     31.400    0
  122.3852       1.1000       1.72047  34.71    31.400    1
  28.6090        2.6600       1.94595  17.98    28.700    1
  44.8866        25.4840      1.00000  0.00     28.020    0
  stop           24.9860      1.00000  0.00     25.622    0
  85.7680        2.4000       1.83481  42.72    26.540    1
  -644.4854      0.2000       1.00000  0.00     26.540    0
  79.2129        1.1000       1.85451  25.15    26.540    1
  32.8950        5.4800       1.59319  67.90    26.540    1
  -109.8711      2.2060       1.00000  0.00     26.540    0
  163.4895       1.1000       1.95375  32.33    26.540    1
  45.6740        1.8400       1.00000  0.00     26.540    0
  85.0464        1.1000       1.51860  69.89    27.820    1
  23.8970        3.2100       1.94595  17.98    27.820    1
  29.2234        2.9830       1.00000  0.00     27.820    0
  34.9435        1.5000       2.00069  25.46    32.360    1
  21.6656        8.8000       1.80440  39.61    32.360    1
  250.8917       21.9700      1.00000  0.00     32.360    0
  -26.4605       1.5300       1.51680  64.14    33.840    1
  -47.3182       16.7800      1.00000  0.00     36.320    0
