# Nikon AF Zoom-Nikkor 18-35mm f/3.5-4.5D IF-ED
#
# Patent: US20010030812
# Converted from photonstophotos.net Optical Bench data
# 21 surfaces, 12 glass elements, f/3.6

name: Nikon AF Zoom-Nikkor 18-35mm f/3.5-4.5D IF-ED
focal_length: 18.50

surfaces:
# radius       thickness    ior      abbe     semi_ap   coating
  50.7591        2.5000       1.79500  45.30    48.740    1
  19.4090        7.0000       1.00000  0.00     35.710    0
  44.2666        0.1000       1.50625  55.63    34.380    1
  28.8114        2.0000       1.79500  45.30    34.380    1
  22.1978        8.2000       1.00000  0.00     34.380    0
  -121.5705      1.7000       1.74400  44.79    32.540    1
  49.8450        6.8000       1.00000  0.00     32.540    0
  58.0463        4.5000       1.79504  28.56    32.760    1
  -149.1721      28.4207      1.00000  0.00     32.760    0
  51.0290        1.0000       1.78800  47.38    17.800    1
  23.0254        3.8000       1.50137  56.41    17.800    1
  -54.9749       5.1657       1.00000  0.00     17.800    0
  stop           1.5000       1.00000  0.00     16.204    0
  17.6537        14.2000      1.53996  59.47    18.080    1
  -27.2848       1.3000       1.79500  45.30    14.260    1
  32.2874        0.7000       1.00000  0.00     14.260    0
  110.4491       1.3000       1.83400  37.35    14.260    1
  14.0339        5.3000       1.49782  82.52    14.260    1
  -23.3591       0.1000       1.00000  0.00     14.260    0
  138.2833       1.6000       1.53996  59.47    17.400    1
  -138.2833      38.2948      1.00000  0.00     17.400    0
