# Nikon AF Fisheye-Nikkor 10.5mm f/2.8G ED
#
# Patent: US007161746
# Converted from photonstophotos.net Optical Bench data
# 18 surfaces, 10 glass elements, f/2.9

name: Nikon AF Fisheye-Nikkor 10.5mm f/2.8G ED
focal_length: 10.56

surfaces:
# radius       thickness    ior      abbe     semi_ap   coating
  85.0000        2.0400       1.62041  60.29    53.000    1
  16.4500        8.3200       1.00000  0.00     30.500    0
  61.1800        1.7000       1.81600  46.63    30.400    1
  20.1500        10.3160      1.00000  0.00     25.400    0
  -204.0000      3.4300       1.72000  43.69    20.100    1
  -31.2600       0.2500       1.00000  0.00     19.060    0
  -27.0000       2.7800       1.77250  49.61    19.060    1
  11.4800        4.9300       1.72825  28.46    16.360    1
  -55.8400       5.8650       1.00000  0.00     16.360    0
  59.6700        2.5700       1.51742  52.42    10.690    1
  -14.2000       1.4100       1.83481  42.72    10.690    1
  -76.0000       3.6600       1.00000  0.00     11.080    0
  stop           6.4670       1.00000  0.00     12.061    0
  -1732.0000     1.4900       1.84666  23.78    16.500    1
  29.9000        4.0200       1.49700  81.61    16.500    1
  -21.5500       0.1900       1.00000  0.00     16.500    0
  44.7400        3.2100       1.65160  58.54    19.310    1
  -44.7400       41.1000      1.00000  0.00     19.310    0
