# US 5,751,485 Example 8
#
# Patent: US005751485
# Converted from photonstophotos.net Optical Bench data
# 20 surfaces, 11 glass elements, f/4.0

name: US 5,751,485 Example 8
focal_length: 200.00

surfaces:
# radius       thickness    ior      abbe     semi_ap   coating
  106.1200       8.1000       1.52000  70.08    52.190    1
  -244.4800      0.5000       1.00000  0.00     52.190    0
  97.6400        8.5000       1.52000  70.08    50.330    1
  -107.2300      0.7000       1.00000  0.00     50.330    0
  -103.7400      2.4000       1.69895  30.05    46.070    1
  1192.6898      22.2907      1.00000  0.00     50.160    0
  -110.5700      4.0000       1.72825  28.34    36.240    1
  -55.6700       2.0000       1.51680  64.20    34.920    1
  210.7400       2.5000       1.00000  0.00     34.920    0
  -211.9600      2.0000       1.72825  28.34    32.470    1
  -97.7000       2.0000       1.51680  64.20    35.150    1
  53.5071        29.5823      1.00000  0.00     35.150    0
  -140.6472      1.5000       1.59507  35.59    32.870    1
  84.3489        5.0000       1.61272  58.54    32.870    1
  -58.5014       2.4500       1.00000  0.00     32.870    0
  stop           42.7500      1.00000  0.00     29.986    0
  99.1934        6.0000       1.62041  60.14    29.420    1
  57107.6970     10.0000      1.00000  0.00     29.420    0
  172.1229       2.5000       1.77279  49.45    29.030    1
  79.4832        65.4727      1.00000  0.00     29.030    0
