# Nikon AI Nikkor 80-200mm f/4S
#
# Patent: US004452513
# Converted from photonstophotos.net Optical Bench data
# 23 surfaces, 13 glass elements, f/4.0

name: Nikon AI Nikkor 80-200mm f/4S
focal_length: 80.00

surfaces:
# radius       thickness    ior      abbe     semi_ap   coating
  109.0970       1.7000       1.80518  25.40    55.360    1
  62.6500        8.1000       1.62041  60.30    53.560    1
  -716.0000      0.1000       1.00000  0.00     53.560    0
  134.0560       4.0000       1.51680  64.10    51.760    1
  603.8440       3.0340       1.00000  0.00     51.760    0
  -300.0000      1.0000       1.78797  47.50    29.240    1
  55.0000        6.1000       1.75520  27.60    29.240    1
  -40.0000       0.9000       1.58144  40.80    28.170    1
  56.3310        4.1000       1.00000  0.00     28.170    0
  -44.3500       1.1000       1.58913  61.20    28.170    1
  177.8340       30.9720      1.00000  0.00     28.170    0
  155.0000       5.5000       1.62041  60.30    29.240    1
  -31.7920       0.9000       1.75520  27.60    29.240    1
  -68.9170       15.2080      1.00000  0.00     29.240    0
  stop           1.5000       1.00000  0.00     28.247    0
  41.6670        5.3000       1.67025  57.60    29.500    1
  217.9000       2.0000       1.00000  0.00     29.500    0
  -692.4730      2.0000       1.79504  28.60    27.200    1
  299.7350       53.4000      1.00000  0.00     27.200    0
  -23.3440       2.4000       1.79668  45.50    30.780    1
  -36.2540       0.2000       1.00000  0.00     32.060    0
  72.0000        5.3000       1.58267  46.50    35.640    1
  -334.1400      41.3660      1.00000  0.00     35.640    0
