# Nikon 1 Nikkor 32mm f/1.2
#
# Patent: WO2014-061226
# Converted from photonstophotos.net Optical Bench data
# 23 surfaces, 12 glass elements, f/1.2

name: Nikon 1 Nikkor 32mm f/1.2
focal_length: 32.40

surfaces:
# radius       thickness    ior      abbe     semi_ap   coating
  33.0214        4.4000       1.69680  55.52    29.040    1
  637.5014       0.1000       1.00000  0.00     29.040    0
  18.2318        4.0000       1.60300  65.44    25.150    1
  25.6174        0.1000       1.00000  0.00     21.660    0
  20.9000        3.1000       1.79500  45.31    23.180    1
  30.0000        0.9000       1.00000  0.00     19.150    0
  55.2655        1.2000       1.71740  29.57    23.160    1
  10.8367        5.2000       1.00000  0.00     16.220    0
  stop           4.7000       1.00000  0.00     14.777    0
  -12.2930       1.2000       1.67270  32.19    15.020    1
  85.0000        4.0000       1.88300  40.66    17.200    1
  -19.6365       0.3000       1.00000  0.00     17.200    0
  -49.0000       2.1000       1.77250  49.62    19.080    1
  -23.4000       0.9000       1.00000  0.00     19.080    0
  30.8466        4.1000       1.83480  42.73    17.790    1
  -38.7000       1.2000       1.75520  27.57    17.790    1
  85.2086        10.2000      1.00000  0.00     17.790    0
  0              0.5000       1.51680  63.88    17.340    1
  0              1.1100       1.00000  0.00     17.340    0
  0              1.5900       1.51680  63.88    17.400    1
  0              0.3000       1.00000  0.00     17.400    0
  0              0.7000       1.51680  63.88    17.400    1
  0              0.7000       1.00000  0.00     17.400    0
