# Nikon AF-S Nikkor 120-300mm f/2.8E FL ED SR VR
#
# Patent: JP2020-177057
# Converted from photonstophotos.net Optical Bench data
# 46 surfaces, 25 glass elements, f/2.9

name: Nikon AF-S Nikkor 120-300mm f/2.8E FL ED SR VR
focal_length: 123.60

surfaces:
# radius       thickness    ior      abbe     semi_ap   coating
  321.6694       5.2000       1.90265  35.77    101.620   1
  151.6070       13.4000      1.49782  82.57    99.220    1
  -748.4933      0.1000       1.00000  0.00     99.220    0
  135.4106       13.2000      1.43384  95.27    98.420    1
  0              5.1140       1.00000  0.00     98.420    0
  124.3594       7.6000       1.72047  34.71    70.940    1
  1981.8668      12.9720      1.00000  0.00     70.940    0
  275.6157       4.7000       1.71736  29.53    55.740    1
  -275.4600      2.8500       1.69680  55.52    54.420    1
  109.0902       3.1240       1.00000  0.00     50.470    0
  -1986.3568     2.6500       1.80400  46.60    50.470    1
  57.1400        3.7000       1.75575  24.71    48.540    1
  86.0604        6.7570       1.00000  0.00     47.480    0
  -84.2865       2.5000       1.87071  40.73    47.480    1
  -651.8818      62.9160      1.00000  0.00     48.540    0
  605.0183       4.7000       1.75500  52.34    50.360    1
  -156.1367      0.1000       1.00000  0.00     50.360    0
  88.3742        6.8000       1.43384  95.27    49.860    1
  -277.5645      1.6260       1.00000  0.00     49.860    0
  -115.6316      4.7000       1.65413  39.72    49.000    1
  88.6408        1.0610       1.00000  0.00     49.000    0
  123.7096       5.3000       1.91082  35.25    49.000    1
  -404.2232      21.2440      1.00000  0.00     49.000    0
  0              4.0000       1.80400  46.60    46.960    1
  -118.3357      0.1000       1.00000  0.00     46.960    0
  63.0226        6.8000       1.59349  67.00    43.880    1
  -199.1380      1.8000       1.84666  23.82    43.540    1
  199.0110       5.9680       1.00000  0.00     43.540    0
  -145.6141      1.9000       2.00100  29.12    36.720    1
  91.0903        5.0020       1.00000  0.00     36.720    0
  stop           8.0000       1.00000  0.00     34.295    0
  375.1468       5.0000       1.72916  54.61    36.100    1
  -83.7956       3.9190       1.00000  0.00     36.100    0
  368.0922       2.0000       1.87071  40.73    34.180    1
  93.4714        2.7460       1.00000  0.00     34.180    0
  -148.9288      3.6000       1.80518  25.41    33.960    1
  -54.3370       1.9000       1.51680  64.14    33.960    1
  107.7701       5.6170       1.00000  0.00     33.960    0
  0              8.8290       1.00000  0.00     34.000    0
  79.6090        4.4000       2.00100  29.12    38.440    1
  -1873.4336     0.7820       1.00000  0.00     38.440    0
  64.0354        3.0000       1.80400  46.60    38.660    1
  33.6090        10.0000      1.48749  70.31    36.740    1
  -77.3539       6.7280       1.00000  0.00     36.740    0
  -70.8535       2.0000       1.90043  37.38    34.600    1
  224.4950       54.8190      1.00000  0.00     34.600    0
