# Nikon AF Zoom-Nikkor 28-85mm f/3.5-4.5
#
# Patent: US004806000
# Converted from photonstophotos.net Optical Bench data
# 27 surfaces, 15 glass elements, f/3.5

name: Nikon AF Zoom-Nikkor 28-85mm f/3.5-4.5
focal_length: 28.80

surfaces:
# radius       thickness    ior      abbe     semi_ap   coating
  149.9910       3.0000       1.48749  70.20    53.400    1
  431.1940       0.1000       1.00000  0.00     53.400    0
  75.0430        1.7000       1.71700  48.10    46.740    1
  25.7030        7.9000       1.00000  0.00     36.580    0
  -1130.6100     1.2000       1.79668  45.50    36.580    1
  29.3170        3.9000       1.80458  25.50    36.040    1
  56.6580        0.2500       1.00000  0.00     36.040    0
  34.0090        2.4000       1.86074  23.00    35.160    1
  47.2680        41.3110      1.00000  0.00     35.160    0
  36.5510        1.2000       1.86074  23.00    25.860    1
  22.6990        7.4000       1.48749  70.20    25.860    1
  -29.7490       1.2000       1.58144  40.80    25.860    1
  -52.0510       0.1000       1.00000  0.00     26.680    0
  32.7730        3.6000       1.60311  60.70    25.440    1
  -1305.5260     1.9450       1.00000  0.00     25.440    0
  stop           1.0000       1.00000  0.00     16.739    0
  -100.4180      1.9000       1.78470  26.10    18.480    1
  -32.6310       1.0000       1.51680  64.10    18.480    1
  410.0410       1.3000       1.00000  0.00     18.480    0
  -51.6010       1.2000       1.51835  60.30    17.940    1
  36.0520        19.9200      1.00000  0.00     17.940    0
  849.8300       5.4000       1.58913  61.20    32.640    1
  -29.2280       0.1000       1.00000  0.00     32.640    0
  94.2300        3.7000       1.62280  57.00    31.320    1
  -70.6530       2.7000       1.00000  0.00     31.320    0
  -29.8600       1.2000       1.79504  28.60    32.640    1
  -156.1890      39.2870      1.00000  0.00     32.640    0
