# US 3,524,697 Example 2
#
# Patent: US003524697
# Converted from photonstophotos.net Optical Bench data
# 21 surfaces, 12 glass elements, f/5.6

name: US 3,524,697 Example 2
focal_length: 6.30

surfaces:
# radius       thickness    ior      abbe     semi_ap   coating
  128.8589       6.4260       1.51680  64.20    218.680   1
  52.8438        27.0900      1.00000  0.00     104.960   0
  71.0067        3.5910       1.61272  58.60    99.320    1
  24.2953        19.5930      1.00000  0.00     48.320    0
  71.7305        3.0870       1.62041  60.30    42.480    1
  11.4452        12.3480      1.00000  0.00     21.810    0
  -53.0473       1.0080       1.48848  70.30    19.590    1
  13.7069        3.5910       1.78470  26.00    14.990    1
  -257.7740      1.1340       1.77030  46.50    14.990    1
  47.6885        2.5830       1.00000  0.00     14.990    0
  0              1.5750       1.51743  58.50    12.350    1
  0              2.5830       1.00000  0.00     12.350    0
  stop           2.5830       1.00000  0.00     4.262     0
  -2577.7414     4.5360       1.78477  26.00    12.730    1
  11.8579        9.0090       1.74443  49.40    17.830    1
  -45.1105       0.1260       1.00000  0.00     17.830    0
  -244.8854      3.8430       1.76764  46.50    21.170    1
  -23.1998       13.7970      1.00000  0.00     21.170    0
  51.5548        2.0790       1.78485  26.00    30.050    1
  17.1417        13.9230      1.62041  60.30    30.050    1
  -52.3580       14.4144      1.00000  0.00     30.050    0
