# Nikon AF-S Nikkor 70-200mm f/2.8 E FL ED VR
#
# Patent: WO2019-097669
# Converted from photonstophotos.net Optical Bench data
# 41 surfaces, 22 glass elements, f/2.9

name: Nikon AF-S Nikkor 70-200mm f/2.8 E FL ED VR
focal_length: 71.50

surfaces:
# radius       thickness    ior      abbe     semi_ap   coating
  127.3040       2.8000       1.95000  29.37    72.980    1
  89.3380        9.9000       1.49782  82.57    70.860    1
  -998.2490      0.1000       1.00000  0.00     70.860    0
  92.0130        7.7000       1.43385  95.25    68.060    1
  696.9870       3.0140       1.00000  0.00     68.060    0
  67.3060        2.4000       1.71999  50.27    44.320    1
  33.2240        10.2500      1.00000  0.00     39.560    0
  -131.8880      2.0000       1.61800  63.34    38.240    1
  100.8590       2.0000       1.00000  0.00     38.240    0
  53.8500        4.4000       1.84666  23.83    39.720    1
  193.8680       3.5500       1.00000  0.00     38.420    0
  -73.3710       2.2000       1.60300  65.44    38.420    1
  288.6830       50.5980      1.00000  0.00     40.060    0
  stop           2.5000       1.00000  0.00     38.970    0
  581.5550       3.7000       1.83481  42.73    41.600    1
  -130.4820      0.2000       1.00000  0.00     41.600    0
  90.3290        3.8500       1.59319  67.90    41.600    1
  0              0.2000       1.00000  0.00     41.600    0
  52.7650        4.9000       1.49782  82.57    39.960    1
  448.6580       2.0430       1.00000  0.00     39.960    0
  -118.7450      2.2000       2.00100  29.12    38.800    1
  173.2280       4.5500       1.00000  0.00     39.480    0
  114.6350       5.7500       1.90265  35.73    38.500    1
  -66.7990       2.2000       1.58144  40.98    38.500    1
  41.9960        16.9220      1.00000  0.00     38.500    0
  57.8350        4.8000       1.49782  82.57    34.720    1
  -190.0760      0.1000       1.00000  0.00     34.720    0
  44.1900        2.0000       1.95000  29.37    32.600    1
  28.4780        5.5500       1.59319  67.90    32.600    1
  166.4060       1.9030       1.00000  0.00     32.600    0
  52.6980        1.8000       1.80400  46.60    31.620    1
  31.1870        5.1500       1.00000  0.00     29.480    0
  102.8330       3.3500       1.84666  23.83    28.820    1
  -102.7580      1.6000       1.71999  50.27    28.820    1
  42.0590        2.5830       1.00000  0.00     28.820    0
  0              1.6000       1.95375  32.33    31.780    1
  68.5810        3.7500       1.00000  0.00     31.780    0
  101.2290       3.8500       1.59319  67.90    34.400    1
  -172.1770      0.1500       1.00000  0.00     34.400    0
  47.9850        3.9000       1.71999  50.27    36.520    1
  137.9940       54.0000      1.00000  0.00     36.520    0
