# Nikon AI Nikkor 50mm f/1.2S with Metabones M43 Speed Booster 0.71x
#
# Patent: US008879901
# Converted from photonstophotos.net Optical Bench data
# 24 surfaces, 12 glass elements, f/0.8

name: Nikon AI Nikkor 50mm f/1.2S with Metabones M43 Speed Booster 0.71x
focal_length: 36.90

surfaces:
# radius       thickness    ior      abbe     semi_ap   coating
  47.0700        5.3000       1.79668  45.50    43.860    1
  184.2820       0.6000       1.00000  0.00     43.860    0
  29.9200        7.1500       1.79631  41.00    39.620    1
  50.5000        2.0000       1.00000  0.00     36.620    0
  60.5000        1.0000       1.71736  29.50    35.720    1
  17.7280        9.9000       1.00000  0.00     29.060    0
  stop           8.7000       1.00000  0.00     27.759    0
  -17.5000       1.3000       1.75520  27.60    29.210    1
  1000.0000      8.4500       1.77279  49.40    37.110    1
  -28.0000       0.1000       1.00000  0.00     37.110    0
  -142.0000      6.8000       1.77279  49.40    40.110    1
  -35.9400       0.5160       1.00000  0.00     40.110    0
  92.0000        3.3000       1.74430  49.50    36.750    1
  -277.8520      2.1300       1.00000  0.00     36.750    0
  -157.2460      1.3000       1.48749  70.24    33.430    1
  740.4740       0.2500       1.00000  0.00     33.430    0
  19.9180        5.6050       1.80400  46.57    28.000    1
  36.4890        0.5740       1.00000  0.00     27.259    0
  45.9750        1.0000       1.71736  29.52    27.259    1
  16.3960        2.9510       1.00000  0.00     23.384    0
  33.8610        3.2270       1.72916  54.68    23.500    1
  0              8.0000       1.00000  0.00     23.500    0
  0              4.0000       1.51742  52.43    24.000    1
  0              3.0000       1.00000  0.00     24.000    0
