# US 5,751,485 Example 4
#
# Patent: US005751485
# Converted from photonstophotos.net Optical Bench data
# 18 surfaces, 9 glass elements, f/2.9

name: US 5,751,485 Example 4
focal_length: 105.00

surfaces:
# radius       thickness    ior      abbe     semi_ap   coating
  89.1351        4.3000       1.71232  55.60    39.300    1
  -825.4576      0.2000       1.00000  0.00     39.300    0
  34.3250        6.0000       1.71232  55.60    37.660    1
  84.7777        2.0000       1.00000  0.00     35.200    0
  177.7491       2.0000       1.64852  35.70    34.220    1
  26.8115        24.8525      1.00000  0.00     31.440    0
  stop           4.7500       1.00000  0.00     24.943    0
  -30.2229       2.0000       1.67323  33.75    25.210    1
  -2217.9336     7.5000       1.70959  53.75    29.220    1
  -38.6200       0.2000       1.00000  0.00     34.050    0
  637.4222       4.3000       1.73797  50.19    34.050    1
  -68.9166       3.3312       1.00000  0.00     34.050    0
  -91.5340       3.5000       1.84631  25.50    26.020    1
  -57.7982       13.0298      1.00000  0.00     27.980    0
  -43.9910       2.0000       1.82109  40.90    29.130    1
  79.4290        1.5000       1.00000  0.00     29.130    0
  80.0850        4.5000       1.76323  49.52    33.560    1
  -111.5190      42.1542      1.00000  0.00     33.560    0
