# Nikon AI Zoom-Nikkor 35-70mm f/3.5
#
# Patent: US004266860
# Converted from photonstophotos.net Optical Bench data
# 20 surfaces, 10 glass elements, f/3.5

name: Nikon AI Zoom-Nikkor 35-70mm f/3.5
focal_length: 36.00

surfaces:
# radius       thickness    ior      abbe     semi_ap   coating
  61.8490        8.2000       1.60323  42.50    52.400    1
  -1037.1640     0.7000       1.00000  0.00     52.400    0
  1000.0000      1.5000       1.67790  55.50    46.260    1
  23.9000        6.8000       1.00000  0.00     34.800    0
  178.7340       1.5000       1.71300  53.90    36.560    1
  42.6720        5.7000       1.00000  0.00     34.100    0
  34.1100        3.9000       1.59507  35.60    34.520    1
  81.9250        33.4500      1.00000  0.00     34.660    0
  72.8400        3.5000       1.62041  60.30    28.240    1
  -72.8400       1.0000       1.80518  25.50    28.240    1
  -144.1730      0.0500       1.00000  0.00     28.240    0
  stop           0.0500       1.00000  0.00     18.685    0
  26.6440        4.9000       1.51118  50.90    27.960    1
  246.0000       0.1000       1.00000  0.00     27.960    0
  20.7430        4.5000       1.51680  64.20    26.180    1
  27.9900        3.9000       1.00000  0.00     22.920    0
  -370.8550      1.5000       1.80518  25.50    21.280    1
  18.7000        5.2000       1.00000  0.00     19.220    0
  64.6600        3.8000       1.64831  33.80    20.460    1
  -39.1680       43.7000      1.00000  0.00     20.460    0
