# US 7,359,125 Example 3
#
# Patent: US007359125
# Converted from photonstophotos.net Optical Bench data
# 29 surfaces, 16 glass elements, f/3.2

name: US 7,359,125 Example 3
focal_length: 15.29

surfaces:
# radius       thickness    ior      abbe     semi_ap   coating
  63.7169        3.5000       1.80400  46.58    80.140    1
  33.5072        10.3000      1.00000  0.00     62.220    0
  43.3838        4.0000       1.69430  53.37    58.880    1
  17.2282        10.6000      1.00000  0.00     46.340    0
  50.5012        2.5000       1.74100  52.67    45.320    1
  28.4514        0.3000       1.55389  38.09    39.440    1
  33.2605        11.9500      1.00000  0.00     39.190    0
  -65.8568       1.0000       1.49782  82.56    38.660    1
  39.9794        2.0000       1.00000  0.00     38.660    0
  43.1281        6.3000       1.80440  39.57    37.900    1
  -233.3709      33.7820      1.00000  0.00     37.900    0
  30.4383        2.7000       1.51680  64.10    24.900    1
  61.5695        6.7920       1.00000  0.00     24.900    0
  stop           1.5000       1.00000  0.00     18.756    0
  37.2420        1.0000       1.83481  42.72    24.280    1
  19.5075        6.5782       1.62374  47.04    23.220    1
  -119.8537      6.5000       1.00000  0.00     23.220    0
  -30.8199       1.8581       1.83481  42.72    23.220    1
  130.1137       0.1000       1.00000  0.00     23.220    0
  28.7604        5.2883       1.65844  50.88    24.800    1
  -109.0732      0.9141       1.00000  0.00     24.800    0
  69.3767        1.3330       1.77250  49.61    24.560    1
  17.4517        8.4070       1.49782  82.56    24.640    1
  -45.5775       1.0000       1.00000  0.00     24.640    0
  155.7609       7.5000       1.49782  82.56    25.900    1
  -17.9304       1.0000       1.78590  44.20    27.550    1
  -328.5906      1.6218       1.00000  0.00     28.700    0
  9050.9522      3.3019       1.58913  61.18    28.700    1
  -47.9982       37.0040      1.00000  0.00     28.700    0
