# Nikon Nikkor 50mm f/1.4
#
# Patent: US004448497
# Converted from photonstophotos.net Optical Bench data
# 14 surfaces, 7 glass elements, f/1.4

name: Nikon Nikkor 50mm f/1.4
focal_length: 51.60

surfaces:
# radius       thickness    ior      abbe     semi_ap   coating
  40.4300        5.1000       1.79668  45.50    36.950    1
  242.2500       0.1000       1.00000  0.00     36.950    0
  25.9500        4.7000       1.77279  49.40    32.760    1
  38.3800        1.5200       1.00000  0.00     30.590    0
  71.2800        1.2000       1.67270  32.20    30.590    1
  17.7100        7.9000       1.00000  0.00     26.000    0
  stop           7.1000       1.00000  0.00     25.523    0
  -17.7500       1.0000       1.74000  28.30    25.190    1
  -1500.0000     6.4000       1.77279  49.40    29.410    1
  -30.4700       0.2000       1.00000  0.00     30.960    0
  -77.4100       4.3000       1.78797  47.50    32.250    1
  -29.8700       0.1000       1.00000  0.00     32.250    0
  146.8700       2.6000       1.78797  47.50    30.240    1
  -130.6600      38.2400      1.00000  0.00     30.240    0
