# Nikon Nikkor-SW 90mm f/4.5
#
# Patent: US004176915
# Converted from photonstophotos.net Optical Bench data
# 12 surfaces, 7 glass elements, f/4.5

name: Nikon Nikkor-SW 90mm f/4.5
focal_length: 90.00

surfaces:
# radius       thickness    ior      abbe     semi_ap   coating
  95.7560        1.5800       1.57250  57.50    62.660    1
  23.8150        16.0700      1.00000  0.00     43.070    0
  32.3490        24.5100      1.80218  44.40    39.040    1
  -28.4490       0.7900       1.67163  38.80    24.260    1
  40.6840        2.9800       1.52000  70.10    24.260    1
  2183.0210      1.9400       1.00000  0.00     24.260    0
  stop           1.3400       1.00000  0.00     21.116    0
  -229.2170      8.4300       1.60717  40.20    20.810    1
  -14.7650       15.5800      1.71736  29.50    20.810    1
  -40.8820       9.9300       1.00000  0.00     35.820    0
  -22.8520       1.4900       1.73350  51.00    37.310    1
  -40.0890       62.7000      1.00000  0.00     47.880    0
