# Nikon AF-S Nikkor 200-500mm f/5.6E ED VR
#
# Patent: JP2014-209144
# Converted from photonstophotos.net Optical Bench data
# 32 surfaces, 19 glass elements, f/4.6

name: Nikon AF-S Nikkor 200-500mm f/5.6E ED VR
focal_length: 205.04

surfaces:
# radius       thickness    ior      abbe     semi_ap   coating
  436.4287       3.0000       1.80400  46.60    91.660    1
  122.1130       11.5000      1.49782  82.57    91.660    1
  -605.0947      0.3000       1.00000  0.00     91.660    0
  125.4694       11.0000      1.49782  82.57    91.020    1
  -1875.0633     52.0770      1.00000  0.00     91.020    0
  -496.2416      4.1000       1.60342  38.01    38.540    1
  -61.4135       1.5000       1.72916  54.67    38.540    1
  132.4791       5.1000       1.00000  0.00     38.540    0
  -188.3876      1.5000       1.51742  52.15    38.540    1
  46.2336        3.8000       1.80518  25.46    38.540    1
  99.3055        2.0000       1.00000  0.00     35.490    0
  -411.8858      1.7000       1.74330  49.22    35.490    1
  143.7588       3.0000       1.00000  0.00     38.540    0
  153.9724       9.5000       1.60738  56.82    41.420    1
  -32.5888       1.7000       1.65844  50.85    41.420    1
  -200.7252      23.8204      1.00000  0.00     41.420    0
  121.8569       1.7000       1.90366  31.31    49.100    1
  73.6444        10.0000      1.48749  70.44    49.100    1
  -63.3839       1.5000       1.00000  0.00     49.100    0
  524.0060       7.6000       1.49700  81.61    47.820    1
  -54.0683       1.7000       1.83400  37.34    47.820    1
  -164.5813      0.2000       1.00000  0.00     47.820    0
  69.2565        4.3000       1.74330  49.22    46.220    1
  203.8076       32.6377      1.00000  0.00     46.220    0
  stop           8.2078       1.00000  0.00     28.093    0
  151.8781       3.1000       1.64769  33.84    27.660    1
  -106.5949      1.1000       1.72916  54.67    27.660    1
  44.3402        19.8179      1.00000  0.00     27.660    0
  -96.2691       5.0000       1.58144  40.89    34.800    1
  -43.4021       21.0392      1.00000  0.00     34.800    0
  -40.3878       1.5000       1.83481  42.72    33.520    1
  -68.1862       54.3185      1.00000  0.00     33.520    0
