# Nikon AF Micro-Nikkor 200mm f4D IF-ED
#
# Patent: US005751485
# Converted from photonstophotos.net Optical Bench data
# 22 surfaces, 13 glass elements, f/4.1

name: Nikon AF Micro-Nikkor 200mm f4D IF-ED
focal_length: 200.00

surfaces:
# radius       thickness    ior      abbe     semi_ap   coating
  197.7383       2.5000       1.80384  33.89    51.460    1
  85.6098        7.0000       1.49782  82.52    51.150    1
  -206.2828      0.3000       1.00000  0.00     51.150    0
  71.6067        6.0000       1.49782  82.52    52.300    1
  431.0537       6.6433       1.00000  0.00     52.300    0
  79.0168        2.5000       1.79631  40.90    49.260    1
  39.9554        8.8000       1.60311  60.64    45.690    1
  478.7420       5.1405       1.00000  0.00     45.690    0
  196.4322       2.0000       1.62280  57.03    39.050    1
  31.4573        5.0000       1.80384  33.89    36.300    1
  62.3432        3.7000       1.00000  0.00     33.810    0
  -105.6139      4.0000       1.80518  25.41    33.810    1
  -58.9450       2.0000       1.62041  60.14    32.890    1
  49.1628        42.5750      1.00000  0.00     32.890    0
  stop           2.5500       1.00000  0.00     30.378    0
  1206.1834      2.0000       1.68893  31.08    31.930    1
  69.6055        6.0000       1.62041  60.14    31.930    1
  -59.1728       31.2400      1.00000  0.00     31.930    0
  -72.7684       2.5000       1.77279  49.45    29.050    1
  -436.1420      0.4000       1.00000  0.00     29.050    0
  86.7935        6.0000       1.54814  45.87    32.810    1
  799.3797       58.8090      1.00000  0.00     32.810    0
