# US 5,490,014 Example 1
#
# Patent: US005490014
# Converted from photonstophotos.net Optical Bench data
# 23 surfaces, 12 glass elements, f/2.0

name: US 5,490,014 Example 1
focal_length: 195.00

surfaces:
# radius       thickness    ior      abbe     semi_ap   coating
  148.7500       11.5000      1.49782  82.60    100.700   1
  -1205.7850     0.3000       1.00000  0.00     100.700   0
  142.0170       14.5000      1.49782  82.60    97.400    1
  -320.5770      2.0000       1.00000  0.00     97.400    0
  -307.6360      3.7000       1.74950  35.20    94.000    1
  280.4690       1.0000       1.00000  0.00     94.000    0
  136.9230       8.0000       1.49782  82.60    89.100    1
  348.6360       30.9000      1.00000  0.00     89.100    0
  121.1160       3.9000       1.64000  60.00    68.500    1
  41.0010        15.0000      1.59319  67.90    61.800    1
  178.4310       5.9982       1.00000  0.00     61.800    0
  -1353.9050     6.0000       1.84666  23.80    53.100    1
  -105.2580      3.0000       1.51680  64.10    51.600    1
  76.3920        7.1000       1.00000  0.00     45.700    0
  -104.4510      3.5000       1.46450  65.70    45.300    1
  61.8710        21.7762      1.00000  0.00     45.300    0
  stop           1.0000       1.00000  0.00     41.830    0
  1692.8610      7.5000       1.69350  53.70    43.800    1
  -47.0310       2.5000       1.74000  28.20    43.800    1
  -306.5910      0.3000       1.00000  0.00     43.800    0
  129.8090       6.0000       1.77279  49.40    43.800    1
  -165.8580      11.0000      1.00000  0.00     43.800    0
  0              67.9864      1.00000  0.00     35.200    0
