# Nikon Nikkor Z DX 50-250mm f/4.5-6.3 VR
#
# Patent: WO2020-105107
# Converted from photonstophotos.net Optical Bench data
# 29 surfaces, 16 glass elements, f/4.6

name: Nikon Nikkor Z DX 50-250mm f/4.5-6.3 VR
focal_length: 51.50

surfaces:
# radius       thickness    ior      abbe     semi_ap   coating
  87.9319        4.1000       1.51680  64.10    44.900    1
  303555.2600    0.1000       1.00000  0.00     44.900    0
  121.9960       2.3000       1.60342  38.00    43.320    1
  42.1657        6.3000       1.48749  70.30    41.320    1
  450.0045       11.8000      1.00000  0.00     41.320    0
  539.7528       1.2000       1.77250  49.60    22.710    1
  44.5639        2.5960       1.00000  0.00     20.260    0
  -40.0811       1.2000       1.80610  41.00    20.260    1
  53.9450        2.2000       1.94595  18.00    20.510    1
  -287.1993      37.8550      1.00000  0.00     20.510    0
  81.3060        4.7500       1.49700  81.60    22.070    1
  -24.7170       1.3000       1.85026  32.40    22.070    1
  -81.9845       0.1000       1.00000  0.00     22.070    0
  35.5809        2.6500       1.51823  58.80    20.860    1
  66022.9190     2.0000       1.00000  0.00     20.860    0
  stop           11.8700      1.00000  0.00     18.571    0
  71.9716        1.7000       1.90200  25.30    20.040    1
  30.6656        0.9650       1.00000  0.00     19.020    0
  82.4590        2.2300       1.74400  44.80    20.040    1
  -82.4590       0.1000       1.00000  0.00     20.040    0
  32.7781        2.2500       1.79500  45.30    20.710    1
  115.5977       6.1510       1.00000  0.00     20.710    0
  38.4958        2.5600       1.80518  25.40    16.600    1
  -75.0934       1.3000       1.80610  41.00    16.600    1
  21.4236        29.7390      1.00000  0.00     14.090    0
  -51.0001       3.4200       1.58913  61.20    20.100    1
  -20.9315       0.3100       1.00000  0.00     23.100    0
  -24.8038       1.2500       1.91082  35.20    21.300    1
  -82.9036       16.9060      1.00000  0.00     23.710    0
