# Nikon AI Nikkor 180mm f/2.8 ED
#
# Patent: US004338001
# Converted from photonstophotos.net Optical Bench data
# 11 surfaces, 5 glass elements, f/2.8

name: Nikon AI Nikkor 180mm f/2.8 ED
focal_length: 100.00

surfaces:
# radius       thickness    ior      abbe     semi_ap   coating
  55.0120        6.3890       1.50032  81.90    36.740    1
  -78.2440       1.1670       1.00000  0.00     36.740    0
  -76.6980       2.0560       1.74950  35.00    36.400    1
  207.2220       3.5000       1.00000  0.00     36.400    0
  43.2080        5.1110       1.65844  50.80    34.140    1
  133.3330       27.3390      1.00000  0.00     34.140    0
  stop           23.1610      1.00000  0.00     19.854    0
  -19.7220       1.0000       1.51454  54.60    17.060    1
  -305.5560      0.2780       1.00000  0.00     17.060    0
  122.2220       2.7780       1.79668  45.40    17.160    1
  -90.1070       22.9200      1.00000  0.00     17.160    0
