# Nikon AF-S DX Zoom-Nikkor 55-200mm f/4-5.6G ED
#
# Patent: US20060245079
# Converted from photonstophotos.net Optical Bench data
# 23 surfaces, 13 glass elements, f/4.1

name: Nikon AF-S DX Zoom-Nikkor 55-200mm f/4-5.6G ED
focal_length: 56.60

surfaces:
# radius       thickness    ior      abbe     semi_ap   coating
  141.0000       1.8000       1.83400  37.20    36.340    1
  53.0100        6.5000       1.49780  82.60    36.260    1
  -86.0800       0.1000       1.00000  0.00     36.260    0
  42.9100        2.7000       1.51680  64.10    35.400    1
  75.7300        3.6000       1.00000  0.00     35.400    0
  -162.2200      3.0000       1.84670  23.80    21.880    1
  -25.3000       1.0000       1.65160  58.50    21.880    1
  42.3500        3.0000       1.00000  0.00     19.340    0
  -26.0800       1.0000       1.77250  49.60    19.340    1
  946.2000       18.0000      1.00000  0.00     21.880    0
  stop           1.5000       1.00000  0.00     20.041    0
  111.8200       3.0000       1.49780  82.60    22.990    1
  -53.5500       0.1000       1.00000  0.00     22.990    0
  38.4500        5.7000       1.60300  65.50    23.280    1
  -25.7200       1.3000       1.80380  33.90    22.790    1
  82.4500        0.1000       1.00000  0.00     22.790    0
  25.0800        4.0000       1.61800  63.40    22.900    1
  438.5500       16.5000      1.00000  0.00     22.900    0
  27.8300        1.0000       1.83480  42.70    17.190    1
  12.9300        4.5000       1.62000  36.20    16.890    1
  -42.5600       2.5000       1.00000  0.00     16.890    0
  -18.1700       1.0000       1.78800  47.40    15.140    1
  394.3200       41.0000      1.00000  0.00     15.520    0
