# Nikon Nikkor Z TC-2.0x
#
# Patent: JP2021-189311
# Converted from photonstophotos.net Optical Bench data
# 16 surfaces, 11 glass elements

name: Nikon Nikkor Z TC-2.0x
focal_length: 50.00

surfaces:
# radius       thickness    ior      abbe     semi_ap   coating
  186.4380       1.3000       1.62263  58.16    23.810    1
  25.3490        0.8000       1.00000  0.00     22.620    0
  20.6450        5.5000       1.67270  32.20    22.760    1
  -80.9390       3.0000       1.00000  0.00     22.760    0
  -28.5040       1.1000       1.90043  37.37    22.140    1
  16.6000        0.0100       1.51400  42.83    23.560    1
  16.6000        10.9000      1.67270  32.20    23.560    1
  -16.6000       0.0100       1.51400  42.83    24.160    1
  -16.6000       1.2000       1.95375  0.00     24.160    1
  0              0.6000       1.00000  0.00     25.430    0
  52.8350        9.3000       1.51823  58.96    28.980    1
  -22.7310       0.0100       1.51400  42.83    28.980    1
  -22.7310       1.5000       1.95375  32.30    28.980    1
  221.2200       1.8000       1.00000  0.00     33.320    0
  550.5510       11.9300      1.62000  36.30    40.470    1
  -25.6600       11.4200      1.00000  0.00     40.470    0
