# JP 2013-019993A Example 2
#
# Patent: JP2013-019993
# Converted from photonstophotos.net Optical Bench data
# 15 surfaces, 9 glass elements, f/1.4

name: JP 2013-019993A Example 2
focal_length: 58.02

surfaces:
# radius       thickness    ior      abbe     semi_ap   coating
  52.8577        6.0000       1.74443  49.53    47.200    1
  229.3475       0.1000       1.00000  0.00     47.200    0
  40.3738        6.0000       1.75500  52.34    39.600    1
  354.9744       1.5000       1.48749  70.31    39.600    1
  42.4134        4.1038       1.00000  0.00     35.100    0
  290.8467       1.5000       1.68893  31.16    34.000    1
  31.6359        6.0000       1.00000  0.00     33.000    0
  stop           6.0000       1.00000  0.00     28.261    0
  -30.7873       1.7000       1.72825  28.46    30.000    1
  35.1427        7.0000       1.88300  40.77    33.500    1
  -131.1407      0.1000       1.00000  0.00     33.500    0
  118.7661       6.0000       1.88300  40.66    33.800    1
  -44.2318       1.5000       1.53172  48.78    33.800    1
  44.2683        6.0000       1.74430  49.53    33.800    1
  -77.2943       38.7000      1.00000  0.00     33.800    0
