# Nikon AF-S Nikkor 16-35mm f4G ED VR
#
# Patent: US20100238560
# Converted from photonstophotos.net Optical Bench data
# 30 surfaces, 18 glass elements, f/4.1

name: Nikon AF-S Nikkor 16-35mm f4G ED VR
focal_length: 16.48

surfaces:
# radius       thickness    ior      abbe     semi_ap   coating
  64.3610        3.0000       1.76690  46.85    48.280    1
  14.6270        11.2500      1.00000  0.00     34.200    0
  -118.9140      1.5500       1.88300  40.76    34.300    1
  261.3380       2.8500       1.00000  0.00     28.960    0
  -57.2680       1.5000       1.88300  40.76    29.060    1
  52.7420        0.4000       1.55389  38.09    33.860    1
  96.2870        1.5000       1.00000  0.00     33.860    0
  42.4070        6.4000       1.69895  30.13    29.820    1
  -65.2020       28.9700      1.00000  0.00     29.820    0
  36.1760        1.0500       1.84666  23.78    21.200    1
  19.2970        4.9500       1.60342  38.01    21.080    1
  -121.2740      4.7000       1.00000  0.00     21.080    0
  65.3100        3.1000       1.51823  58.93    20.760    1
  -65.3100       3.2600       1.00000  0.00     20.760    0
  stop           3.2600       1.00000  0.00     12.852    0
  -137.6210      2.1000       1.70154  41.17    17.560    1
  -31.7990       1.0000       1.88300  40.76    18.600    1
  35.3950        2.9000       1.00000  0.00     17.860    0
  -24.4630       0.8000       1.88300  40.76    17.860    1
  -40.1080       0.1500       1.00000  0.00     18.680    0
  75.2820        2.7000       1.84666  23.78    20.340    1
  -61.2340       12.4600      1.00000  0.00     20.340    0
  29.8630        8.0000       1.49782  82.51    30.260    1
  -43.3010       1.1000       1.83400  37.16    30.260    1
  75.9080        5.9500       1.49782  82.51    30.260    1
  -47.0920       0.1500       1.00000  0.00     30.260    0
  39.8170        1.1000       1.88300  40.76    30.160    1
  20.5000        12.1500      1.48749  70.41    30.160    1
  -40.0250       1.6000       1.80610  40.77    30.160    1
  -72.4480       38.6000      1.00000  0.00     30.160    0
