# Nikon AF-S Nikkor 70-200mm f/2.8G ED VR II
#
# Patent: US008416506
# Converted from photonstophotos.net Optical Bench data
# 38 surfaces, 21 glass elements, f/2.9

name: Nikon AF-S Nikkor 70-200mm f/2.8G ED VR II
focal_length: 71.40

surfaces:
# radius       thickness    ior      abbe     semi_ap   coating
  381.3020       2.5000       1.79504  28.69    72.460    1
  106.4250       8.8000       1.49782  82.52    71.540    1
  -1149.1256     0.1000       1.00000  0.00     71.540    0
  98.2127        8.5000       1.49782  82.52    70.020    1
  -1919.4180     0.1000       1.00000  0.00     70.020    0
  66.6347        8.5000       1.49782  82.52    65.120    1
  293.0617       2.0540       1.00000  0.00     65.120    0
  228.7827       2.1000       1.81600  46.62    40.340    1
  33.2041        10.0000      1.00000  0.00     37.660    0
  -117.4258      2.1000       1.48749  70.41    37.660    1
  37.9960        6.2000       1.84666  23.78    39.300    1
  287.5696       4.2000       1.00000  0.00     38.440    0
  -53.8038       3.3000       1.80518  25.43    38.440    1
  -38.9730       2.1000       1.81600  46.62    39.220    1
  -2687.3318     25.8960      1.00000  0.00     41.440    0
  -1365.0388     3.8000       1.74400  44.78    42.860    1
  -93.5331       0.1000       1.00000  0.00     42.860    0
  77.7004        2.4000       1.84666  23.78    44.000    1
  47.7610        8.8000       1.60300  65.46    43.180    1
  -130.8829      5.2890       1.00000  0.00     43.180    0
  -90.0052       2.5000       1.84666  23.78    40.400    1
  -222.5672      19.8990      1.00000  0.00     40.400    0
  156.5810       3.8000       1.49782  82.52    40.340    1
  -223.4996      0.1000       1.00000  0.00     40.340    0
  48.3764        4.0000       1.49782  82.52    39.020    1
  104.4479       6.6000       1.00000  0.00     39.020    0
  stop           15.4000      1.00000  0.00     34.728    0
  629.9782       3.8000       1.72825  28.46    34.300    1
  -55.4480       1.6000       1.57957  53.71    34.020    1
  55.4345        4.0000       1.00000  0.00     34.020    0
  482.0258       1.6000       1.80440  39.57    33.340    1
  58.8315        4.0000       1.00000  0.00     33.340    0
  182.5454       5.0000       1.49782  82.52    36.060    1
  -61.2108       0.1000       1.00000  0.00     36.060    0
  40.0944        6.5000       1.49782  82.52    36.760    1
  -880.4337      4.7500       1.00000  0.00     36.760    0
  -53.2131       2.0000       1.85026  32.35    36.580    1
  -148.8412      53.7870      1.00000  0.00     36.580    0
