# JP 2017-161849 Example 1
#
# Patent: JP2017-161849
# Converted from photonstophotos.net Optical Bench data
# 23 surfaces, 12 glass elements, f/1.9

name: JP 2017-161849 Example 1
focal_length: 24.89

surfaces:
# radius       thickness    ior      abbe     semi_ap   coating
  259.9380       1.8000       1.61800  63.30    49.020    1
  23.2161        17.6450      1.00000  0.00     39.180    0
  57.6433        3.6170       1.85026  32.40    35.900    1
  825.2284       10.1100      1.00000  0.00     35.900    0
  -34.4770       1.0000       1.80518  25.40    29.360    1
  537.2153       0.5000       1.00000  0.00     29.360    0
  87.3036        5.6460       1.85108  40.10    29.560    1
  -33.9430       2.5390       1.00000  0.00     29.560    0
  stop           7.0890       1.00000  0.00     21.510    0
  -51.8604       2.0000       1.63980  34.50    24.640    1
  -625.3025      0.1000       1.00000  0.00     25.660    0
  25.0000        11.0410      1.61800  63.30    27.500    1
  -27.3916       1.0000       1.62588  35.70    27.100    1
  27.1691        0.7820       1.00000  0.00     27.100    0
  24.6861        5.0400       1.88202  37.20    26.480    1
  -127.3574      3.5260       1.00000  0.00     26.480    0
  -866.8853      1.0000       1.64769  33.70    23.420    1
  37.6016        3.9740       1.00000  0.00     22.380    0
  -29.8331       1.0000       1.69895  30.10    22.690    1
  108.0202       3.0000       1.82098  42.50    26.280    1
  -34.7057       14.9910      1.00000  0.00     26.280    0
  0              1.5000       1.51680  63.90    44.920    1
  0              0.1000       1.00000  0.00     44.920    0
