# Nikon AF Nikkor 18mm f/2.8D
#
# Patent: WO2021-039813
# Converted from photonstophotos.net Optical Bench data
# 24 surfaces, 13 glass elements, f/2.9

name: Nikon AF Nikkor 18mm f/2.8D
focal_length: 18.43

surfaces:
# radius       thickness    ior      abbe     semi_ap   coating
  47.3402        1.8000       1.84042  43.34    49.880    1
  25.8235        4.0000       1.00000  0.00     40.930    0
  37.4875        6.9000       1.65160  58.54    40.930    1
  363.4633       0.1000       1.00000  0.00     41.840    0
  22.6420        1.3000       1.79668  45.37    27.220    1
  12.3983        3.9000       1.00000  0.00     20.780    0
  31.6092        1.1500       1.62731  59.30    20.780    1
  13.9537        2.5000       1.00000  0.00     18.220    0
  45.7185        1.0000       1.62041  60.12    17.660    1
  9.1338         3.0000       1.59507  35.51    14.520    1
  15.1245        1.0000       1.00000  0.00     14.520    0
  23.5684        12.3000      1.69911  27.83    13.840    1
  -23.3878       0.7000       1.00000  0.00     13.840    0
  stop           1.8500       1.00000  0.00     11.573    0
  -38.6792       4.0000       1.62588  35.70    12.620    1
  -13.6132       1.2000       1.86074  23.01    12.620    1
  72.7558        1.0000       1.00000  0.00     13.980    0
  78.2777        3.4000       1.66755  41.96    14.660    1
  -15.3940       3.6810       1.00000  0.00     14.660    0
  -33.1936       2.0000       1.51680  64.12    17.440    1
  -30.0403       1.2000       1.00000  0.00     19.440    0
  -26.8195       5.0000       1.59319  67.87    19.440    1
  -13.5397       1.8000       1.86074  23.01    22.300    1
  -16.6014       37.7690      1.00000  0.00     24.900    0
