# Nikon Nikkor Z 100-400mm f/4.5-5.6 VR S
#
# Patent: JP2022-092388
# Converted from photonstophotos.net Optical Bench data
# 48 surfaces, 26 glass elements, f/5.8

name: Nikon Nikkor Z 100-400mm f/4.5-5.6 VR S
focal_length: 103.09

surfaces:
# radius       thickness    ior      abbe     semi_ap   coating
  464.9840       3.8300       1.48749  0.00     69.780    1
  -464.9840      0.1500       1.00000  0.00     69.780    0
  178.0610       4.5600       1.43700  0.00     69.040    1
  0              1.5000       1.00000  0.00     69.040    0
  63.2210        7.0300       1.49782  0.00     50.620    1
  -658.5000      1.0000       1.80440  0.00     49.940    1
  57.4570        1.5300       1.00000  0.00     47.160    0
  56.5300        7.4200       1.43700  0.00     47.760    1
  -447.4400      1.3000       1.00000  0.00     47.760    0
  137.0360       6.1100       1.72047  0.00     38.760    1
  -67.2930       1.3000       1.49782  0.00     37.680    1
  47.9960        5.7300       1.00000  0.00     32.460    0
  -84.2720       1.2000       1.74100  0.00     33.060    1
  49.6810        3.4100       1.85451  0.00     32.400    1
  447.5670       3.1500       1.00000  0.00     32.400    0
  -60.2430       1.2000       1.75500  0.00     27.940    1
  218.5200       43.0950      1.00000  0.00     29.540    0
  152.6680       3.2200       1.59319  0.00     33.440    1
  -152.6680      0.1500       1.00000  0.00     33.440    0
  64.5550        3.6900       1.49782  0.00     33.880    1
  0              0.4500       1.00000  0.00     33.880    0
  48.2270        4.3400       1.49782  0.00     32.980    1
  0              2.4200       1.00000  0.00     32.980    0
  -93.7790       1.6500       1.80610  0.00     31.180    1
  1675.2490      2.8000       1.00000  0.00     33.160    0
  stop           11.7100      1.00000  0.00     22.252    0
  -125.9420      2.3100       1.80809  0.00     25.760    1
  -60.5410       0.6000       1.00000  0.00     27.380    0
  134.5700       1.4000       2.00069  0.00     26.580    1
  34.6330        2.7300       1.00000  0.00     24.700    0
  59.4030        5.1600       1.55298  0.00     25.800    1
  -38.0450       1.2500       1.95375  0.00     25.800    1
  -67.8860       0.6600       1.00000  0.00     25.800    0
  35.2240        3.5000       1.60342  0.00     25.740    1
  140.2260       3.2000       1.00000  0.00     25.740    0
  120.6470       2.2600       1.85026  0.00     21.980    1
  -120.4650      1.0000       1.72916  0.00     21.980    1
  35.4810        14.3000      1.00000  0.00     20.940    0
  560.4750       2.6300       1.65412  0.00     22.000    1
  -50.0420       2.3100       1.00000  0.00     22.000    0
  -44.8830       1.0000       1.90265  0.00     21.480    1
  660.9510       26.9840      1.00000  0.00     22.020    0
  -285.7630      1.0000       1.49782  0.00     37.300    1
  43.1940        1.4600       1.00000  0.00     37.300    0
  47.3840        5.6700       1.73800  0.00     39.180    1
  1194.6530      29.6200      1.00000  0.00     39.180    0
  0              1.6000       1.51680  0.00     45.500    1
  0              0.0000       1.00000  0.00     45.500    0
