# Nikon TC-14
#
# Patent: US004206971
# Converted from photonstophotos.net Optical Bench data
# 11 surfaces, 5 glass elements

name: Nikon TC-14
focal_length: 50.00

surfaces:
# radius       thickness    ior      abbe     semi_ap   coating
  0              13.5900      1.00000  0.00     49.200    0
  121.0150       4.0000       1.59507  35.60    30.920    1
  -100.1840      2.0080       1.00000  0.00     30.920    0
  -118.4200      1.8000       1.79668  45.40    30.180    1
  35.5000        1.8000       1.00000  0.00     30.180    0
  36.8000        6.0000       1.59507  35.60    31.400    1
  -5196.8160     4.5750       1.00000  0.00     31.400    0
  -99.9640       1.5000       1.79668  45.40    31.680    1
  70.0330        0.2000       1.00000  0.00     31.680    0
  53.9380        9.0000       1.51009  63.40    33.530    1
  -180.9390      40.1220      1.00000  0.00     33.530    0
