# US 4,448,497 Example 4
#
# Patent: US004448497
# Converted from photonstophotos.net Optical Bench data
# 14 surfaces, 7 glass elements, f/1.4

name: US 4,448,497 Example 4
focal_length: 51.60

surfaces:
# radius       thickness    ior      abbe     semi_ap   coating
  44.7700        5.1000       1.80218  44.70    39.220    1
  305.9100       0.1000       1.00000  0.00     39.220    0
  26.2300        5.0000       1.78797  47.50    33.020    1
  39.1300        1.5000       1.00000  0.00     31.990    0
  72.7900        1.4000       1.67270  32.20    30.960    1
  18.0500        8.0000       1.00000  0.00     26.320    0
  stop           7.3000       1.00000  0.00     25.596    0
  -17.7800       1.0000       1.74000  28.30    26.210    1
  5000.0000      6.7000       1.77279  49.40    29.930    1
  -29.3500       0.2000       1.00000  0.00     31.480    0
  -92.6300       4.2000       1.78797  47.50    34.470    1
  -31.1900       0.1000       1.00000  0.00     34.980    0
  143.0300       2.8000       1.78797  47.50    34.060    1
  -171.0500      38.2400      1.00000  0.00     34.060    0
