# Nikon AF-S Nikkor 300mm f/2.8D IF-ED II
#
# Patent: JP2015-102734
# Converted from photonstophotos.net Optical Bench data
# 24 surfaces, 13 glass elements, f/2.9

name: Nikon AF-S Nikkor 300mm f/2.8D IF-ED II
focal_length: 293.80

surfaces:
# radius       thickness    ior      abbe     semi_ap   coating
  0              4.0000       1.51680  64.12    105.500   1
  0              0.6000       1.00000  0.00     105.500   0
  173.8655       12.0000      1.49782  82.52    103.900   1
  -978.0647      0.2000       1.00000  0.00     103.900   0
  134.2050       15.0000      1.49782  82.52    99.620    1
  -460.5750      5.0000       1.80400  46.57    98.300    1
  332.9139       46.3000      1.00000  0.00     98.300    0
  99.3587        3.5000       1.74400  44.79    74.820    1
  55.6910        15.9000      1.49782  82.52    69.500    1
  -1333.1846     29.7073      1.00000  0.00     69.500    0
  -169.9686      2.7000       1.51680  64.05    44.040    1
  67.2847        4.5100       1.00000  0.00     42.000    0
  -192.9273      7.0000       1.80384  33.89    42.000    1
  -43.0810       2.8000       1.58913  61.29    42.000    1
  83.8867        20.1028      1.00000  0.00     42.000    0
  stop           1.7000       1.00000  0.00     38.661    0
  203.1344       5.1000       1.51860  69.92    40.500    1
  -99.7742       3.0570       1.00000  0.00     40.500    0
  -42.9950       2.5000       1.79504  28.48    40.500    1
  -61.8480       9.1000       1.00000  0.00     41.720    0
  -176.5352      4.7000       1.51860  69.92    43.100    1
  -53.3740       19.1000      1.00000  0.00     43.100    0
  0              2.0000       1.51680  64.12    49.410    1
  0              86.5500      1.00000  0.00     49.410    0
