# US 5,737,129 Example 1
#
# Patent: US005737129
# Converted from photonstophotos.net Optical Bench data
# 20 surfaces, 10 glass elements, f/4.0

name: US 5,737,129 Example 1
focal_length: 28.81

surfaces:
# radius       thickness    ior      abbe     semi_ap   coating
  63.3724        1.4080       1.79668  45.37    34.200    1
  17.7251        3.4560       1.00000  0.00     25.300    0
  43.0885        1.2800       1.79668  45.37    27.900    1
  22.3649        2.3040       1.00000  0.00     27.000    0
  20.8322        3.8400       1.75520  27.61    27.800    1
  48.3638        19.9552      1.00000  0.00     27.800    0
  23.4195        2.5600       1.62041  60.14    17.000    1
  -1538.6685     1.9200       1.00000  0.00     17.000    0
  16.8352        4.4800       1.58913  61.09    13.300    1
  -21.9271       1.9200       1.80458  25.50    12.200    1
  -78.5857       0.6400       1.00000  0.00     12.200    0
  -27.1640       1.2800       1.80384  33.89    11.600    1
  19.6950        0.6400       1.00000  0.00     11.600    0
  32.7790        2.3040       1.62588  35.70    11.500    1
  -18.1778       0.6400       1.00000  0.00     11.500    0
  stop           4.4800       1.00000  0.00     9.468     0
  -21.8111       2.3040       1.75520  27.61    12.600    1
  -15.9148       4.4800       1.00000  0.00     14.100    0
  -10.1409       1.5360       1.79668  45.37    15.100    1
  -27.8518       18.9477      1.00000  0.00     18.200    0
