# Nikon AF Nikkor 20-35mm F/2.8D IF
#
# Patent: US005666230
# Converted from photonstophotos.net Optical Bench data
# 26 surfaces, 14 glass elements, f/2.9

name: Nikon AF Nikkor 20-35mm F/2.8D IF
focal_length: 20.50

surfaces:
# radius       thickness    ior      abbe     semi_ap   coating
  49.5290        2.5000       1.77279  49.40    48.490    1
  19.4090        13.0000      1.00000  0.00     35.010    0
  -82.4540       2.0000       1.78797  47.50    35.010    1
  38.9920        2.8000       1.00000  0.00     32.990    0
  153.9690       4.0000       1.75692  31.60    34.860    1
  -153.9690      0.2000       1.00000  0.00     34.860    0
  34.8150        3.5000       1.75692  31.60    32.290    1
  51.6920        17.8289      1.00000  0.00     32.290    0
  43.0200        1.2000       1.71736  29.50    22.940    1
  22.3590        5.5000       1.51860  69.90    22.940    1
  -56.7550       3.3045       1.00000  0.00     22.940    0
  48.3610        3.0000       1.71300  53.90    23.820    1
  436.1870       1.7982       1.00000  0.00     23.820    0
  stop           1.8000       1.00000  0.00     15.920    0
  -63.7600       1.2000       1.74810  52.30    19.460    1
  22.2500        4.0000       1.80518  25.40    20.980    1
  76.6930        9.1470       1.00000  0.00     20.980    0
  28.7590        3.0000       1.65844  50.80    23.640    1
  68.4310        1.5000       1.00000  0.00     23.640    0
  67.9080        2.0000       1.78470  26.10    25.380    1
  27.6420        2.5000       1.00000  0.00     23.030    0
  2058.3230      4.0000       1.79668  45.40    27.160    1
  -50.1440       0.2000       1.00000  0.00     27.160    0
  105.9970       8.0000       1.62280  57.00    28.680    1
  -20.3500       1.7000       1.86074  23.00    28.680    1
  -44.6310       38.5995      1.00000  0.00     31.420    0
