# Nikon AF Zoom-Nikkor 28-80mm f3.5-5.6D
#
# Patent: JP1999-030748
# Converted from photonstophotos.net Optical Bench data
# 17 surfaces, 8 glass elements, f/3.6

name: Nikon AF Zoom-Nikkor 28-80mm f3.5-5.6D
focal_length: 28.80

surfaces:
# radius       thickness    ior      abbe     semi_ap   coating
  136.5380       4.5000       1.51454  54.55    49.840    1
  -937.5160      0.1000       1.00000  0.00     49.840    0
  86.1890        2.0000       1.79668  45.37    46.440    1
  21.0610        8.5000       1.00000  0.00     32.940    0
  168.0220       1.6000       1.79668  45.37    34.320    1
  38.5730        3.5000       1.00000  0.00     34.320    0
  31.8610        4.0000       1.86074  23.01    31.760    1
  64.0540        34.8420      1.00000  0.00     31.760    0
  28.0740        3.7000       1.61720  54.01    21.860    1
  -191.5630      1.6000       1.00000  0.00     21.860    0
  stop           0.9000       1.00000  0.00     17.387    0
  24.6630        4.2000       1.61720  54.01    19.640    1
  62.0000        1.2000       1.00000  0.00     19.640    0
  -76.0330       8.0000       1.80518  25.41    18.030    1
  18.9280        1.6000       1.00000  0.00     18.030    0
  34.3530        4.7000       1.61293  36.98    18.280    1
  -35.2330       45.7600      1.00000  0.00     18.280    0
