# Nikon AF Nikkor 28mm f/2.8D
#
# Patent: US005557473
# Converted from photonstophotos.net Optical Bench data
# 14 surfaces, 6 glass elements, f/2.9

name: Nikon AF Nikkor 28mm f/2.8D
focal_length: 28.60

surfaces:
# radius       thickness    ior      abbe     semi_ap   coating
  137.0710       3.0000       1.64831  33.80    44.100    1
  -4003.0970     0.2000       1.00000  0.00     44.100    0
  62.3750        2.0000       1.65160  58.50    35.500    1
  15.3010        21.1000      1.00000  0.00     26.980    0
  0              1.1000       1.00000  0.00     17.140    0
  26.6260        6.3000       1.79668  45.40    17.360    1
  -60.5680       1.4000       1.00000  0.00     17.360    0
  stop           3.6000       1.00000  0.00     14.795    0
  -26.7920       5.6000       1.78470  26.10    14.500    1
  33.7290        1.1500       1.00000  0.00     14.500    0
  -77.1130       2.2000       1.69680  55.60    14.520    1
  -22.2090       0.1000       1.00000  0.00     15.120    0
  84.6480        3.0000       1.71300  54.00    18.220    1
  -47.0470       38.0900      1.00000  0.00     18.220    0
