# Nikon Nikkor Z 24-70mm f/2.8 S
#
# Patent: WO2020-136749
# Converted from photonstophotos.net Optical Bench data
# 33 surfaces, 17 glass elements, f/2.9

name: Nikon Nikkor Z 24-70mm f/2.8 S
focal_length: 24.80

surfaces:
# radius       thickness    ior      abbe     semi_ap   coating
  234.3873       2.5000       1.84666  23.80    69.800    1
  109.5180       5.2000       1.75500  52.34    65.470    1
  389.6852       0.2000       1.00000  0.00     65.470    0
  59.0627        5.7000       1.77250  49.62    57.360    1
  135.3649       1.7800       1.00000  0.00     57.360    0
  218.4420       2.0000       1.74389  49.53    43.770    1
  18.6957        9.6580       1.00000  0.00     29.380    0
  -59.6856       1.3000       1.77250  49.62    29.380    1
  59.6856        0.4420       1.00000  0.00     31.140    0
  39.2099        6.4000       1.72825  28.38    28.720    1
  -48.6731       1.9330       1.00000  0.00     28.720    0
  -26.4065       1.3000       1.61800  63.34    27.650    1
  -71.7612       19.2900      1.00000  0.00     29.400    0
  stop           1.7120       1.00000  0.00     17.281    0
  71.8876        2.5000       1.69370  53.32    28.690    1
  127.6411       0.7160       1.00000  0.00     28.690    0
  38.7492        5.9000       1.59319  67.90    30.000    1
  -105.4274      9.1700       1.00000  0.00     30.000    0
  67.0276        1.3000       1.73800  32.33    30.760    1
  19.5126        9.7000       1.49782  82.57    28.210    1
  -50.5609       5.1800       1.00000  0.00     28.210    0
  -23.9237       1.2000       1.72047  34.71    23.240    1
  -56.2081       0.2000       1.00000  0.00     24.200    0
  103.1749       5.9000       1.59349  67.00    26.900    1
  -33.0197       2.6800       1.00000  0.00     26.900    0
  -70.6288       3.5000       1.79189  45.04    28.130    1
  -38.2153       6.1300       1.00000  0.00     29.720    0
  -43.9824       3.0000       1.94595  17.98    28.980    1
  -32.4253       0.2000       1.00000  0.00     30.010    0
  -100.5837      1.5000       1.85207  40.15    30.460    1
  88.1634        7.8470       1.00000  0.00     30.460    0
  -25.2838       1.4000       1.58913  61.22    33.320    1
  -45.3661       11.9300      1.00000  0.00     34.260    0
