# Nikon AF-S DX Zoom-Nikkor 17-55mm f/2.8G IF-ED
#
# Patent: US20050013015
# Converted from photonstophotos.net Optical Bench data
# 25 surfaces, 14 glass elements, f/2.9

name: Nikon AF-S DX Zoom-Nikkor 17-55mm f/2.8G IF-ED
focal_length: 17.55

surfaces:
# radius       thickness    ior      abbe     semi_ap   coating
  68.8329        2.5000       1.74443  49.55    55.760    1
  23.7109        22.4287      1.00000  0.00     45.430    0
  -58.4517       1.3000       1.51860  69.98    38.220    1
  70.0469        2.9936       1.80518  25.43    40.000    1
  243.9094       42.3175      1.00000  0.00     40.000    0
  140.0441       3.4072       1.67790  55.34    32.760    1
  -118.9794      0.1000       1.00000  0.00     32.760    0
  124.6930       1.0000       1.84666  23.78    32.880    1
  34.2030        5.1696       1.61800  63.38    32.880    1
  -189.4107      4.8624       1.00000  0.00     32.880    0
  53.9597        5.3000       1.73993  49.25    35.680    1
  -211.8800      1.3500       1.00000  0.00     35.680    0
  stop           1.2000       1.00000  0.00     16.075    0
  172.5088       4.0000       1.84666  23.78    22.260    1
  -28.2347       1.0000       1.80400  46.58    23.150    1
  89.6343        1.9000       1.00000  0.00     20.220    0
  -39.5906       1.0000       1.80400  46.58    20.220    1
  99.5109        19.8298      1.00000  0.00     23.150    0
  -134.6632      2.9801       1.49782  82.52    25.580    1
  -28.2015       0.1000       1.00000  0.00     25.580    0
  217.9857       4.0048       1.61800  63.38    26.900    1
  -73.2014       0.1000       1.00000  0.00     26.900    0
  52.8039        5.0164       1.49782  82.52    27.900    1
  -32.8433       1.0000       1.84666  23.78    27.900    1
  -316.9872      38.6000      1.00000  0.00     27.900    0
