# US 8,867,147 Example 3
#
# Patent: US008867147
# Converted from photonstophotos.net Optical Bench data
# 26 surfaces, 14 glass elements, f/1.8

name: US 8,867,147 Example 3
focal_length: 18.40

surfaces:
# radius       thickness    ior      abbe     semi_ap   coating
  46.6890        2.5000       1.67790  55.34    53.560    1
  15.6620        12.5900      1.00000  0.00     40.310    0
  49.6210        2.0000       1.74100  52.64    35.830    1
  24.3850        10.0100      1.00000  0.00     29.510    0
  -52.1820       2.0000       1.49782  82.52    28.590    1
  48.1510        3.9600       1.00000  0.00     28.590    0
  42.7960        7.4700       1.80440  39.58    28.790    1
  -70.8150       0.8000       1.00000  0.00     28.790    0
  29.8720        3.0000       1.83481  42.71    28.590    1
  22.3180        4.1700       1.00000  0.00     28.590    0
  38.3730        1.0000       1.62374  47.04    28.490    1
  18.5700        10.4500      1.51680  64.10    28.490    1
  -44.1480       0.1000       1.00000  0.00     28.490    0
  stop           5.0000       1.00000  0.00     26.836    0
  -51.7450       1.0000       1.83481  42.72    28.180    1
  81.9890        0.1000       1.00000  0.00     28.180    0
  38.2850        4.9000       1.57099  50.80    29.000    1
  -193.1040      0.1100       1.00000  0.00     29.000    0
  -249.2180      1.0000       1.77279  49.45    32.060    1
  41.2770        8.3100       1.49782  82.52    32.060    1
  -37.8200       3.2500       1.00000  0.00     32.060    0
  46.7690        7.5400       1.49782  82.52    29.510    1
  -42.1450       0.1000       1.00000  0.00     29.510    0
  -602.6800      1.0000       1.80610  40.92    31.650    1
  23.1410        7.6300       1.58913  61.13    31.650    1
  -97.7060       40.0500      1.00000  0.00     31.650    0
