# US 5,323,270 Example 5
#
# Patent: US005323270
# Converted from photonstophotos.net Optical Bench data
# 21 surfaces, 11 glass elements, f/4.1

name: US 5,323,270 Example 5
focal_length: 588.00

surfaces:
# radius       thickness    ior      abbe     semi_ap   coating
  0              5.0000       1.51680  64.10    150.300   1
  0              1.2000       1.00000  0.00     150.300   0
  201.4380       18.0000      1.49782  82.60    150.200   1
  -1821.9020     0.9000       1.00000  0.00     150.200   0
  201.1890       19.0000      1.49782  82.60    141.500   1
  -794.1650      6.6000       1.00000  0.00     141.500   0
  -627.1820      7.0000       1.75692  31.70    134.200   1
  551.9550       103.4300     1.00000  0.00     134.200   0
  101.1700       5.0000       1.71300  54.00    71.700    1
  49.4520        13.0000      1.59319  67.90    65.100    1
  145.4980       7.2137       1.00000  0.00     65.100    0
  -90000.0000    7.0000       1.80518  25.40    59.000    1
  -122.1590      3.3000       1.71300  54.00    59.000    1
  110.4020       6.9000       1.00000  0.00     54.000    0
  -1527.9330     3.3000       1.69350  53.80    54.000    1
  130.2600       17.8751      1.00000  0.00     54.000    0
  218.2700       7.0000       1.49782  82.60    53.600    1
  -187.8960      22.2800      1.00000  0.00     53.600    0
  stop           42.9200      1.00000  0.00     44.103    0
  0              2.0000       1.51680  64.10    36.600    1
  0              135.3100     1.00000  0.00     36.600    0
