# Nikon AF Zoom-Nikkor 24-85mm f/2.8-4D IF
#
# Patent: JP2000-321497
# Converted from photonstophotos.net Optical Bench data
# 28 surfaces, 16 glass elements, f/2.8

name: Nikon AF Zoom-Nikkor 24-85mm f/2.8-4D IF
focal_length: 24.70

surfaces:
# radius       thickness    ior      abbe     semi_ap   coating
  843.3093       1.8000       1.84666  23.78    62.620    1
  87.9723        7.6000       1.75500  52.32    60.060    1
  -380.3274      0.1000       1.00000  0.00     60.060    0
  49.2952        5.6000       1.75500  52.32    50.880    1
  129.2156       2.4703       1.00000  0.00     50.880    0
  -218.0520      0.0600       1.49521  56.34    32.960    1
  250.0000       1.8000       1.83481  42.72    32.960    1
  16.0593        6.1000       1.00000  0.00     23.030    0
  -55.2385       1.3000       1.74100  52.67    23.030    1
  44.7541        0.1000       1.00000  0.00     23.780    0
  30.8107        7.3000       1.74077  27.79    21.860    1
  -17.0142       1.3000       1.80400  46.58    21.860    1
  -49.1793       2.6000       1.00000  0.00     21.860    0
  -21.9790       1.0000       1.74320  49.32    19.520    1
  -53.5472       12.2151      1.00000  0.00     19.520    0
  stop           1.0000       1.00000  0.00     19.281    0
  63.2297        3.0000       1.60300  65.47    21.860    1
  -108.6045      0.1000       1.00000  0.00     21.860    0
  25.4589        7.5000       1.60300  65.47    22.940    1
  -21.8926       1.6000       1.83400  37.17    22.940    1
  272.4567       5.3267       1.00000  0.00     22.940    0
  36.6954        6.4000       1.74320  49.32    22.720    1
  -36.6954       0.2000       1.00000  0.00     22.720    0
  125.3016       1.8000       1.74443  49.52    19.100    1
  34.5095        2.0000       1.00000  0.00     19.100    0
  -77.7006       1.5000       1.83400  37.17    21.860    1
  17.2707        6.4000       1.61720  54.01    21.860    1
  -46.0881       37.9886      1.00000  0.00     21.860    0
