# Nikon AF-S Nikkor 70-200mm f/4G ED VR
#
# Patent: US20170315337
# Converted from photonstophotos.net Optical Bench data
# 36 surfaces, 20 glass elements, f/4.1

name: Nikon AF-S Nikkor 70-200mm f/4G ED VR
focal_length: 71.40

surfaces:
# radius       thickness    ior      abbe     semi_ap   coating
  140.3879       3.2500       1.48749  70.31    56.060    1
  399.4846       16.2331      1.00000  0.00     56.060    0
  151.1551       2.0000       1.90366  31.27    54.420    1
  77.3360        6.2000       1.49782  82.57    49.620    1
  -417.8459      0.1000       1.00000  0.00     49.620    0
  72.3229        5.2000       1.49782  82.57    48.420    1
  810.3397       2.4350       1.00000  0.00     48.420    0
  -398.4538      1.3000       1.83481  42.73    27.240    1
  49.6681        3.9000       1.00000  0.00     26.460    0
  -83.0944       1.2500       1.61800  63.34    27.240    1
  54.6110        2.5500       1.84666  23.80    27.240    1
  399.8540       1.4500       1.00000  0.00     27.240    0
  -70.8083       1.2500       1.72916  54.61    28.660    1
  84.0230        2.1500       1.84666  23.80    26.800    1
  0              25.0930      1.00000  0.00     26.800    0
  204.9027       5.2000       1.71700  47.98    28.460    1
  -32.6310       1.4000       1.90366  31.27    28.460    1
  -73.6790       15.8770      1.00000  0.00     28.460    0
  stop           0.4000       1.00000  0.00     27.843    0
  49.2393        3.7500       1.77250  49.62    29.680    1
  0              0.3000       1.00000  0.00     29.680    0
  35.5052        4.9000       1.49782  82.57    27.500    1
  -162.2410      1.8500       1.90366  31.27    27.500    1
  41.9940        14.3500      1.00000  0.00     25.720    0
  0              0.5000       1.00000  0.00     24.080    0
  85.3575        4.0000       1.80518  25.45    24.080    1
  -47.5520       1.2000       1.60311  60.69    23.140    1
  54.4401        4.0000       1.00000  0.00     24.360    0
  -254.0256      1.2000       2.00069  25.46    24.360    1
  63.7889        3.9000       1.00000  0.00     24.380    0
  81.7216        4.0000       1.58913  61.22    28.580    1
  -81.7216       0.7000       1.00000  0.00     28.580    0
  77.7312        4.2000       1.71999  50.27    29.020    1
  -77.7312       6.5000       1.00000  0.00     29.020    0
  -41.7728       2.0000       1.83400  37.18    27.440    1
  -200.4805      63.6930      1.00000  0.00     28.740    0
