# Nikon Nikkor 35mm f2.8 (35ti)
#
# Patent: US005243468
# Converted from photonstophotos.net Optical Bench data
# 11 surfaces, 6 glass elements, f/2.9

name: Nikon Nikkor 35mm f2.8 (35ti)
focal_length: 35.00

surfaces:
# radius       thickness    ior      abbe     semi_ap   coating
  13.0190        3.0030       1.69680  55.60    15.320    1
  20.1370        1.4035       1.00000  0.00     12.590    0
  -52.9720       1.0010       1.59507  35.50    12.590    1
  13.8180        3.4545       1.74443  49.50    12.280    1
  -60.2010       0.7040       1.00000  0.00     12.280    0
  stop           3.6500       1.00000  0.00     10.027    0
  -15.4120       1.0010       1.64831  33.80    11.000    1
  31.4560        4.4065       1.84042  43.30    12.740    1
  -13.2210       1.3020       1.00000  0.00     15.060    0
  -9.1520        1.6520       1.56883  56.00    14.140    1
  -20.4820       20.5600      1.00000  0.00     18.380    0
