# Nikon AI Zoom-Nikkor 360-1200mm f/11 ED
#
# Patent: US003743384
# Converted from photonstophotos.net Optical Bench data
# 33 surfaces, 20 glass elements, f/11.0

name: Nikon AI Zoom-Nikkor 360-1200mm f/11 ED
focal_length: 360.00

surfaces:
# radius       thickness    ior      abbe     semi_ap   coating
  441.5000       8.0000       1.48606  81.50    109.920   1
  -580.0000      0.2000       1.00000  0.00     109.920   0
  274.2000       9.5000       1.48606  81.50    106.920   1
  -638.1000      1.0000       1.00000  0.00     106.920   0
  -638.1000      4.0000       1.74400  44.90    109.920   1
  298.2000       6.0000       1.58913  61.20    109.920   1
  1281.5000      11.2580      1.00000  0.00     109.920   0
  8939.7000      4.7000       1.75520  27.50    49.420    1
  -126.6000      2.6000       1.58913  61.20    49.420    1
  172.9000       6.0000       1.00000  0.00     49.420    0
  -166.7000      1.3000       1.48606  81.50    49.420    1
  118.3000       3.0000       1.58875  51.20    49.420    1
  238.7000       6.0000       1.00000  0.00     49.420    0
  -149.8000      2.6000       1.51680  64.20    49.420    1
  444.7000       64.8530      1.00000  0.00     49.420    0
  -3106.9000     3.5000       1.62041  60.30    50.920    1
  -134.2000      2.6000       1.61293  36.90    50.920    1
  -203.7000      0.2000       1.00000  0.00     50.920    0
  398.1000       4.7000       1.48606  81.50    50.920    1
  -143.2000      2.6000       1.75520  27.50    50.920    1
  -246.4000      141.1380     1.00000  0.00     50.920    0
  stop           2.0000       1.00000  0.00     48.927    0
  344.6000       4.0000       1.51454  54.60    52.420    1
  -577.7000      6.2000       1.00000  0.00     52.420    0
  85.8000        6.0000       1.48606  81.50    51.420    1
  -1535.0000     13.5000      1.74400  44.90    51.420    1
  80.0000        6.3000       1.63930  45.00    51.420    1
  136.3590       139.4000     1.00000  0.00     51.420    0
  385.1000       2.7000       1.50137  56.50    38.060    1
  -385.1000      15.2000      1.00000  0.00     38.060    0
  -124.9000      2.8000       1.74443  49.40    39.980    1
  87.5000        4.4000       1.60342  38.00    39.980    1
  -200.4000      235.2000     1.00000  0.00     39.980    0
