# Nikon AI Micro-Nikkor 105mm f/2.8S
#
# Patent: US004392724
# Converted from photonstophotos.net Optical Bench data
# 20 surfaces, 10 glass elements, f/2.8

name: Nikon AI Micro-Nikkor 105mm f/2.8S
focal_length: 105.00

surfaces:
# radius       thickness    ior      abbe     semi_ap   coating
  74.5000        5.0000       1.77279  49.40    40.860    1
  -1042.7000     0.1500       1.00000  0.00     40.860    0
  29.0000        5.0000       1.71700  48.10    37.440    1
  57.0000        2.0000       1.00000  0.00     35.260    0
  91.2800        2.0000       1.74950  35.20    34.840    1
  24.1310        13.9866      1.00000  0.00     30.340    0
  -31.1900       2.0000       1.68893  31.10    29.380    1
  300.0000       10.5000      1.73350  51.10    31.440    1
  -41.9830       1.5000       1.00000  0.00     33.220    0
  stop           1.5000       1.00000  0.00     29.392    0
  310.3000       5.0000       1.69350  53.80    32.800    1
  -70.2480       8.1258       1.00000  0.00     32.800    0
  -191.6370      4.0000       1.59507  35.50    26.940    1
  -55.6370       2.0000       1.00000  0.00     26.940    0
  -114.2160      1.8000       1.79668  45.50    24.600    1
  50.8800        1.8000       1.00000  0.00     24.600    0
  45.6900        6.0000       1.59507  35.50    26.240    1
  -175.8500      4.6000       1.00000  0.00     26.240    0
  -38.5450       2.0000       1.80454  39.60    27.880    1
  -77.2130       43.1100      1.00000  0.00     27.880    0
