# Nikon Nikkor Z 14-24mm f/2.8 S
#
# Patent: WO2021-117563
# Converted from photonstophotos.net Optical Bench data
# 28 surfaces, 16 glass elements, f/2.9

name: Nikon Nikkor Z 14-24mm f/2.8 S
focal_length: 14.42

surfaces:
# radius       thickness    ior      abbe     semi_ap   coating
  151.5000       3.0000       1.58887  61.10    66.440    1
  16.0400        13.3700      1.00000  0.00     43.160    0
  88.7400        2.0000       1.74310  49.40    40.980    1
  27.4400        10.0000      1.00000  0.00     33.620    0
  -74.7700       1.5000       1.49782  82.60    33.620    1
  57.8700        0.1500       1.00000  0.00     33.620    0
  37.0800        5.7700       1.73800  32.30    33.620    1
  -644.5600      19.1100      1.00000  0.00     33.620    0
  32.6400        1.1000       2.00060  25.40    23.250    1
  19.0100        5.3000       1.64769  33.70    22.280    1
  210.3000       10.6800      1.00000  0.00     23.250    0
  28.6100        1.1000       1.85000  27.00    23.740    1
  18.1900        6.0800       1.59349  67.00    23.100    1
  522.9000       1.9500       1.00000  0.00     23.740    0
  stop           2.8800       1.00000  0.00     15.956    0
  -66.8600       1.1000       1.95375  32.30    21.400    1
  25.7200        5.3500       1.84666  23.70    23.690    1
  -78.7000       0.4000       1.00000  0.00     23.690    0
  24.3600        6.2700       1.49782  82.60    24.710    1
  -54.7400       0.1500       1.00000  0.00     24.710    0
  43.1000        1.1000       1.83481  42.70    22.360    1
  16.9000        4.4000       1.49782  82.60    20.780    1
  73.9500        0.2000       1.00000  0.00     20.780    0
  31.2300        5.7300       1.49782  82.60    19.730    1
  -23.2000       1.1000       1.83481  42.70    19.730    1
  55.4100        3.9300       1.00000  0.00     21.620    0
  -68.4300       2.0000       1.85108  40.10    22.240    1
  -54.1500       22.5400      1.00000  0.00     23.640    0
