# Nikon Fisheye-Nikkor 6mm f/2.8
#
# Patent: US003737214
# Converted from photonstophotos.net Optical Bench data
# 24 surfaces, 13 glass elements, f/2.8

name: Nikon Fisheye-Nikkor 6mm f/2.8
focal_length: 6.30

surfaces:
# radius       thickness    ior      abbe     semi_ap   coating
  143.3700       7.0000       1.51680  64.20    213.000   1
  52.5000        28.0000      1.00000  0.00     104.600   0
  76.4000        3.0000       1.51680  64.20    100.000   1
  31.5210        21.8000      1.00000  0.00     61.000    0
  150.0000       3.0000       1.51680  64.20    56.000    1
  17.1000        16.5000      1.00000  0.00     33.000    0
  -60.0000       7.0000       1.62041  60.30    32.000    1
  22.6250        0.6000       1.00000  0.00     28.000    0
  23.9000        12.6000      1.72825  28.30    28.000    1
  78.9880        25.0000      1.00000  0.00     27.000    0
  0              1.8000       1.51823  0.00     20.000    1
  0              2.8000       1.00000  0.00     20.000    0
  278.3330       3.0000       1.64831  33.80    20.000    1
  -185.4200      0.1000       1.00000  0.00     20.000    0
  52.0300        7.0000       1.53375  55.40    20.000    1
  -28.5000       2.0000       1.77250  49.50    20.000    1
  -77.0000       4.6000       1.00000  0.00     20.000    0
  stop           8.4000       1.00000  0.00     15.350    0
  45.0000        8.0000       1.51823  59.00    20.000    1
  -14.4000       0.6000       1.79631  40.80    20.000    1
  -34.5000       0.1000       1.00000  0.00     20.000    0
  -110.0000      1.0000       1.71736  29.50    20.000    1
  35.0000        3.5000       1.51680  64.20    20.000    1
  -25.7630       37.6570      1.00000  0.00     20.000    0
