# Nikon TC-E2 with Main Lens
#
# Patent: JP2000-275517
# Converted from photonstophotos.net Optical Bench data
# 30 surfaces, 16 glass elements, f/3.5

name: Nikon TC-E2 with Main Lens
focal_length: 23.38

surfaces:
# radius       thickness    ior      abbe     semi_ap   coating
  60.1400        2.6000       1.80518  25.46    53.400    1
  41.5690        11.5000      1.51680  64.20    50.840    1
  -2246.4000     0.2000       1.00000  0.00     50.840    0
  27.6490        8.8000       1.51680  64.20    42.920    1
  63.6260        14.3752      1.00000  0.00     39.640    0
  86.8920        1.6000       1.72916  54.67    21.200    1
  16.8280        4.7000       1.00000  0.00     17.200    0
  0              1.0000       1.51680  64.20    16.420    1
  0              8.8800       1.00000  0.00     16.420    0
  40.3058        1.3000       1.80610  0.00     11.260    1
  9.9720         2.8000       1.00000  0.00     10.540    0
  -54.9622       1.1000       1.51680  0.00     10.060    1
  9.6370         3.2000       1.84666  0.00     10.060    1
  28.7813        9.8708       1.00000  0.00     10.060    0
  stop           1.0000       1.00000  0.00     6.500     0
  35.5110        2.0000       1.83500  0.00     7.860     1
  -59.6473       0.1500       1.00000  0.00     7.860     0
  10.7534        5.9000       1.67003  0.00     8.100     1
  -15.7082       3.8000       1.84666  0.00     7.080     1
  8.2979         1.3500       1.00000  0.00     7.080     0
  -60.4026       1.9000       1.67270  0.00     7.000     1
  -25.8363       1.6000       1.00000  0.00     8.020     0
  13.5468        2.5000       1.70200  0.00     9.180     1
  188.8636       9.1402       1.00000  0.00     9.180     0
  72.1302        1.9000       1.66547  0.00     9.900     1
  -39.2149       1.0000       1.00000  0.00     9.900     0
  0              3.4200       1.51680  0.00     9.660     1
  0              0.7000       1.00000  0.00     9.660     0
  0              0.8000       1.51680  0.00     9.300     1
  0              1.7127       1.00000  0.00     9.300     0
