# US 8,941,921 Example 3
#
# Patent: US008941921
# Converted from photonstophotos.net Optical Bench data
# 27 surfaces, 16 glass elements, f/1.8

name: US 8,941,921 Example 3
focal_length: 132.30

surfaces:
# radius       thickness    ior      abbe     semi_ap   coating
  99.8339        11.0000      1.60300  65.46    77.000    1
  -592.6523      0.2000       1.00000  0.00     77.000    0
  84.1919        13.0000      1.49782  82.50    72.400    1
  -203.6824      3.0000       1.67270  32.11    71.200    1
  331.1476       0.2000       1.00000  0.00     66.100    0
  59.7075        3.0000       1.83481  42.72    62.100    1
  32.0183        14.0000      1.61800  63.37    54.800    1
  129.9551       5.1900       1.00000  0.00     50.100    0
  -417.2325      2.5000       1.80400  46.57    45.800    1
  74.2498        1.6590       1.00000  0.00     43.100    0
  141.2688       5.0000       1.84666  23.78    43.100    1
  -201.1402      2.0000       1.60300  65.46    42.400    1
  42.5251        17.0210      1.00000  0.00     39.400    0
  stop           2.0000       1.00000  0.00     34.777    0
  156.9902       1.8000       1.90366  31.27    36.800    1
  30.0000        8.0000       1.81600  46.62    35.500    1
  -234.0935      2.0000       1.00000  0.00     35.500    0
  403.6661       5.0000       2.00069  25.45    34.000    1
  -56.0817       1.5000       1.54814  45.79    33.800    1
  34.7886        6.8920       1.00000  0.00     30.100    0
  -37.1080       1.5000       1.54814  45.79    30.100    1
  -545.2217      7.4990       1.00000  0.00     30.100    0
  97.2472        6.0000       1.60300  65.46    34.900    1
  -48.6236       0.1000       1.00000  0.00     34.900    0
  74.0949        8.0000       1.49782  82.51    37.000    1
  -40.5063       2.0000       1.61293  36.96    37.000    1
  -788.8992      42.4000      1.00000  0.00     37.700    0
