# Nikon Nikkor Z 24-50mm f/4-6.3
#
# Patent: JP2021-189377
# Converted from photonstophotos.net Optical Bench data
# 23 surfaces, 12 glass elements, f/4.1

name: Nikon Nikkor Z 24-50mm f/4-6.3
focal_length: 24.73

surfaces:
# radius       thickness    ior      abbe     semi_ap   coating
  71.8850        1.2000       1.69680  55.46    33.040    1
  15.3120        7.8000       1.00000  0.00     25.090    0
  -298.1520      1.5700       1.53048  55.72    26.410    1
  93.3050        1.7800       1.00000  0.00     26.410    0
  26.3910        2.2100       1.92286  20.88    24.520    1
  37.8100        19.9730      1.00000  0.00     22.980    0
  21.7100        2.2300       1.49700  81.61    15.530    1
  383.2390       0.2500       1.00000  0.00     15.530    0
  31.5620        3.1600       1.49700  81.61    15.480    1
  -20.3560       0.0100       1.51400  27.05    15.480    1
  -20.3560       0.8900       1.70154  41.24    15.480    1
  103.1710       1.3600       1.00000  0.00     14.230    0
  stop           3.4100       1.00000  0.00     11.562    0
  22.6560        4.2000       1.58313  59.46    13.730    1
  -32.2670       2.5100       1.00000  0.00     13.730    0
  21.0170        1.0000       1.64769  33.84    14.100    1
  11.9880        8.6610       1.00000  0.00     12.830    0
  -27.7340       0.9000       1.83481  42.72    17.710    1
  -393.5500      1.8500       1.00000  0.00     20.020    0
  -135.7970      1.5000       1.53048  55.72    20.190    1
  -189.2420      4.4480       1.00000  0.00     22.620    0
  -99.6030       4.8900       1.64769  33.84    36.810    1
  -34.4700       11.4380      1.00000  0.00     38.590    0
