# Nikon Nikkor 50mm f/1.4S
#
# Patent: JP1967-018597
# Converted from photonstophotos.net Optical Bench data
# 13 surfaces, 7 glass elements, f/1.4

name: Nikon Nikkor 50mm f/1.4S
focal_length: 50.00

surfaces:
# radius       thickness    ior      abbe     semi_ap   coating
  40.7000        4.6500       1.74950  35.00    36.000    1
  132.5600       0.0950       1.00000  0.00     36.000    0
  28.1000        6.0100       1.74400  44.90    33.100    1
  135.6600       3.2950       1.69895  30.10    33.100    1
  17.2050        8.1150       1.00000  0.00     24.680    0
  stop           8.5500       1.00000  0.00     23.877    0
  -16.1350       2.3250       1.71736  29.50    23.040    1
  -428.6350      8.2350       1.67790  55.50    30.960    1
  -24.7650       0.2900       1.00000  0.00     30.960    0
  -116.2800      4.8450       1.71300  53.90    32.080    1
  -33.0500       0.0950       1.00000  0.00     32.080    0
  79.4550        3.1000       1.71300  53.90    34.220    1
  -445.1400      35.6000      1.00000  0.00     34.220    0
