# Nikon AF-S Nikkor 24-70mm f/2.8E ED VR
#
# Patent: US20200142168
# Converted from photonstophotos.net Optical Bench data
# 40 surfaces, 21 glass elements, f/2.9

name: Nikon AF-S Nikkor 24-70mm f/2.8E ED VR
focal_length: 24.80

surfaces:
# radius       thickness    ior      abbe     semi_ap   coating
  121.8564       2.9000       1.74389  49.50    65.850    1
  29.6367        15.3600      1.00000  0.00     52.510    0
  -197.5082      0.2000       1.56093  36.60    52.510    1
  -169.3913      2.1000       1.80400  46.60    52.510    1
  60.5150        0.1500       1.00000  0.00     50.110    0
  52.8510        5.6000       2.00100  29.10    51.790    1
  146.4799       48.9450      1.00000  0.00     50.040    0
  148.4116       3.0000       1.59349  67.00    36.410    1
  -517.1068      0.1000       1.00000  0.00     36.410    0
  49.8700        3.5000       1.59349  67.00    37.650    1
  157.3519       4.7620       1.00000  0.00     37.650    0
  87.4933        4.8000       1.59349  67.00    37.650    1
  -132.2240      1.5000       1.90366  31.30    37.650    1
  45.7662        1.6400       1.00000  0.00     36.250    0
  78.9353        4.4500       1.77250  49.60    36.250    1
  -176.7546      7.7350       1.00000  0.00     37.650    0
  57.1481        5.3000       1.81600  46.60    40.200    1
  -583.4070      1.8020       1.00000  0.00     40.200    0
  0              1.2000       1.00000  0.00     24.840    0
  stop           2.0880       1.00000  0.00     18.937    0
  -141.8519      1.2000       1.80400  46.60    25.240    1
  33.2006        4.3600       1.00000  0.00     23.700    0
  -33.7270       1.2000       1.60300  65.40    23.700    1
  -60.0953       0.1000       1.00000  0.00     25.240    0
  65.4887        3.1500       1.84666  23.80    25.980    1
  -127.2501      1.2500       1.00000  0.00     25.980    0
  -119.2444      1.1000       1.59349  67.00    26.960    1
  67.7039        1.1500       1.00000  0.00     26.960    0
  62.3680        2.1000       1.80518  25.50    27.930    1
  107.4200       17.6920      1.00000  0.00     27.930    0
  119.8758       4.7000       1.55332  71.70    33.080    1
  -115.0013      0.1000       1.00000  0.00     33.080    0
  71.9512        1.4000       1.83481  42.70    34.320    1
  38.4880        6.8000       1.59319  67.90    34.320    1
  -237.0143      0.2800       1.00000  0.00     34.320    0
  43.0080        9.5000       1.49782  82.60    35.290    1
  -42.9990       1.4000       1.80518  25.50    34.320    1
  98.9410        4.6000       1.69350  53.30    34.320    1
  462.4065       2.5300       1.00000  0.00     34.320    0
  0              38.5050      1.00000  0.00     35.290    0
