# Nikon Nikkor 35mm f/2.8
#
# Patent: US003731989
# Converted from photonstophotos.net Optical Bench data
# 11 surfaces, 5 glass elements, f/2.8

name: Nikon Nikkor 35mm f/2.8
focal_length: 36.00

surfaces:
# radius       thickness    ior      abbe     semi_ap   coating
  58.0000        1.5100       1.51680  64.20    28.840    1
  15.0800        10.0100      1.00000  0.00     23.390    0
  24.5200        13.0000      1.71300  53.90    22.010    1
  -47.9900       2.8800       1.00000  0.00     22.010    0
  stop           3.4200       1.00000  0.00     14.247    0
  -20.9900       1.5800       1.74077  27.50    15.630    1
  51.7000        1.4000       1.00000  0.00     14.070    0
  -27.6100       2.5900       1.77279  49.50    14.070    1
  -16.7000       0.1100       1.00000  0.00     15.630    0
  110.0200       2.4100       1.71300  53.90    19.940    1
  -39.5820       38.6440      1.00000  0.00     19.940    0
