# Nikon AF Nikkor 35mm f/2D
#
# Patent: JP2021-036283
# Converted from photonstophotos.net Optical Bench data
# 12 surfaces, 6 glass elements, f/2.0

name: Nikon AF Nikkor 35mm f/2D
focal_length: 36.00

surfaces:
# radius       thickness    ior      abbe     semi_ap   coating
  37.6614        1.5000       1.51680  64.12    33.360    1
  16.4087        16.0000      1.00000  0.00     26.600    0
  34.4105        9.0000       1.78797  47.17    25.920    1
  -25.7916       5.5000       1.53172  48.96    25.620    1
  -369.8812      2.0000       1.00000  0.00     25.620    0
  stop           4.0000       1.00000  0.00     20.118    0
  -24.4463       1.9000       1.80518  25.35    21.540    1
  61.3691        2.2000       1.00000  0.00     22.240    0
  -73.8984       4.0000       1.74810  52.28    22.040    1
  -21.5135       0.1000       1.00000  0.00     23.040    0
  94.8086        3.6000       1.68348  54.80    26.900    1
  -60.0802       37.9380      1.00000  0.00     26.900    0
