# Nikon UV-Micro-Nikkor 105mm f/4.5
#
# Patent: JP1986-090115
# Converted from photonstophotos.net Optical Bench data
# 13 surfaces, 6 glass elements, f/4.5

name: Nikon UV-Micro-Nikkor 105mm f/4.5
focal_length: 100.00

surfaces:
# radius       thickness    ior      abbe     semi_ap   coating
  -32.9040       1.3310       1.45851  67.93    26.400    1
  50.5970        3.6130       1.00000  0.00     26.400    0
  121.0070       7.4150       1.43388  95.57    29.640    1
  -35.2460       0.1900       1.00000  0.00     29.640    0
  31.1570        7.6050       1.43388  95.57    30.180    1
  -70.5980       13.0000      1.00000  0.00     30.180    0
  stop           2.9240       1.00000  0.00     19.602    0
  -31.1570       1.4260       1.45851  67.93    20.940    1
  43.2410        5.9890       1.00000  0.00     20.940    0
  179.2470       8.9360       1.43388  95.57    23.140    1
  -18.6300       0.1110       1.00000  0.00     23.140    0
  -18.2240       1.9010       1.45851  67.93    23.880    1
  -33.8910       82.7650      1.00000  0.00     23.880    0
