# Nikon Nikkor 200mm f/2 IF-ED
#
# Patent: US004206971
# Converted from photonstophotos.net Optical Bench data
# 19 surfaces, 10 glass elements, f/2.0

name: Nikon Nikkor 200mm f/2 IF-ED
focal_length: 200.00

surfaces:
# radius       thickness    ior      abbe     semi_ap   coating
  200.0000       14.0000      1.50032  81.90    100.410   1
  -540.0000      0.3000       1.00000  0.00     100.410   0
  112.8690       15.5000      1.50032  81.90    95.190    1
  -600.0000      0.6500       1.00000  0.00     93.060    0
  -480.0000      5.0000       1.75520  27.50    93.060    1
  431.7350       41.2010      1.00000  0.00     93.060    0
  -386.0000      7.5000       1.79504  28.40    67.620    1
  -125.0000      2.6000       1.46450  65.80    67.620    1
  286.1850       21.5000      1.00000  0.00     67.620    0
  -161.1810      3.4000       1.46450  65.80    55.120    1
  67.8150        9.4000       1.00000  0.00     52.060    0
  stop           13.5120      1.00000  0.00     51.408    0
  171.0000       6.5000       1.69350  53.60    53.460    1
  -131.9750      2.0000       1.00000  0.00     53.460    0
  -213.0000      2.0000       1.59507  35.60    51.800    1
  61.0000        11.0000      1.69680  55.60    51.800    1
  -193.2370      22.0000      1.00000  0.00     51.800    0
  -130.0000      3.0000       1.46450  65.00    35.540    1
  -311.7050      63.6000      1.00000  0.00     35.540    0
