# Nikon AF-S Zoom-Nikkor 24-120mm f/3.5-5.6G IF-ED VR
#
# Patent: US20040218274
# Converted from photonstophotos.net Optical Bench data
# 30 surfaces, 16 glass elements, f/3.6

name: Nikon AF-S Zoom-Nikkor 24-120mm f/3.5-5.6G IF-ED VR
focal_length: 24.71

surfaces:
# radius       thickness    ior      abbe     semi_ap   coating
  216.4404       1.9000       1.84666  23.78    57.720    1
  64.1890        7.0000       1.75500  52.32    52.080    1
  41868.0830     0.1000       1.00000  0.00     52.080    0
  49.2996        4.8500       1.80400  46.58    48.270    1
  114.2131       2.1645       1.00000  0.00     46.870    0
  96.1218        0.0400       1.55389  38.09    32.720    1
  85.6443        1.3500       1.83481  42.72    32.720    1
  13.3745        6.5500       1.00000  0.00     21.400    0
  -50.0350       0.9000       1.83481  42.72    21.400    1
  39.7947        0.1000       1.00000  0.00     22.600    0
  25.5984        5.5000       1.78472  25.68    20.510    1
  -28.1577       0.1100       1.00000  0.00     20.510    0
  -26.6982       0.9000       1.83481  42.72    20.510    1
  -10125.2810    18.8929      1.00000  0.00     20.510    0
  stop           1.1000       1.00000  0.00     15.361    0
  32.5433        0.8000       1.80518  25.43    16.740    1
  18.4480        4.7000       1.49782  82.52    16.740    1
  -32.0248       0.5000       1.00000  0.00     16.740    0
  27.2447        3.0000       1.51342  63.98    16.960    1
  137.0245       2.9356       1.00000  0.00     16.960    0
  -74.9109       2.2500       1.84666  23.78    16.200    1
  -19.8416       0.0600       1.00000  0.00     16.200    0
  -19.1953       0.8000       1.83481  42.72    16.200    1
  84.8898        16.9818      1.00000  0.00     16.200    0
  124.4234       6.4500       1.49782  82.52    28.520    1
  -25.2886       0.1000       1.00000  0.00     28.520    0
  76.9570        4.7000       1.48749  70.41    28.160    1
  -51.0732       4.3000       1.00000  0.00     28.160    0
  -22.8139       1.1000       1.84666  23.78    26.760    1
  -66.6924       38.2859      1.00000  0.00     28.480    0
