# Nikon AI-S AF Nikkor 85mm f/1.8
#
# Patent: US004812027
# Converted from photonstophotos.net Optical Bench data
# 13 surfaces, 6 glass elements, f/1.8

name: Nikon AI-S AF Nikkor 85mm f/1.8
focal_length: 85.00

surfaces:
# radius       thickness    ior      abbe     semi_ap   coating
  42.0820        8.8000       1.76684  46.76    49.750    1
  214.8820       0.2000       1.00000  0.00     46.430    0
  32.5830        7.8000       1.72000  50.28    42.440    1
  61.1730        1.6000       1.00000  0.00     39.740    0
  112.4000       3.2000       1.78470  26.07    42.340    1
  21.3310        8.2000       1.00000  0.00     29.420    0
  stop           19.4330      1.00000  0.00     28.171    0
  -24.8000       2.4000       1.62588  35.64    28.510    1
  -104.8810      2.0000       1.00000  0.00     31.150    0
  -69.0650       5.0000       1.69350  53.76    32.200    1
  -30.4480       0.2000       1.00000  0.00     32.200    0
  87.2870        5.0000       1.76684  46.76    34.200    1
  -125.0210      38.2080      1.00000  0.00     34.200    0
