# Nikon 1 Nikkor 10mm f/2.8
#
# Patent: JP2011-248340
# Converted from photonstophotos.net Optical Bench data
# 20 surfaces, 9 glass elements, f/2.9

name: Nikon 1 Nikkor 10mm f/2.8
focal_length: 10.30

surfaces:
# radius       thickness    ior      abbe     semi_ap   coating
  160.5145       1.5500       1.48749  70.23    19.580    1
  -160.5440      2.1334       1.00000  0.00     19.580    0
  26.1848        1.1000       1.58913  61.16    12.660    1
  4.8842         3.9500       1.00000  0.00     9.460     0
  9.0140         2.5000       1.74950  35.28    8.080     1
  79.5499        0.3000       1.00000  0.00     8.080     0
  0              1.7000       1.00000  0.00     7.870     0
  stop           1.5500       1.00000  0.00     4.561     0
  0              0.7500       1.00000  0.00     6.130     0
  -8.6375        1.2000       1.80810  22.76    6.600     1
  113.7348       2.5000       1.75500  52.32    9.220     1
  -10.6165       0.4000       1.00000  0.00     9.220     0
  21.1214        2.9500       1.59201  67.02    11.780    1
  -13.9521       10.5166      1.00000  0.00     11.780    0
  0              0.5000       1.51633  64.14    15.840    1
  0              1.1100       1.00000  0.00     15.840    0
  0              1.5900       1.51633  64.14    16.500    1
  0              0.3000       1.00000  0.00     16.500    0
  0              0.7000       1.51633  64.14    16.800    1
  0              0.6600       1.00000  0.00     16.800    0
