# Nikon Nikkor Z 14-30mm f/4 S
#
# Patent: JP2019-008031
# Converted from photonstophotos.net Optical Bench data
# 27 surfaces, 14 glass elements, f/4.0

name: Nikon Nikkor Z 14-30mm f/4 S
focal_length: 14.42

surfaces:
# radius       thickness    ior      abbe     semi_ap   coating
  190.7535       3.0000       1.69370  53.32    58.570    1
  18.8098        9.5000       1.00000  0.00     44.970    0
  51.5630        2.9000       1.69370  53.32    38.410    1
  22.7020        9.7000       1.00000  0.00     28.950    0
  -71.0651       1.9000       1.49782  82.57    30.100    1
  44.4835        0.1000       1.00000  0.00     30.100    0
  32.6080        4.5000       1.90265  35.73    30.100    1
  296.5863       28.6160      1.00000  0.00     30.100    0
  63.0604        2.0000       1.59349  67.00    18.080    1
  499.8755       0.1000       1.00000  0.00     18.080    0
  24.0057        1.2000       1.88300  40.66    19.210    1
  13.3470        4.5000       1.56883  56.00    17.080    1
  333.9818       2.5000       1.00000  0.00     17.080    0
  stop           7.4830       1.00000  0.00     11.267    0
  36.3784        1.1000       1.81600  46.59    17.180    1
  14.0097        4.7100       1.51612  64.08    16.840    1
  61.0448        0.2000       1.00000  0.00     16.840    0
  27.9719        3.1500       1.49782  82.57    17.100    1
  -75.3921       0.2500       1.00000  0.00     17.100    0
  91.9654        3.0500       1.49782  82.57    17.830    1
  -29.3923       1.5790       1.00000  0.00     17.830    0
  72.0930        1.0000       1.79500  45.31    18.130    1
  20.9929        5.7660       1.00000  0.00     18.130    0
  -538.2301      4.8000       1.49782  82.57    21.870    1
  -20.1257       0.1000       1.00000  0.00     21.870    0
  -38.9341       1.4000       1.76546  46.75    22.120    1
  154.8320       21.3600      1.00000  0.00     23.630    0
