# Nikon AF-S Zoom-Nikkor 180-400mm f/4E TC1.4 FL ED VR with TC
#
# Patent: WO2019-131992
# Converted from photonstophotos.net Optical Bench data
# 64 surfaces, 37 glass elements, f/5.7

name: Nikon AF-S Zoom-Nikkor 180-400mm f/4E TC1.4 FL ED VR with TC
focal_length: 257.22

surfaces:
# radius       thickness    ior      abbe     semi_ap   coating
  1200.3704      5.0000       1.51680  63.88    109.780   1
  1199.7897      4.1690       1.00000  0.00     109.780   0
  197.9192       13.0000      1.43384  95.25    106.440   1
  -933.8076      0.2000       1.00000  0.00     106.440   0
  136.8340       17.0000      1.49782  82.57    99.100    1
  -452.9162      2.0000       1.00000  0.00     99.100    0
  -429.8604      4.5000       1.74951  35.33    94.100    1
  592.2110       31.9660      1.00000  0.00     94.100    0
  97.5670        3.5000       1.77250  49.62    71.440    1
  57.6020        13.9000      1.49782  82.57    67.440    1
  517.6213       7.3410       1.00000  0.00     67.440    0
  -294.9583      3.5000       1.80610  33.27    62.100    1
  -148.0370      3.0000       1.48749  70.31    60.780    1
  78.5329        28.0850      1.00000  0.00     59.440    0
  0              4.3000       1.72916  54.61    51.780    1
  -170.0659      2.1000       1.00000  0.00     51.780    0
  0              2.0000       1.88100  40.15    35.780    1
  61.3278        3.9020       1.00000  0.00     34.000    0
  -104.8855      2.0000       1.49782  82.57    34.000    1
  62.6360        4.9600       1.78472  25.71    36.100    1
  -595.2377      2.0110       1.00000  0.00     36.100    0
  -70.6303       2.0000       1.49782  82.57    37.100    1
  0              43.2990      1.00000  0.00     37.100    0
  163.5419       4.5000       1.56883  56.00    37.700    1
  -105.1706      0.1000       1.00000  0.00     37.700    0
  423.8484       5.2000       1.49782  82.57    37.560    1
  -67.2210       2.0000       1.92119  23.96    37.560    1
  -143.0406      9.9200       1.00000  0.00     37.560    0
  stop           6.9710       1.00000  0.00     34.210    0
  91.4660        1.7000       1.95375  32.33    35.100    1
  39.6230        6.2000       1.59319  67.90    34.420    1
  -294.7417      3.8400       1.00000  0.00     34.420    0
  -611.6338      4.0000       1.80809  22.74    36.740    1
  -69.2250       1.8000       1.49782  82.57    36.460    1
  745.1174       1.6930       1.00000  0.00     32.920    0
  -101.7919      1.8000       1.83400  37.18    32.920    1
  162.5106       4.0000       1.00000  0.00     35.920    0
  101.0951       4.9000       1.69895  30.06    32.300    1
  -75.9080       1.8000       1.95375  32.33    32.300    1
  2101.3821      0.1000       1.00000  0.00     32.300    0
  71.9280        2.9000       1.54814  45.79    32.560    1
  137.9720       2.8770       1.00000  0.00     32.560    0
  32.1278        5.5000       1.51742  52.20    32.960    1
  912.0424       0.3340       1.00000  0.00     32.960    0
  68.0234        4.8100       1.72047  34.71    28.800    1
  -68.0010       1.5000       2.00100  29.12    28.090    1
  -308.8805      1.2710       1.00000  0.00     28.090    0
  848.5975       1.4000       2.00100  29.12    25.620    1
  19.8207        5.1000       1.67270  32.12    23.880    1
  208.0728       2.7790       1.00000  0.00     23.880    0
  -419.5798      1.2000       1.83481  42.73    21.960    1
  39.6097        2.0000       1.00000  0.00     21.960    0
  38.8036        4.6800       1.72047  34.71    22.030    1
  -38.7910       1.2000       1.61800  63.34    22.030    1
  38.7784        4.6130       1.00000  0.00     22.030    0
  363.8149       7.5000       1.75500  52.34    37.420    1
  -37.3640       2.0000       1.79500  45.31    37.420    1
  -83.4857       5.4600       1.00000  0.00     37.420    0
  0              1.5000       1.51680  63.88    36.820    1
  0              5.5470       1.00000  0.00     36.820    0
  77.0498        4.1000       1.49782  82.57    35.500    1
  579.0211       12.5180      1.00000  0.00     35.500    0
  -66.8748       1.9000       2.00100  29.12    32.180    1
  321.1806       53.1600      1.00000  0.00     32.180    0
