# Nikon Nikkor Z 28mm f/2.8
#
# Patent: WO2022-071249
# Converted from photonstophotos.net Optical Bench data
# 21 surfaces, 11 glass elements, f/2.9

name: Nikon Nikkor Z 28mm f/2.8
focal_length: 28.82

surfaces:
# radius       thickness    ior      abbe     semi_ap   coating
  -67.6526       0.8000       1.53172  48.78    13.420    1
  18.0723        1.0300       1.00000  0.00     12.620    0
  19.6120        2.3000       1.80400  46.60    12.380    1
  0              1.0000       1.00000  0.00     12.380    0
  stop           4.8500       1.00000  0.00     10.301    0
  39.0394        3.0000       2.00100  29.12    12.060    1
  -14.0180       0.7000       1.80518  25.45    12.060    1
  44.5213        3.4570       1.00000  0.00     12.900    0
  -11.0807       0.9000       1.80809  22.74    13.740    1
  -29.9330       0.1500       1.00000  0.00     16.220    0
  0              6.5500       1.80400  46.60    22.000    1
  -17.5033       0.1400       1.56093  36.64    22.000    1
  -16.2755       4.4500       1.00000  0.00     22.000    0
  -26.8515       2.0000       1.53113  55.73    24.720    1
  -28.9631       0.2000       1.00000  0.00     26.280    0
  0              4.5000       1.80400  46.60    28.580    1
  -36.8513       3.7000       1.00000  0.00     28.580    0
  -34.4665       1.2000       1.64769  33.73    29.440    1
  173.1440       11.2230      1.00000  0.00     32.300    0
  0              1.6000       1.51680  63.88    44.100    1
  0              0.8600       1.00000  0.00     44.100    0
