# Nikon AF-S Nikkor 20mm f/1.8G ED
#
# Patent: JP2016-021011
# Converted from photonstophotos.net Optical Bench data
# 30 surfaces, 17 glass elements, f/1.9

name: Nikon AF-S Nikkor 20mm f/1.8G ED
focal_length: 20.60

surfaces:
# radius       thickness    ior      abbe     semi_ap   coating
  44.7480        2.0500       1.72916  54.70    50.440    1
  21.6840        6.4200       1.00000  0.00     36.860    0
  37.1650        1.7000       1.72916  54.70    39.420    1
  21.2920        0.0800       1.51380  53.00    33.800    1
  17.3960        10.5200      1.00000  0.00     33.800    0
  -164.0830      1.9000       1.49700  81.60    33.280    1
  41.3170        2.7500       1.00000  0.00     30.460    0
  73.1260        5.7500       1.80610  33.30    32.260    1
  -50.5340       0.0100       1.51400  42.80    31.240    1
  -50.5340       1.8900       1.84666  23.80    31.240    1
  -217.2910      0.1500       1.00000  0.00     31.240    0
  55.4370        9.2800       1.80518  25.50    29.960    1
  508.6430       7.5100       1.00000  0.00     29.960    0
  173.4810       1.0000       1.80420  46.50    26.360    1
  40.9580        0.2000       1.00000  0.00     23.950    0
  26.0180        6.4700       1.63854  55.50    26.360    1
  -45.0320       0.1500       1.00000  0.00     26.360    0
  -157.8180      3.8200       1.59282  68.60    25.340    1
  -25.6190       0.0100       1.51400  42.80    25.340    1
  -25.6190       1.1000       1.80610  33.30    25.340    1
  -86.1630       1.5000       1.00000  0.00     25.340    0
  stop           7.3100       1.00000  0.00     21.692    0
  -18.1360       1.1000       1.90366  31.30    20.220    1
  -663.5660      0.4000       1.00000  0.00     23.040    0
  310.5840       4.8800       1.69350  53.20    23.800    1
  -26.4340       2.2000       1.00000  0.00     23.800    0
  -106.4080      5.8500       1.61800  63.40    28.160    1
  -20.2790       36.3100      1.00000  0.00     28.160    0
  0              2.0000       1.51680  64.20    53.000    1
  0              1.0000       1.00000  0.00     53.000    0
