# Nikon AF-S Zoom-Nikkor 28-70mm f/2.8D IF-ED
#
# Patent: JP2000-221399
# Converted from photonstophotos.net Optical Bench data
# 27 surfaces, 15 glass elements, f/2.9

name: Nikon AF-S Zoom-Nikkor 28-70mm f/2.8D IF-ED
focal_length: 28.90

surfaces:
# radius       thickness    ior      abbe     semi_ap   coating
  67.3458        3.0000       1.58913  61.09    58.800    1
  30.5027        15.2000      1.00000  0.00     48.320    0
  -99.7243       2.5000       1.60300  65.42    47.440    1
  50.9837        1.0000       1.00000  0.00     42.960    0
  46.7997        4.2000       1.86074  23.01    44.280    1
  79.1068        41.8790      1.00000  0.00     44.280    0
  80.1248        3.5000       1.71300  53.93    32.920    1
  516.8586       0.1000       1.00000  0.00     32.920    0
  115.5762       1.5000       1.80518  25.35    34.000    1
  29.2322        7.0000       1.61720  54.01    34.000    1
  -138.1626      7.1980       1.00000  0.00     34.000    0
  47.7723        4.2000       1.74810  52.30    34.980    1
  622.3460       2.1490       1.00000  0.00     34.980    0
  stop           2.0580       1.00000  0.00     19.905    0
  -59.4951       2.5000       1.79631  40.90    25.760    1
  -37.9847       1.5000       1.58267  46.42    25.760    1
  59.3537        2.1500       1.00000  0.00     25.760    0
  -94.7292       1.5000       1.51680  64.10    26.280    1
  30.2776        3.7000       1.79504  28.56    26.280    1
  286.5111       14.2950      1.00000  0.00     26.280    0
  297.3220       1.5000       1.71700  48.04    29.520    1
  37.6085        7.0000       1.49782  82.52    29.520    1
  -37.6085       0.1000       1.00000  0.00     29.520    0
  56.3467        6.2000       1.49782  82.52    33.780    1
  -56.3467       4.0000       1.00000  0.00     33.780    0
  -33.0085       2.0000       1.86074  23.01    33.960    1
  -61.8625       40.0010      1.00000  0.00     33.960    0
