# Nikon AF-S DX Nikkor 10-24mm f/3.5-4.5G ED
#
# Patent: US008169718
# Converted from photonstophotos.net Optical Bench data
# 26 surfaces, 16 glass elements, f/3.6

name: Nikon AF-S DX Nikkor 10-24mm f/3.5-4.5G ED
focal_length: 10.29

surfaces:
# radius       thickness    ior      abbe     semi_ap   coating
  72.8710        3.0000       1.74330  49.22    50.600    1
  12.9000        16.2015      1.00000  0.00     31.760    0
  770.1839       1.1000       1.88300  40.80    26.860    1
  26.0522        0.3000       1.53610  41.21    26.860    1
  30.6791        1.1966       1.00000  0.00     26.860    0
  20.4544        4.7353       1.69895  30.05    24.600    1
  43.9685        21.1006      1.00000  0.00     20.500    0
  stop           1.5074       1.00000  0.00     9.691     0
  -68.4574       2.5124       1.68893  31.16    14.160    1
  -12.6110       1.7924       1.88300  40.80    14.160    1
  -37.3079       0.1500       1.00000  0.00     15.180    0
  34.8661        3.7882       1.58913  61.25    15.580    1
  -13.8945       0.8000       1.80610  33.27    15.580    1
  -26.8129       0.8270       1.00000  0.00     15.580    0
  -30.4122       0.8000       1.77250  49.62    15.580    1
  20.1071        2.8524       1.84666  23.78    15.580    1
  292.4999       11.0939      1.00000  0.00     15.580    0
  45.2832        4.3580       1.49700  81.61    23.980    1
  -36.2850       0.1500       1.00000  0.00     23.980    0
  48.9769        0.9000       1.90366  31.31    23.780    1
  17.4000        12.2843      1.49700  81.61    23.580    1
  -14.3000       1.1000       1.90366  31.31    23.580    1
  -20.2760       0.2000       1.00000  0.00     25.820    0
  -37.3436       0.3500       1.51460  49.96    24.950    1
  -32.4182       1.5000       1.58144  40.89    24.950    1
  -44.7821       38.9000      1.00000  0.00     26.240    0
