# Nikon AI Nikkor 200-400mm f/4S
#
# Patent: US004452513
# Converted from photonstophotos.net Optical Bench data
# 26 surfaces, 15 glass elements, f/4.0

name: Nikon AI Nikkor 200-400mm f/4S
focal_length: 200.00

surfaces:
# radius       thickness    ior      abbe     semi_ap   coating
  239.8670       3.3000       1.75692  31.70    100.100   1
  140.8390       14.0000      1.49782  82.30    100.100   1
  -430.0000      0.2000       1.00000  0.00     100.100   0
  155.0000       7.0000       1.49782  82.30    96.100    1
  240.8710       50.6350      1.00000  0.00     96.100    0
  -366.2000      2.5000       1.78797  47.50    56.100    1
  143.2000       8.0000       1.75520  27.60    54.600    1
  -110.9160      2.2000       1.51680  64.10    54.600    1
  100.1270       7.5000       1.00000  0.00     54.600    0
  -117.9700      2.5000       1.80218  44.70    53.050    1
  -5626.0230     56.2970      1.00000  0.00     53.050    0
  184.1170       10.0000      1.49782  82.30    57.600    1
  -68.3200       1.9000       1.75692  31.70    57.600    1
  -123.6000      13.9640      1.00000  0.00     57.600    0
  stop           1.5000       1.00000  0.00     55.466    0
  70.1800        11.0000      1.49782  82.30    57.600    1
  -130.8210      10.0000      1.00000  0.00     57.600    0
  -96.1590       3.0000       1.78797  47.50    50.600    1
  -900.3500      0.6000       1.00000  0.00     50.600    0
  37.0000        6.5000       1.51680  64.10    47.100    1
  41.6230        66.0000      1.00000  0.00     47.100    0
  -26.7100       2.5000       1.77279  49.40    28.100    1
  -81.5380       0.1000       1.00000  0.00     28.100    0
  168.0000       2.0000       1.73350  51.10    29.600    1
  72.0000        6.5000       1.58144  40.80    34.100    1
  -55.4420       69.8280      1.00000  0.00     34.100    0
