# Nikon Nikkor-N Auto 28mm f/2
#
# Patent: US003736049
# Converted from photonstophotos.net Optical Bench data
# 18 surfaces, 9 glass elements, f/2.0

name: Nikon Nikkor-N Auto 28mm f/2
focal_length: 28.60

surfaces:
# radius       thickness    ior      abbe     semi_ap   coating
  65.4350        3.2220       1.62299  58.10    44.560    1
  21.9490        6.5440       1.00000  0.00     33.980    0
  68.4650        4.7320       1.74400  44.90    34.720    1
  1715.2940      0.1010       1.00000  0.00     32.720    0
  61.4080        2.0140       1.62299  58.10    31.560    1
  18.4250        11.0750      1.00000  0.00     27.380    0
  33.7190        6.7460       1.77250  49.50    24.220    1
  -38.6630       4.5330       1.51680  64.20    24.220    1
  92.5040        1.5100       1.00000  0.00     22.540    0
  85.5820        5.0340       1.51680  64.20    23.280    1
  -30.6350       0.4600       1.00000  0.00     23.280    0
  stop           5.3800       1.00000  0.00     20.421    0
  -19.3310       5.4370       1.78470  26.10    21.400    1
  72.9970        1.4100       1.00000  0.00     19.990    0
  -70.4790       3.4230       1.74443  47.90    19.990    1
  -22.1510       0.1010       1.00000  0.00     22.960    0
  252.1140       3.5240       1.71300  53.90    26.840    1
  -36.6560       38.4300      1.00000  0.00     26.840    0
