# Nikon AI-S AF Zoom-Nikkor 75-300mm f/4.5-5.6
#
# Patent: JP1989-078210
# Converted from photonstophotos.net Optical Bench data
# 25 surfaces, 13 glass elements, f/4.4

name: Nikon AI-S AF Zoom-Nikkor 75-300mm f/4.5-5.6
focal_length: 76.50

surfaces:
# radius       thickness    ior      abbe     semi_ap   coating
  144.3810       5.8000       1.51680  64.10    54.650    1
  -236.3620      0.2000       1.00000  0.00     54.650    0
  109.9870       6.0000       1.51680  64.10    52.780    1
  -272.7930      2.9000       1.80518  25.40    52.780    1
  401.1260       2.6994       1.00000  0.00     50.570    0
  -642.1300      4.2000       1.80458  25.50    33.250    1
  -43.6930       1.6000       1.62041  60.30    33.250    1
  55.6910        4.6000       1.00000  0.00     29.390    0
  -42.8390       1.6000       1.71300  54.00    29.390    1
  475.0480       42.5235      1.00000  0.00     28.610    0
  61.0300        6.6000       1.51680  64.10    29.790    1
  -33.3440       1.2000       1.00000  0.00     29.790    0
  -31.6370       2.0000       1.74950  35.20    29.890    1
  -75.9230       9.6507       1.00000  0.00     29.890    0
  stop           1.5000       1.00000  0.00     27.700    0
  639.8800       3.8000       1.51680  64.10    30.600    1
  -53.2220       1.0000       1.00000  0.00     29.690    0
  -59.0200       2.0000       1.75520  27.60    30.240    1
  -134.0860      0.2000       1.00000  0.00     30.240    0
  52.9920        2.6000       1.51454  54.60    30.240    1
  130.4410       43.7500      1.00000  0.00     30.240    0
  182.0390       3.0000       1.78470  26.10    29.660    1
  -384.3610      8.5000       1.00000  0.00     29.660    0
  -31.1060       2.2000       1.72000  50.30    28.340    1
  -60.6080       48.4141      1.00000  0.00     30.690    0
