# US 8,503,097 Example 1
#
# Patent: US008503097
# Converted from photonstophotos.net Optical Bench data
# 36 surfaces, 21 glass elements, f/4.6

name: US 8,503,097 Example 1
focal_length: 81.59

surfaces:
# radius       thickness    ior      abbe     semi_ap   coating
  131.4316       3.3000       1.79952  42.24    73.700    1
  79.5641        10.6000      1.49782  82.52    70.400    1
  -1117.1900     0.1000       1.00000  0.00     70.400    0
  125.2669       3.7000       1.49782  82.52    68.500    1
  226.1411       12.7115      1.00000  0.00     68.500    0
  97.0031        3.0000       1.84666  23.78    66.700    1
  69.6269        10.0000      1.58913  61.16    64.100    1
  5170.1600      2.0000       1.00000  0.00     64.100    0
  281.7482       2.0000       1.81600  46.62    40.000    1
  55.1616        3.8000       1.00000  0.00     36.600    0
  -253.2341      2.0000       1.75500  52.32    36.600    1
  33.0485        6.6500       1.80810  22.76    36.600    1
  -1843.9410     1.8000       1.00000  0.00     36.600    0
  -121.8581      2.0000       1.81600  46.62    36.600    1
  81.1182        53.3167      1.00000  0.00     36.600    0
  44.5000        5.5000       1.64000  60.08    39.100    1
  -500.9830      0.2000       1.00000  0.00     39.100    0
  47.5000        6.1500       1.60300  65.44    37.900    1
  -153.9169      2.0000       1.80518  25.42    37.100    1
  52.6835        0.5000       1.00000  0.00     37.100    0
  44.6691        4.7500       1.59201  67.02    35.500    1
  351.2823       2.9663       1.00000  0.00     35.500    0
  229.8851       1.8000       1.75700  47.82    26.600    1
  19.3839        3.9500       1.79504  29.54    23.800    1
  41.9378        1.7000       1.00000  0.00     23.800    0
  306.0080       2.0000       1.75500  52.32    23.300    1
  93.0447        3.3000       1.00000  0.00     23.300    0
  stop           23.1736      1.00000  0.00     20.785    0
  40.9184        4.7500       1.59201  67.02    26.900    1
  -1709.5550     1.0000       1.00000  0.00     26.900    0
  118.3219       5.6000       1.48749  70.23    26.200    1
  -25.1824       2.0000       1.72047  34.71    26.200    1
  -46.7938       9.1769       1.00000  0.00     26.500    0
  -31.1643       1.5000       1.80400  46.57    24.400    1
  37.1717        4.9000       1.72825  26.70    27.580    1
  -115.4294      54.9998      1.00000  0.00     26.700    0
