# Nikon Nikkor Z DX 18-140mm f/3.5-6.3 VR
#
# Patent: WO2022-264542
# Converted from photonstophotos.net Optical Bench data
# 35 surfaces, 20 glass elements, f/3.6

name: Nikon Nikkor Z DX 18-140mm f/3.5-6.3 VR
focal_length: 18.54

surfaces:
# radius       thickness    ior      abbe     semi_ap   coating
  78.3640        1.6500       1.80518  25.45    46.320    1
  51.1250        6.0800       1.49782  82.57    42.340    1
  -1387.4330     0.1000       1.00000  0.00     42.340    0
  51.0020        3.9500       1.48749  70.31    36.600    1
  408.2780       1.1370       1.00000  0.00     34.580    0
  105.6670       1.0000       1.83481  42.73    25.210    1
  13.5380        5.8770       1.00000  0.00     19.140    0
  -40.3840       1.0000       1.74400  44.81    17.560    1
  40.3840        0.7100       1.00000  0.00     17.560    0
  26.0160        3.2500       1.80809  22.74    16.600    1
  -43.6260       0.8400       1.00000  0.00     16.600    0
  -21.1860       0.9000       1.77250  49.62    15.460    1
  -113.5050      20.8550      1.00000  0.00     17.240    0
  stop           1.5000       1.00000  0.00     12.817    0
  16.5820        0.1500       1.56093  36.64    15.650    1
  17.3410        3.3500       1.51742  52.20    15.650    1
  -499.8490      1.0000       1.00000  0.00     16.650    0
  54.5190        1.5600       1.60342  38.03    16.420    1
  -1162.9120     4.2490       1.00000  0.00     16.420    0
  287.8170       0.9500       2.00100  29.12    14.610    1
  15.0000        3.9000       1.49782  82.57    14.610    1
  -33.0470       1.0000       1.00000  0.00     14.610    0
  20.9440        0.1500       1.56093  36.64    15.270    1
  20.4080        4.5600       1.51680  64.14    15.270    1
  -27.5080       0.9000       1.66755  41.87    17.340    1
  -40.5240       1.9350       1.00000  0.00     17.340    0
  164.8720       1.8000       2.00100  29.12    14.290    1
  -37.4980       0.9000       1.80400  46.60    14.290    1
  23.3840        13.9830      1.00000  0.00     13.140    0
  -16.3700       1.1000       1.90265  35.77    18.280    1
  -32.5440       0.1000       1.00000  0.00     20.780    0
  -502.4570      2.0800       1.84666  23.80    23.070    1
  -52.8800       8.2720       1.00000  0.00     22.320    0
  0              1.6000       1.51680  64.14    29.280    1
  0              1.0000       1.00000  0.00     29.280    0
