# Nikon AF-S Nikkor 400mm f/2.8 E FL ED VR
#
# Patent: JP2019-152887
# Converted from photonstophotos.net Optical Bench data
# 33 surfaces, 18 glass elements, f/2.9

name: Nikon AF-S Nikkor 400mm f/2.8 E FL ED VR
focal_length: 392.00

surfaces:
# radius       thickness    ior      abbe     semi_ap   coating
  1200.3704      5.0000       1.51680  63.88    139.220   1
  1199.7897      1.0000       1.00000  0.00     139.220   0
  207.0795       17.5000      1.43384  95.26    137.220   1
  -1127.5309     44.9000      1.00000  0.00     137.220   0
  175.9698       18.0000      1.43384  95.26    115.220   1
  -397.2708      3.0700       1.00000  0.00     115.220   0
  -360.2396      6.0000       1.61266  44.46    110.720   1
  353.1837       90.0000      1.00000  0.00     110.720   0
  66.4844        4.0000       1.79500  45.32    69.220    1
  45.9182        15.0000      1.49782  82.54    63.220    1
  1114.1067      18.5030      1.00000  0.00     63.220    0
  2992.5492      2.5000       1.75500  52.34    48.220    1
  118.0399       3.3500       1.00000  0.00     45.890    0
  -241.6942      3.5000       1.84668  23.83    45.890    1
  -86.4136       2.4000       1.53996  59.52    45.890    1
  64.2643        38.1790      1.00000  0.00     45.890    0
  stop           1.5000       1.00000  0.00     37.958    0
  90.0336        7.6000       1.48749  70.43    38.720    1
  -63.8039       1.2000       1.00000  0.00     38.720    0
  -65.9768       1.9000       1.84668  23.83    39.630    1
  -114.8763      5.0000       1.00000  0.00     39.630    0
  300.3587       3.5000       1.84668  23.83    36.720    1
  -128.0558      1.9000       1.59319  67.94    36.720    1
  53.9004        3.1000       1.00000  0.00     33.530    0
  -347.5421      1.9000       1.75500  52.33    33.530    1
  94.5337        4.1900       1.00000  0.00     34.720    0
  118.3533       3.5000       1.77250  49.68    33.720    1
  -384.3825      0.1000       1.00000  0.00     33.720    0
  67.4622        4.5000       1.64000  60.14    34.220    1
  -340.4206      1.9000       1.84668  23.83    34.220    1
  246.6417       6.5000       1.00000  0.00     34.220    0
  0              1.5000       1.51680  63.88    35.720    1
  0              74.2200      1.00000  0.00     35.720    0
