# Nikon WC-E63 with Main Lens
#
# Patent: US20010040736
# Converted from photonstophotos.net Optical Bench data
# 31 surfaces, 16 glass elements, f/2.4

name: Nikon WC-E63 with Main Lens
focal_length: 3.75

surfaces:
# radius       thickness    ior      abbe     semi_ap   coating
  469.2325       3.0000       1.51633  64.14    56.820    1
  -469.2325      0.2000       1.00000  0.00     56.820    0
  48.8078        2.0000       1.77250  49.61    43.020    1
  22.4968        5.6000       1.00000  0.00     32.930    0
  86.4408        2.0000       1.77250  49.61    34.500    1
  18.8926        9.2000       1.00000  0.00     26.800    0
  23.7015        6.0000       1.57501  41.49    26.720    1
  -74.3906       0.6000       1.00000  0.00     26.720    0
  0              1.0000       1.51680  64.10    23.860    1
  0              4.2040       1.00000  0.00     23.860    0
  22.2121        1.1000       1.80610  33.27    15.760    1
  8.6992         2.8500       1.00000  0.00     11.790    0
  -40.9154       1.0000       1.51680  64.20    13.340    1
  8.3011         3.0000       1.84666  23.78    12.640    1
  20.0294        19.8330      1.00000  0.00     11.520    0
  stop           1.0000       1.00000  0.00     6.940     0
  32.0291        1.8000       1.80610  33.27    8.440     1
  -179.4433      0.1000       1.00000  0.00     8.440     0
  9.4557         5.0000       1.67003  47.19    8.600     1
  -12.7020       3.9500       1.84666  23.78    8.060     1
  7.7984         1.2000       1.00000  0.00     8.060     0
  -1708.3816     1.7500       1.80518  25.46    8.220     1
  -31.0757       0.8000       1.00000  0.00     8.220     0
  12.0582        2.3000       1.83500  42.97    9.120     1
  63.5771        3.0000       1.00000  0.00     9.120     0
  111.2911       1.9000       1.66547  55.18    9.280     1
  -22.0165       1.0000       1.00000  0.00     9.280     0
  0              2.9000       1.51680  64.10    9.320     1
  0              1.6000       1.00000  0.00     9.320     0
  0              0.8000       1.51680  64.10    8.460     1
  0              1.2000       1.00000  0.00     8.460     0
