# US 5,917,663 Example 1
#
# Patent: US005917663
# Converted from photonstophotos.net Optical Bench data
# 14 surfaces, 6 glass elements, f/2.9

name: US 5,917,663 Example 1
focal_length: 28.60

surfaces:
# radius       thickness    ior      abbe     semi_ap   coating
  137.0556       3.0000       1.64831  33.75    41.100    1
  -4002.6300     0.2000       1.00000  0.00     41.100    0
  62.3678        2.0000       1.65160  58.50    34.600    1
  15.2995        21.1000      1.00000  0.00     26.000    0
  0              1.1000       1.00000  0.00     16.000    0
  26.6224        6.3000       1.79668  45.37    17.200    1
  -60.5608       1.4000       1.00000  0.00     17.200    0
  stop           3.6000       1.00000  0.00     14.790    0
  -26.7885       5.6000       1.78470  26.05    14.800    1
  33.7247        1.1500       1.00000  0.00     14.800    0
  -77.1041       2.2000       1.69680  55.60    14.200    1
  -22.2069       0.1000       1.00000  0.00     15.300    0
  84.6383        3.0000       1.71300  53.93    18.400    1
  -47.0415       38.0829      1.00000  0.00     18.400    0
