# Nikon AF-S Zoom-Nikkor 17-35mm f/2.8D IF-ED
#
# Patent: JP2001-083421
# Converted from photonstophotos.net Optical Bench data
# 25 surfaces, 14 glass elements, f/2.9

name: Nikon AF-S Zoom-Nikkor 17-35mm f/2.8D IF-ED
focal_length: 17.50

surfaces:
# radius       thickness    ior      abbe     semi_ap   coating
  542.0779       3.0000       1.79668  45.37    52.360    1
  21.5687        12.6000      1.00000  0.00     37.500    0
  -218.5609      0.1700       1.49521  56.34    35.000    1
  -125.0432      3.4000       1.77279  49.45    35.000    1
  -173.0452      0.7000       1.00000  0.00     33.680    0
  -100.0603      2.1500       1.80384  33.89    33.680    1
  46.5903        1.9000       1.00000  0.00     31.940    0
  46.3354        6.9000       1.80518  25.35    31.940    1
  -275.3788      21.8250      1.00000  0.00     31.940    0
  40.8188        1.5000       1.74950  35.19    25.380    1
  20.3123        6.9000       1.58913  61.09    25.380    1
  -121.1836      5.4750       1.00000  0.00     26.040    0
  71.9497        2.9000       1.71700  48.04    26.260    1
  -362.0832      1.6520       1.00000  0.00     26.260    0
  stop           3.5000       1.00000  0.00     16.398    0
  -47.0470       1.5000       1.74810  52.30    22.560    1
  31.3570        3.0000       1.84666  23.82    22.560    1
  138.3354       12.7850      1.00000  0.00     22.560    0
  35.3292        6.7000       1.49782  82.52    29.380    1
  -73.2963       0.1000       1.00000  0.00     29.380    0
  70.8879        1.5000       1.80518  25.35    31.220    1
  21.3356        9.8000       1.49782  82.52    29.560    1
  -47.4640       0.2000       1.00000  0.00     29.560    0
  -111.7388      2.0000       1.76684  46.80    31.920    1
  -144.8669      38.5150      1.00000  0.00     31.920    0
