# Nikon AF-S Nikkor 24-85mm f/3.5-4.5G ED VR
#
# Patent: JP2011-221421
# Converted from photonstophotos.net Optical Bench data
# 30 surfaces, 18 glass elements, f/3.6

name: Nikon AF-S Nikkor 24-85mm f/3.5-4.5G ED VR
focal_length: 24.70

surfaces:
# radius       thickness    ior      abbe     semi_ap   coating
  372.6274       2.0000       1.84666  23.78    60.980    1
  75.9854        6.7706       1.77249  49.61    55.940    1
  14844.1810     0.1000       1.00000  0.00     55.940    0
  50.9400        4.9948       1.81600  46.62    49.520    1
  114.4889       3.1000       1.00000  0.00     49.520    0
  73.7591        0.1000       1.53610  41.42    29.580    1
  70.2551        1.3500       1.83480  42.72    29.580    1
  12.9582        7.0662       1.00000  0.00     22.620    0
  -45.1259       1.0000       1.83480  42.72    21.530    1
  -115.7746      0.1000       1.00000  0.00     21.530    0
  130.5670       3.9850       1.80809  22.79    21.260    1
  -25.0000       1.2000       1.82079  42.71    21.260    1
  -5015.0001     18.3774      1.00000  0.00     21.260    0
  stop           0.5000       1.00000  0.00     14.546    0
  24.3980        1.3049       1.90366  31.27    17.880    1
  13.4702        4.2437       1.60300  65.46    17.880    1
  -57.0278       0.1000       1.00000  0.00     17.880    0
  29.6013        2.6177       1.49782  82.52    18.000    1
  -71.1125       1.9946       1.00000  0.00     18.000    0
  -37.4166       2.4500       2.00069  25.45    14.170    1
  -15.0220       1.0000       1.80610  40.94    15.990    1
  151.7344       4.1314       1.00000  0.00     16.560    0
  -33.7925       1.0000       1.80400  46.58    14.780    1
  -87.2793       5.9066       1.00000  0.00     16.440    0
  388.1656       0.2200       1.53610  41.42    22.160    1
  -145.3355      4.6004       1.80610  40.94    22.160    1
  -20.4944       0.3000       1.00000  0.00     23.880    0
  -224.8928      4.3669       1.48749  70.41    22.620    1
  -21.8074       1.0000       1.84666  23.78    24.440    1
  -900.0000      38.8190      1.00000  0.00     24.440    0
