# Nikon Nikkor 28mm f/3.5
#
# Patent: US004099850
# Converted from photonstophotos.net Optical Bench data
# 13 surfaces, 6 glass elements, f/3.5

name: Nikon Nikkor 28mm f/3.5
focal_length: 28.60

surfaces:
# radius       thickness    ior      abbe     semi_ap   coating
  102.0500       3.0000       1.62374  47.00    41.220    1
  620.4000       0.1000       1.00000  0.00     41.220    0
  57.0000        1.6000       1.62041  60.30    35.710    1
  15.8000        27.3000      1.00000  0.00     24.960    0
  24.3000        2.8000       1.70154  41.10    16.170    1
  -53.5400       0.8000       1.00000  0.00     16.170    0
  stop           4.8000       1.00000  0.00     12.638    0
  -21.4900       4.5000       1.75520  27.50    16.020    1
  34.9000        1.1000       1.00000  0.00     14.800    0
  -90.0000       2.7000       1.62041  60.30    14.800    1
  -18.0800       0.1000       1.00000  0.00     16.020    0
  82.0000        2.5000       1.58913  61.20    20.660    1
  -49.8000       39.2800      1.00000  0.00     20.660    0
