# Nikon AI-S Zoom-Nikkor 35-135mm f/3.5-4.5
#
# Patent: JP1986-169808
# Converted from photonstophotos.net Optical Bench data
# 30 surfaces, 15 glass elements, f/3.6

name: Nikon AI-S Zoom-Nikkor 35-135mm f/3.5-4.5
focal_length: 35.70

surfaces:
# radius       thickness    ior      abbe     semi_ap   coating
  285.0000       1.5000       1.80518  25.40    56.660    1
  62.5000        8.6000       1.62041  60.40    52.400    1
  -190.0000      0.1000       1.00000  0.00     52.400    0
  46.7000        5.0000       1.77279  49.40    45.050    1
  134.7560       1.1620       1.00000  0.00     42.530    0
  69.1000        1.1000       1.79631  41.00    26.490    1
  16.1500        4.5000       1.00000  0.00     20.540    0
  -91.3000       1.0000       1.79668  45.50    20.540    1
  51.9000        0.1000       1.00000  0.00     23.530    0
  27.2000        3.2000       1.86074  23.00    19.880    1
  -210.0000      1.6000       1.00000  0.00     19.880    0
  -30.5380       1.0000       1.78797  47.50    18.020    1
  59.0000        0.6000       1.00000  0.00     21.230    0
  48.4000        1.9000       1.80518  25.40    19.870    1
  146.4990       20.6730      1.00000  0.00     16.750    0
  stop           0.0000       1.00000  0.00     19.250    0
  2000.0000      2.2000       1.51454  54.60    21.240    1
  -44.1210       0.1000       1.00000  0.00     21.240    0
  37.1670        4.1000       1.51454  54.60    21.840    1
  -40.0000       1.0000       1.00000  0.00     21.840    0
  -35.6200       1.0000       1.79504  28.60    19.630    1
  -178.7840      9.5890       1.00000  0.00     22.120    0
  28.4430        5.2500       1.62374  47.10    22.130    1
  59.7000        6.2000       1.00000  0.00     17.880    0
  168.0000       1.9000       1.79504  28.60    22.890    1
  25.0080        3.2700       1.00000  0.00     19.940    0
  -158.0000      3.1000       1.53172  49.10    21.920    1
  -33.5200       0.1000       1.00000  0.00     24.970    0
  32.8000        4.5000       1.46450  65.80    29.520    1
  796.7130       53.1500      1.00000  0.00     29.520    0
