# Nikon Nikkor Z 85mm f/1.8 S
#
# Patent: JP2020-173366
# Converted from photonstophotos.net Optical Bench data
# 23 surfaces, 13 glass elements, f/1.9

name: Nikon Nikkor Z 85mm f/1.8 S
focal_length: 83.00

surfaces:
# radius       thickness    ior      abbe     semi_ap   coating
  120.8140       4.9400       1.77250  49.62    56.400    1
  -1000.0000     0.2500       1.00000  0.00     56.400    0
  42.0610        6.1200       1.55032  75.50    48.080    1
  127.2310       0.5000       1.00000  0.00     45.080    0
  62.7420        6.5600       1.49700  81.61    43.840    1
  -165.7530      1.4000       1.85025  30.05    43.840    1
  82.2620        6.1820       1.00000  0.00     38.380    0
  438.0320       3.2100       1.92286  20.88    35.520    1
  -84.2650       1.1300       1.60342  38.01    35.660    1
  30.0600        13.2840      1.00000  0.00     31.840    0
  stop           11.9150      1.00000  0.00     27.473    0
  54.7570        4.1000       1.59349  67.00    31.140    1
  -152.9580      2.0590       1.00000  0.00     31.140    0
  0              6.5000       1.91082  35.25    32.660    1
  -43.6900       2.0200       1.67270  32.17    32.660    1
  64.8690        4.9000       1.00000  0.00     31.840    0
  70.5370        8.2000       1.84850  43.79    35.800    1
  -411.6880      4.5000       1.60342  38.01    35.800    1
  130.5830       8.1210       1.00000  0.00     35.800    0
  -35.4045       1.4000       1.64769  33.72    35.700    1
  -69.4719       11.0000      1.00000  0.00     37.880    0
  0              1.6000       1.51680  64.20    53.720    1
  0              0.9200       1.00000  0.00     53.720    0
