# Nikon Nikkor 20mm f/4
#
# Patent: US003549241
# Converted from photonstophotos.net Optical Bench data
# 19 surfaces, 10 glass elements, f/4.0

name: Nikon Nikkor 20mm f/4
focal_length: 21.60

surfaces:
# radius       thickness    ior      abbe     semi_ap   coating
  34.4520        3.2590       1.62041  60.30    32.810    1
  77.9200        0.0430       1.00000  0.00     32.810    0
  29.3280        0.9310       1.69680  55.60    26.610    1
  14.1980        4.6550       1.00000  0.00     20.580    0
  26.0690        1.1640       1.69680  55.60    19.410    1
  9.8690         5.1210       1.00000  0.00     14.640    0
  177.8310       1.8620       1.67790  55.50    14.190    1
  13.0360        7.6810       1.60562  43.00    12.290    1
  -69.1310       0.0430       1.00000  0.00     9.420     0
  23.7600        6.2600       1.60342  38.00    10.230    1
  -20.6240       0.8990       1.00000  0.00     10.130    0
  stop           2.3130       1.00000  0.00     8.823     0
  -15.2240       0.9780       1.76182  26.50    8.450     1
  18.6190        1.8620       1.76684  46.20    9.780     1
  37.2430        1.1170       1.00000  0.00     9.780     0
  -62.3810       1.1640       1.51680  64.20    11.040    1
  -14.1520       0.0430       1.00000  0.00     11.040    0
  -200.1760      1.8170       1.63930  45.00    12.930    1
  -16.4400       36.5600      1.00000  0.00     12.930    0
