# Nikon AF-I Teleconverter TC-20E
#
# Patent: US005253112
# Converted from photonstophotos.net Optical Bench data
# 13 surfaces, 7 glass elements

name: Nikon AF-I Teleconverter TC-20E
focal_length: 50.00

surfaces:
# radius       thickness    ior      abbe     semi_ap   coating
  171.6366       3.0000       1.60342  38.12    26.110    1
  -77.1275       2.0000       1.00000  0.00     26.110    0
  -84.3980       2.0000       1.79668  45.42    25.960    1
  22.4963        1.5000       1.00000  0.00     22.620    0
  26.7257        5.1000       1.59507  35.51    22.760    1
  -57.4817       7.8000       1.00000  0.00     22.760    0
  -39.4253       2.0000       1.84042  43.30    23.180    1
  24.9311        6.0000       1.57501  41.55    26.940    1
  -105.6051      3.9000       1.00000  0.00     26.940    0
  84.0445        10.0000      1.48749  70.24    33.440    1
  -25.8484       0.2000       1.00000  0.00     33.440    0
  -139.9927      2.5000       1.74810  52.28    33.500    1
  94.2001        57.7500      1.00000  0.00     33.500    0
