# Nikon AI Zoom-Nikkor 50-300mm f/4.5 ED
#
# Patent: US004189213
# Converted from photonstophotos.net Optical Bench data
# 27 surfaces, 15 glass elements, f/4.5

name: Nikon AI Zoom-Nikkor 50-300mm f/4.5 ED
focal_length: 50.00

surfaces:
# radius       thickness    ior      abbe     semi_ap   coating
  308.3000       2.0000       1.74950  35.00    85.090    1
  112.0000       12.5000      1.50032  81.90    85.090    1
  -401.4000      0.2000       1.00000  0.00     85.090    0
  107.8000       8.5000       1.52000  70.10    77.750    1
  2970.1990      1.8790       1.00000  0.00     77.750    0
  3512.5000      2.0000       1.71300  53.90    49.060    1
  48.5000        9.6000       1.00000  0.00     42.750    0
  -62.1500       3.5000       1.66998  39.20    42.260    1
  -48.3100       2.0000       1.56384  60.80    42.260    1
  63.0400        5.1000       1.80518  25.50    42.080    1
  447.7570       102.3130     1.00000  0.00     42.080    0
  139.6000       5.2000       1.52000  70.10    40.400    1
  -109.4440      0.2000       1.00000  0.00     40.400    0
  109.0000       4.5000       1.52000  70.10    40.400    1
  -208.8860      0.2000       1.00000  0.00     40.400    0
  158.1000       6.3000       1.52000  70.10    39.650    1
  -70.5900       2.0000       1.80518  25.50    39.650    1
  -393.1020      1.2490       1.00000  0.00     37.640    0
  stop           2.0000       1.00000  0.00     25.468    0
  -116.3000      2.0000       1.71300  53.90    25.180    1
  99.7090        0.9630       1.00000  0.00     25.180    0
  33.7600        5.2000       1.56732  42.80    25.300    1
  82.3930        54.7000      1.00000  0.00     24.290    0
  -20.4000       2.3000       1.76684  46.60    27.650    1
  -33.2670       0.2000       1.00000  0.00     27.930    0
  75.2500        5.2000       1.51823  59.00    30.670    1
  -124.1760      39.7320      1.00000  0.00     30.670    0
