# Nikon AF-S Zoom-Nikkor 200-400mm f4G IF-ED VR
#
# Patent: US20050157403
# Converted from photonstophotos.net Optical Bench data
# 45 surfaces, 25 glass elements, f/4.1

name: Nikon AF-S Zoom-Nikkor 200-400mm f4G IF-ED VR
focal_length: 204.00

surfaces:
# radius       thickness    ior      abbe     semi_ap   coating
  370.7900       5.3000       1.80384  33.89    107.280   1
  127.2900       16.0000      1.49782  82.56    104.620   1
  -684.0100      0.2000       1.00000  0.00     104.620   0
  141.0500       9.5000       1.49782  82.56    100.620   1
  729.9100       0.2000       1.00000  0.00     100.620   0
  158.5600       9.5000       1.49782  82.56    96.620    1
  3054.0000      54.9058      1.00000  0.00     96.620    0
  -294.1100      2.9000       1.78800  47.38    60.940    1
  141.0500       9.0000       1.00000  0.00     60.940    0
  -452.7800      4.0000       1.84666  23.78    58.280    1
  -194.4700      2.9000       1.60300  65.47    58.280    1
  308.6600       23.8517      1.00000  0.00     58.280    0
  -674.3600      5.4000       1.80440  39.59    58.280    1
  -113.0300      5.8449       1.00000  0.00     58.280    0
  699.2100       1.9000       1.69680  55.52    39.280    1
  80.5500        2.0500       1.00000  0.00     39.280    0
  749.8300       4.5000       1.84666  23.78    37.940    1
  -81.0700       1.9000       1.64000  60.09    37.940    1
  148.0400       3.9400       1.00000  0.00     36.630    0
  -61.5000       1.9000       1.64000  60.09    36.630    1
  -661.3600      29.2719      1.00000  0.00     38.280    0
  349.9800       3.5000       1.60300  65.47    38.940    1
  -349.9800      0.5000       1.00000  0.00     38.940    0
  623.7700       6.0000       1.60300  65.47    39.280    1
  -52.9900       1.9000       1.79504  28.55    39.280    1
  -104.5200      25.2495      1.00000  0.00     40.940    0
  stop           1.0000       1.00000  0.00     38.484    0
  119.7200       2.0000       1.80384  33.89    40.000    1
  81.5400        4.5000       1.60300  65.47    40.000    1
  -848.5500      0.1000       1.00000  0.00     40.000    0
  68.6500        4.0000       1.60300  65.47    38.640    1
  159.7100       22.0000      1.00000  0.00     38.640    0
  0              2.2700       1.00000  0.00     28.200    0
  440.2200       3.3000       1.84666  23.78    28.580    1
  -72.1900       1.6000       1.74100  52.67    26.860    1
  57.1200        4.5000       1.00000  0.00     26.860    0
  -462.2700      1.6000       1.74100  52.67    28.580    1
  110.5600       4.8600       1.00000  0.00     28.580    0
  286.1100       4.0000       1.49782  82.56    30.960    1
  -91.1200       0.1000       1.00000  0.00     30.960    0
  64.8300        6.5000       1.64000  60.09    32.320    1
  -64.8300       1.7000       1.84666  23.78    32.320    1
  417.3600       3.0000       1.00000  0.00     32.320    0
  0              2.0000       1.51680  64.12    32.660    1
  0              91.1678      1.00000  0.00     32.660    0
