# New) (US 4,666,259 Example 1
#
# Patent: US004666259
# Converted from photonstophotos.net Optical Bench data
# 12 surfaces, 6 glass elements, f/6.7

name: New) (US 4,666,259 Example 1
focal_length: 499.48

surfaces:
# radius       thickness    ior      abbe     semi_ap   coating
  587.0000       10.0000      1.51680  64.12    77.990    1
  -587.3000      56.0000      1.00000  0.00     77.990    0
  -116.6660      13.7000      1.51680  64.12    70.950    1
  -192.7430      0.0000       1.00000  0.00     70.950    0
  -58.0930       -5.0000      1.51680  64.12    31.630    1
  -99.3280       0.0000       1.00000  0.00     31.630    0
  10206.6480     3.0000       1.51680  64.12    21.680    1
  25.3380        7.5000       1.00000  0.00     21.680    0
  -29.4500       4.5000       1.51823  58.96    22.550    1
  -41.6020       0.5000       1.00000  0.00     25.430    0
  41.4340        5.0000       1.79631  40.96    27.220    1
  66.9480        63.1000      1.00000  0.00     27.220    0
