# Nikon R-UW AF Micro-Nikkor 50mm f/2.8
#
# Patent: US005257137
# Converted from photonstophotos.net Optical Bench data
# 20 surfaces, 10 glass elements, f/2.8

name: Nikon R-UW AF Micro-Nikkor 50mm f/2.8
focal_length: 51.60

surfaces:
# radius       thickness    ior      abbe     semi_ap   coating
  0              10.0000      1.51680  64.10    73.280    1
  0              43.0605      1.00000  0.00     73.280    0
  35.3360        3.5000       1.76684  46.80    27.560    1
  17.0140        9.0000       1.00000  0.00     23.100    0
  31.8050        3.5000       1.80518  25.40    23.980    1
  71.7050        0.1000       1.00000  0.00     23.980    0
  36.3690        5.0000       1.79668  45.40    23.880    1
  -72.9410       2.0000       1.71736  29.50    23.280    1
  32.4150        6.1400       1.00000  0.00     23.280    0
  stop           2.7000       1.00000  0.00     21.110    0
  -55.0100       2.5000       1.86074  23.00    24.760    1
  71.3640        0.7000       1.00000  0.00     24.760    0
  222.1940       7.3000       1.79668  45.40    25.720    1
  -24.6410       0.1000       1.00000  0.00     25.720    0
  35.4730        3.5000       1.79631  40.90    24.500    1
  55.1800        4.4407       1.00000  0.00     24.500    0
  259.9060       6.0000       1.60717  40.30    30.420    1
  -33.2300       1.7000       1.00000  0.00     30.420    0
  -31.7960       2.0000       1.79668  45.40    30.420    1
  664.6000       45.0470      1.00000  0.00     30.420    0
