# Nikon Nikkor 50mm f/1.2
#
# Patent: US003738736
# Converted from photonstophotos.net Optical Bench data
# 14 surfaces, 7 glass elements, f/1.2

name: Nikon Nikkor 50mm f/1.2
focal_length: 51.60

surfaces:
# radius       thickness    ior      abbe     semi_ap   coating
  65.0000        5.6000       1.79631  40.80    45.520    1
  500.0000       0.1000       1.00000  0.00     45.520    0
  29.0000        8.0000       1.76684  46.60    40.820    1
  59.5000        1.5000       1.00000  0.00     40.820    0
  80.0000        1.5000       1.68893  31.10    35.450    1
  18.4500        9.3000       1.00000  0.00     28.770    0
  stop           8.5000       1.00000  0.00     28.444    0
  -18.3700       1.1000       1.75520  27.50    28.770    1
  0              8.6000       1.77279  49.50    38.260    1
  -29.5000       0.1000       1.00000  0.00     38.260    0
  -122.5500      6.1000       1.71300  53.90    40.590    1
  -34.6000       0.1000       1.00000  0.00     40.590    0
  91.0000        3.3000       1.76684  46.60    36.990    1
  -215.0500      38.2900      1.00000  0.00     36.990    0
