# Nikon Nikkor-PD Auto 15mm f/5.6
#
# Patent: US003663095
# Converted from photonstophotos.net Optical Bench data
# 30 surfaces, 16 glass elements, f/5.6

name: Nikon Nikkor-PD Auto 15mm f/5.6
focal_length: 15.40

surfaces:
# radius       thickness    ior      abbe     semi_ap   coating
  46.7000        3.1000       1.73200  53.20    67.620    1
  30.9000        7.4000       1.00000  0.00     54.340    0
  43.6000        2.0000       1.73200  53.20    56.180    1
  30.6000        4.8000       1.00000  0.00     45.940    0
  45.6000        7.6000       1.70000  47.90    48.510    1
  310.5000       0.1000       1.00000  0.00     44.030    0
  24.2000        1.0000       1.84110  43.30    30.980    1
  14.9000        3.0000       1.00000  0.00     24.200    0
  20.9000        1.0000       1.84110  43.30    25.840    1
  13.9000        5.6000       1.00000  0.00     20.380    0
  0              1.2000       1.51743  0.00     19.570    1
  0              1.0000       1.00000  0.00     19.570    0
  -255.0000      1.1000       1.84110  43.30    20.500    1
  12.6500        10.0000      1.54072  47.20    15.140    1
  -10.8000       2.0000       1.53996  59.70    15.140    1
  -18.8000       0.2000       1.00000  0.00     15.140    0
  20.0000        1.0000       1.69680  55.60    11.860    1
  8.5000         2.3000       1.00000  0.00     10.560    0
  12.7500        3.8000       1.58065  37.10    9.780     1
  -14.0000       1.0500       1.58313  59.30    9.780     1
  0              0.6000       1.00000  0.00     8.920     0
  stop           0.6000       1.00000  0.00     6.771     0
  0              6.4000       1.58065  37.10    10.660    1
  -12.1200       2.2000       1.00000  0.00     9.780     0
  -13.9000       1.1000       1.86074  23.10    10.780    1
  34.6500        0.7000       1.00000  0.00     11.470    0
  -75.0000       2.2000       1.44628  67.20    11.470    1
  -10.7500       0.1000       1.00000  0.00     11.640    0
  466.0000       7.0000       1.52000  70.10    18.740    1
  -20.5840       38.0400      1.00000  0.00     18.740    0
