# Nikon AI Nikkor 85mm f/1.4S
#
# Patent: US004396256
# Converted from photonstophotos.net Optical Bench data
# 13 surfaces, 7 glass elements, f/1.4

name: Nikon AI Nikkor 85mm f/1.4S
focal_length: 85.00

surfaces:
# radius       thickness    ior      abbe     semi_ap   coating
  66.4360        7.4970       1.77279  49.40    60.790    1
  346.5960       1.4960       1.00000  0.00     60.790    0
  37.1280        9.6985       1.69680  55.60    52.910    1
  96.5005        1.4960       1.00000  0.00     51.060    0
  167.2800       6.5025       1.78470  26.10    51.060    1
  -120.0030      2.7965       1.75520  27.50    51.060    1
  23.6385        11.7990      1.00000  0.00     36.260    0
  stop           7.7000       1.00000  0.00     34.244    0
  -31.4075       1.4960       1.58144  40.80    35.140    1
  79.8065        8.7040       1.74443  49.40    38.800    1
  -39.8055       0.3995       1.00000  0.00     38.800    0
  106.0035       4.8025       1.74443  49.40    34.040    1
  -322.4050      42.6275      1.00000  0.00     32.900    0
