# Nikon AF-S Nikkor 500mm f/4D IF-ED II
#
# Patent: US005745306
# Converted from photonstophotos.net Optical Bench data
# 26 surfaces, 13 glass elements, f/4.1

name: Nikon AF-S Nikkor 500mm f/4D IF-ED II
focal_length: 490.00

surfaces:
# radius       thickness    ior      abbe     semi_ap   coating
  0              4.0000       1.51680  64.10    124.900   1
  0              1.0000       1.00000  0.00     124.900   0
  187.7545       15.2000      1.49782  82.52    123.100   1
  -1311.4956     1.8000       1.00000  0.00     123.100   0
  212.8668       14.2000      1.49782  82.52    116.400   1
  -652.4568      1.7000       1.00000  0.00     116.400   0
  -612.9315      5.9000       1.80218  44.69    115.100   1
  363.4033       102.8000     1.00000  0.00     115.100   0
  103.6178       4.9000       1.65844  50.84    76.400    1
  58.0220        15.3000      1.49782  82.52    70.800    1
  559.6899       39.9396      1.00000  0.00     70.800    0
  -4667.8195     3.0000       1.77279  49.45    44.600    1
  104.0183       3.5000       1.00000  0.00     41.740    0
  -158.2754      4.8000       1.84666  23.82    41.740    1
  -68.3360       3.0000       1.51860  69.98    42.900    1
  94.7970        19.2602      1.00000  0.00     42.900    0
  stop           2.0000       1.00000  0.00     39.516    0
  215.0650       5.4000       1.51860  69.98    40.500    1
  -110.5814      1.5000       1.00000  0.00     40.500    0
  -67.4745       3.5000       1.80454  39.61    42.600    1
  -192.3170      7.4000       1.00000  0.00     42.600    0
  -5088.9661     5.9000       1.51860  69.98    41.300    1
  -75.9168       40.4000      1.00000  0.00     41.300    0
  0              5.0000       1.00000  0.00     36.300    0
  0              2.0000       1.51680  64.10    33.000    1
  0              113.7034     1.00000  0.00     33.000    0
