# Nikon AF-S DX Zoom-Nikkor 18-70mm f/3.5-4.5G IF-ED
#
# Patent: US20050068636
# Converted from photonstophotos.net Optical Bench data
# 30 surfaces, 16 glass elements, f/3.6

name: Nikon AF-S DX Zoom-Nikkor 18-70mm f/3.5-4.5G IF-ED
focal_length: 18.70

surfaces:
# radius       thickness    ior      abbe     semi_ap   coating
  128.2080       1.8000       1.84666  23.80    57.500    1
  62.1670        6.8000       1.64000  60.10    54.260    1
  7839.7782      0.1000       1.00000  0.00     54.260    0
  42.7904        5.3000       1.71300  53.90    49.480    1
  95.6571        2.9800       1.00000  0.00     48.120    0
  110.5079       0.0800       1.55389  38.10    25.080    1
  55.0277        1.2000       1.80400  46.60    25.080    1
  11.3585        5.9000       1.00000  0.00     18.710    0
  -23.6967       0.9000       1.80400  46.60    17.560    1
  45.6574        0.3000       1.00000  0.00     17.560    0
  29.9481        4.1000       1.79504  28.50    17.040    1
  -22.3485       0.8000       1.00000  0.00     17.040    0
  -15.5733       0.8000       1.80400  46.60    15.860    1
  -28.1711       15.2000      1.00000  0.00     15.860    0
  stop           0.3000       1.00000  0.00     11.166    0
  58.1769        0.8000       1.80440  39.60    14.140    1
  15.8142        3.2000       1.49782  82.60    14.140    1
  -68.9654       0.1000       1.00000  0.00     14.140    0
  21.2876        3.1000       1.48749  70.40    14.660    1
  -36.7720       0.9800       1.00000  0.00     14.660    0
  -344.6416      2.2000       1.84666  23.80    14.320    1
  -26.9474       0.2800       1.00000  0.00     14.320    0
  -21.8702       1.0000       1.83481  42.70    14.840    1
  54.7759        11.7700      1.00000  0.00     14.840    0
  -1292.7371     4.8000       1.49782  82.50    22.520    1
  -19.1593       0.1000       1.00000  0.00     22.520    0
  54.2606        4.7000       1.49782  82.50    22.860    1
  -32.1957       1.1000       1.00000  0.00     22.860    0
  -21.8468       1.1000       1.80518  25.40    22.860    1
  -59.8511       38.1000      1.00000  0.00     23.540    0
