# Coolpix 4300) (JP 2003-177313 Example 1
#
# Patent: JP2003-177313
# Converted from photonstophotos.net Optical Bench data
# 18 surfaces, 9 glass elements, f/2.9

name: Coolpix 4300) (JP 2003-177313 Example 1
focal_length: 8.24

surfaces:
# radius       thickness    ior      abbe     semi_ap   coating
  115.9747       2.0000       1.64000  60.21    16.500    1
  -68.9820       0.1000       1.00000  0.00     15.400    0
  100.0798       1.0000       1.83500  42.97    14.100    1
  8.8788         3.2000       1.00000  0.00     11.600    0
  -99.6193       1.0000       1.51680  64.20    11.400    1
  26.1734        0.6000       1.00000  0.00     11.200    0
  14.2994        2.0000       1.84666  23.78    11.500    1
  36.0022        18.6699      1.00000  0.00     11.100    0
  stop           0.7000       1.00000  0.00     6.700     0
  15.6122        1.8000       1.60602  57.44    7.000     1
  -31.6056       0.1000       1.00000  0.00     6.900     0
  6.5431         3.0000       1.67790  55.52    6.700     1
  13.3710        0.9000       1.84666  23.78    5.900     1
  4.7498         1.1000       1.00000  0.00     5.500     0
  579.5187       1.3000       1.64000  60.21    5.600     1
  -38.5526       6.8159       1.00000  0.00     6.000     0
  24.7220        2.6000       1.48749  70.45    11.500    1
  -22.2994       5.3266       1.00000  0.00     11.500    0
