# Nikon AF-S DX Zoom-Nikkor 18-135mm f/3.5-5.6G IF-ED
#
# Patent: US20070070521
# Converted from photonstophotos.net Optical Bench data
# 31 surfaces, 17 glass elements, f/3.6

name: Nikon AF-S DX Zoom-Nikkor 18-135mm f/3.5-5.6G IF-ED
focal_length: 18.50

surfaces:
# radius       thickness    ior      abbe     semi_ap   coating
  223.8523       2.0000       1.80100  35.00    55.360    1
  55.2795        8.1000       1.48749  70.50    49.940    1
  -337.1774      0.1000       1.00000  0.00     49.940    0
  58.3431        5.1000       1.69680  55.50    45.050    1
  612.9255       1.9000       1.00000  0.00     45.050    0
  62.8256        0.1500       1.55389  38.10    30.900    1
  59.8339        1.2000       1.77250  49.60    30.900    1
  13.3582        6.5000       1.00000  0.00     20.310    0
  -30.3165       1.0000       1.78590  44.20    20.360    1
  63.2494        0.3000       1.00000  0.00     20.360    0
  32.1581        4.3000       1.84666  23.80    20.360    1
  -32.1581       0.4000       1.00000  0.00     20.360    0
  -25.5055       1.0000       1.79952  42.20    18.960    1
  2360.3162      21.3800      1.00000  0.00     20.360    0
  stop           0.7500       1.00000  0.00     12.648    0
  49.7499        2.7000       1.64000  60.10    16.230    1
  -34.8250       0.1000       1.00000  0.00     16.230    0
  27.6293        3.7000       1.48749  70.50    16.370    1
  -27.6293       1.0000       1.84666  23.80    16.370    1
  -539.4372      2.5600       1.00000  0.00     16.370    0
  -36.7502       1.0000       1.77250  49.60    16.660    1
  23.2312        0.0900       1.00000  0.00     16.660    0
  23.8870        2.1000       1.84666  23.80    16.660    1
  92.1856        12.8100      1.00000  0.00     16.660    0
  106.3941       4.6000       1.49782  82.60    23.220    1
  -24.6292       0.1000       1.00000  0.00     23.220    0
  53.6511        5.2000       1.48749  70.50    23.440    1
  -25.5245       1.2000       1.00000  0.00     23.440    0
  -24.8022       0.0900       1.55389  38.10    23.560    1
  -23.6209       1.2000       1.80100  35.00    23.560    1
  -113.9655      38.0700      1.00000  0.00     25.310    0
