# Nikon AF-S Zoom-Nikkor 70-300mm f/4.5-5.6G IF-ED VR
#
# Patent: US20050219708
# Converted from photonstophotos.net Optical Bench data
# 31 surfaces, 17 glass elements, f/4.6

name: Nikon AF-S Zoom-Nikkor 70-300mm f/4.5-5.6G IF-ED VR
focal_length: 71.40

surfaces:
# radius       thickness    ior      abbe     semi_ap   coating
  340.6588       4.2000       1.51633  64.14    59.520    1
  -340.6590      13.4387      1.00000  0.00     59.520    0
  65.1639        1.8000       1.78470  26.30    51.520    1
  45.8381        8.8000       1.49700  81.61    49.380    1
  -1308.9200     2.4999       1.00000  0.00     49.380    0
  -271.2500      1.4000       1.77250  49.61    26.460    1
  71.7854        1.3000       1.00000  0.00     25.640    0
  -566.9340      1.4000       1.77250  49.61    25.640    1
  24.4437        4.7000       1.84666  23.78    25.660    1
  133.0962       3.7500       1.00000  0.00     25.660    0
  -46.0918       1.4000       1.77250  49.61    25.380    1
  1927.6140      28.2114      1.00000  0.00     26.460    0
  stop           2.0000       1.00000  0.00     23.908    0
  188.6747       3.4000       1.64000  60.09    28.860    1
  -72.2450       0.2000       1.00000  0.00     28.860    0
  73.7218        6.0000       1.49700  81.61    28.860    1
  -38.1983       1.4000       1.80100  34.96    28.860    1
  -154.6610      0.2000       1.00000  0.00     28.860    0
  32.2550        4.2000       1.51742  52.42    28.580    1
  143.8540       7.9000       1.00000  0.00     28.580    0
  333.5741       1.3000       1.84666  23.78    24.860    1
  54.3293        4.1000       1.48749  70.24    24.320    1
  -89.5707       10.2000      1.00000  0.00     24.320    0
  256.9205       3.6000       1.80518  25.43    21.380    1
  -35.5686       1.2000       1.80440  39.59    21.380    1
  35.5686        3.4000       1.00000  0.00     19.660    0
  0              3.1000       1.00000  0.00     16.550    0
  47.0802        4.0000       1.63980  34.47    24.540    1
  -96.8946       2.4000       1.00000  0.00     24.540    0
  -23.3234       1.2000       1.77250  49.61    23.190    1
  -42.5579       53.4001      1.00000  0.00     24.540    0
