# Nikon Nikkor 28mm f/2.8 (28ti)
#
# Patent: US005528428
# Converted from photonstophotos.net Optical Bench data
# 13 surfaces, 7 glass elements, f/2.9

name: Nikon Nikkor 28mm f/2.8 (28ti)
focal_length: 28.90

surfaces:
# radius       thickness    ior      abbe     semi_ap   coating
  12.4220        1.5000       1.53172  49.10    19.410    1
  8.9190         3.3700       1.00000  0.00     15.710    0
  12.8290        3.8700       1.84042  43.30    14.210    1
  -1726.9720     1.0000       1.64831  33.80    10.100    1
  12.7850        1.7500       1.00000  0.00     9.070     0
  stop           2.2500       1.00000  0.00     8.729     0
  51.9310        2.5000       1.81600  46.80    10.680    1
  -17.0400       1.0000       1.61750  30.80    10.680    1
  54.8570        1.3100       1.00000  0.00     12.650    0
  -21.7300       2.9500       1.79668  45.40    12.650    1
  -10.4790       0.8000       1.00000  0.00     14.870    0
  -8.8740        1.5000       1.59507  35.50    14.290    1
  -13.7800       20.9600      1.00000  0.00     17.360    0
