# US 5,434,713 Example 1
#
# Patent: US005434713
# Converted from photonstophotos.net Optical Bench data
# 16 surfaces, 9 glass elements, f/2.9

name: US 5,434,713 Example 1
focal_length: 15.70

surfaces:
# radius       thickness    ior      abbe     semi_ap   coating
  69.2580        1.7000       1.64000  60.00    55.360    1
  15.1650        10.2500      1.00000  0.00     29.190    0
  130.5050       1.7000       1.62041  60.10    33.980    1
  14.7940        4.0000       1.00000  0.00     23.600    0
  32.4120        8.0000       1.62588  35.70    22.960    1
  -15.2980       9.0000       1.79668  45.40    22.960    1
  -38.7500       5.4883       1.00000  0.00     22.960    0
  stop           5.5000       1.00000  0.00     13.594    0
  -81.0040       1.2000       1.58144  40.80    17.240    1
  24.0020        5.0000       1.51823  58.90    17.180    1
  -20.6090       0.1000       1.00000  0.00     17.120    0
  46.7330        5.5000       1.51860  70.00    21.820    1
  -19.2190       1.3000       1.78470  26.10    21.900    1
  -40.7060       0.8800       1.00000  0.00     21.900    0
  0              1.2000       1.51680  64.10    24.420    1
  0              38.5974      1.00000  0.00     24.420    0
