# Nikon AF-S DX Zoom-Nikkor 18-55mm f/3.5-5.6G ED
#
# Patent: US20060007559
# Converted from photonstophotos.net Optical Bench data
# 15 surfaces, 8 glass elements, f/3.6

name: Nikon AF-S DX Zoom-Nikkor 18-55mm f/3.5-5.6G ED
focal_length: 18.50

surfaces:
# radius       thickness    ior      abbe     semi_ap   coating
  181.0591       2.0000       1.77250  49.61    37.140    1
  17.2000        0.2000       1.55389  38.09    30.160    1
  12.7630        12.2500      1.00000  0.00     29.820    0
  33.8814        2.8000       1.86074  23.06    27.720    1
  65.8125        44.0936      1.00000  0.00     27.720    0
  42.5378        2.6000       1.49700  81.61    16.540    1
  -94.5446       1.8000       1.00000  0.00     16.540    0
  stop           2.0000       1.00000  0.00     15.797    0
  24.2385        4.0000       1.51680  64.10    16.800    1
  -35.8523       0.8000       1.77250  49.61    15.840    1
  67.2430        11.2000      1.00000  0.00     15.840    0
  54.1555        0.8000       1.83400  37.17    15.980    1
  15.5723        4.5000       1.51680  64.10    15.980    1
  -35.4635       0.0000       1.00000  0.00     15.980    0
  0              41.8428      1.00000  0.00     15.580    0
