# Nikon Nikkor Z 70-200mm f/2.8 VR S
#
# Patent: WO2020-105104
# Converted from photonstophotos.net Optical Bench data
# 40 surfaces, 21 glass elements, f/2.9

name: Nikon Nikkor Z 70-200mm f/2.8 VR S
focal_length: 71.50

surfaces:
# radius       thickness    ior      abbe     semi_ap   coating
  116.3456       2.8000       2.00100  29.12    72.580    1
  85.1330        9.7000       1.49782  82.57    72.580    1
  0              0.1000       1.00000  0.00     72.580    0
  92.0132        7.7000       1.43385  95.25    69.520    1
  696.9876       1.5972       1.00000  0.00     69.520    0
  58.7700        1.9000       1.60300  65.44    47.500    1
  31.8775        10.3000      1.00000  0.00     41.900    0
  -186.5335      1.6000       1.49782  82.57    42.040    1
  105.3487       0.8000       1.00000  0.00     42.040    0
  41.0837        3.7000       1.66382  27.35    40.930    1
  64.0089        5.5000       1.00000  0.00     38.040    0
  -71.6232       1.9000       1.49782  82.57    38.040    1
  88.6788        37.8033      1.00000  0.00     40.930    0
  69.4627        3.2000       1.94595  17.98    40.840    1
  201.8299       14.0997      1.00000  0.00     40.840    0
  126.2656       4.7000       1.49782  82.57    40.840    1
  -126.2656      0.1000       1.00000  0.00     40.840    0
  47.6635        3.8500       1.49782  82.57    38.800    1
  122.8662       4.2498       1.00000  0.00     38.800    0
  stop           3.5000       1.00000  0.00     32.336    0
  -84.8214       1.8000       1.92286  20.88    35.040    1
  52.1710        5.0000       1.49782  82.57    35.040    1
  -170.9325      5.3567       1.00000  0.00     35.040    0
  111.6409       1.7000       1.85026  32.35    34.520    1
  60.5564        2.0000       1.00000  0.00     34.520    0
  58.6826        7.7000       1.59306  66.97    35.340    1
  -55.8390       1.7000       1.62004  36.40    35.340    1
  -95.8589       1.3000       1.00000  0.00     35.340    0
  58.0393        2.7000       1.80100  34.92    34.240    1
  135.3004       3.8163       1.00000  0.00     34.240    0
  -369.2860      2.0000       1.94595  17.98    29.460    1
  -98.6520       0.8000       1.00000  0.00     29.460    0
  1344.9202      1.2500       1.71300  53.96    28.760    1
  37.1312        28.1237      1.00000  0.00     26.740    0
  119.3999       3.8500       1.90265  35.77    35.740    1
  -119.3999      3.7896       1.00000  0.00     35.740    0
  -83.2305       1.9000       1.51696  64.14    36.220    1
  -335.2793      4.1000       1.00000  0.00     37.790    0
  -54.7109       1.9000       1.56384  60.71    36.160    1
  -276.6476      32.5469      1.00000  0.00     37.480    0
