# Nikon AF-S Nikkor 18-35mm f/3.5-4.5G ED
#
# Patent: US009256059
# Converted from photonstophotos.net Optical Bench data
# 29 surfaces, 19 glass elements, f/3.6

name: Nikon AF-S Nikkor 18-35mm f/3.5-4.5G ED
focal_length: 18.50

surfaces:
# radius       thickness    ior      abbe     semi_ap   coating
  55.4660        2.3000       1.72916  54.67    54.320    1
  22.8820        5.7500       1.00000  0.00     38.340    0
  42.4770        0.0800       1.51400  53.00    38.540    1
  31.6160        1.8000       1.72916  54.67    38.540    1
  19.4070        7.6200       1.00000  0.00     31.180    0
  201.3730       1.7300       1.80420  46.50    32.820    1
  27.8730        0.0800       1.51400  53.00    31.680    1
  23.0590        6.6300       1.00000  0.00     31.680    0
  39.9700        5.4500       1.68893  31.16    32.000    1
  -175.4010      26.9730      1.00000  0.00     32.000    0
  49.3930        2.0000       1.80518  25.46    18.680    1
  25.9040        0.0100       1.51400  42.80    18.680    1
  25.9040        4.8400       1.64769  33.84    18.680    1
  -302.7840      6.1500       1.00000  0.00     18.680    0
  stop           1.9000       1.00000  0.00     16.101    0
  18.7910        8.3700       1.49700  81.61    19.700    1
  -46.1080       0.0100       1.51400  42.80    19.700    1
  -46.1080       1.0000       1.72916  54.67    19.700    1
  1198.1930      1.0000       1.00000  0.00     19.700    0
  38.0880        1.0000       1.80420  46.50    16.640    1
  11.6170        0.0100       1.51400  42.80    16.640    1
  11.6170        7.8500       1.49700  81.61    16.640    1
  -13.9150       0.0100       1.51400  42.80    16.640    1
  -13.9150       1.0000       1.72916  54.67    16.640    1
  63.3110        1.2100       1.00000  0.00     17.660    0
  999.9950       4.4100       1.58313  59.39    20.120    1
  -21.9430       37.7000      1.00000  0.00     20.120    0
  0              1.9000       1.51680  64.20    53.300    1
  0              1.0000       1.00000  0.00     53.300    0
