# JP 2017-161846 Example 7
#
# Patent: JP2017-161846
# Converted from photonstophotos.net Optical Bench data
# 20 surfaces, 11 glass elements, f/1.9

name: JP 2017-161846 Example 7
focal_length: 35.79

surfaces:
# radius       thickness    ior      abbe     semi_ap   coating
  -40.1205       1.2500       1.68893  31.20    24.950    1
  54.9934        0.1250       1.00000  0.00     24.950    0
  25.9110        3.7220       1.88300  40.70    23.070    1
  -132.1071      1.2500       1.00000  0.00     23.070    0
  stop           1.9560       1.00000  0.00     20.000    0
  -66.3010       1.0000       1.58144  41.00    21.740    1
  20.2021        4.3060       1.88300  40.70    21.420    1
  -77.5553       0.4390       1.00000  0.00     21.420    0
  -62.6081       1.2500       1.68893  31.20    19.300    1
  114.3743       1.8680       1.00000  0.00     19.300    0
  30.5815        4.4170       1.88300  40.70    18.680    1
  -34.7670       1.2510       1.62004  36.40    18.580    1
  35.1617        5.1210       1.00000  0.00     18.580    0
  -16.5664       1.0000       1.69895  30.10    18.580    1
  47.2983        5.0050       1.88300  40.70    24.640    1
  -35.9354       0.5000       1.00000  0.00     24.640    0
  -53.1146       1.8670       1.77250  49.50    26.360    1
  -29.4890       18.0080      1.00000  0.00     26.360    0
  0              2.5000       1.51680  63.90    45.180    1
  0              0.1000       1.00000  0.00     45.180    0
