# Nikon Nikkor Z 24-120mm f/4 S
#
# Patent: WO2022-259649
# Converted from photonstophotos.net Optical Bench data
# 30 surfaces, 16 glass elements, f/4.0

name: Nikon Nikkor Z 24-120mm f/4 S
focal_length: 24.70

surfaces:
# radius       thickness    ior      abbe     semi_ap   coating
  61.2040        1.8000       1.90366  31.27    56.530    1
  43.5000        9.2900       1.61800  0.00     50.840    1
  599.3250       1.5250       1.00000  0.00     50.840    0
  8892.2430      1.4000       1.77503  47.31    39.760    1
  21.4860        7.7700       1.00000  0.00     29.880    0
  -67.1870       1.5000       1.83400  37.18    29.000    1
  139.9060       0.2300       1.00000  0.00     29.000    0
  60.1700        4.7300       1.85451  25.15    27.500    1
  -60.1700       1.9600       1.00000  0.00     27.500    0
  -27.1650       1.1000       1.49782  82.57    25.720    1
  -128.1710      24.1450      1.00000  0.00     28.030    0
  stop           0.8800       1.00000  0.00     12.587    0
  34.5080        3.6600       1.59306  66.97    27.360    1
  131.3590       0.2000       1.00000  0.00     27.360    0
  51.5760        2.0300       1.61800  63.34    28.100    1
  76.3880        9.0070       1.00000  0.00     28.100    0
  33.3980        5.6000       1.49782  82.57    27.960    1
  -112.9390      1.4500       1.00000  0.00     27.960    0
  51.3170        1.1000       1.90043  37.38    27.160    1
  17.9330        6.5500       1.49782  82.57    24.620    1
  1939.3540      6.2770       1.00000  0.00     24.620    0
  -28.1000       1.1000       1.78472  25.64    24.160    1
  -52.2940       0.2000       1.00000  0.00     26.640    0
  156.7080       4.0900       1.77250  49.62    28.240    1
  -53.4210       2.0000       1.00000  0.00     28.240    0
  -214.0760      3.8000       1.55332  71.67    29.900    1
  -36.7750       9.1070       1.00000  0.00     29.900    0
  -43.0940       1.3000       1.77503  47.31    29.650    1
  37.4330        3.6000       1.92286  20.88    34.520    1
  81.9560        13.5550      1.00000  0.00     34.520    0
