# US 5,579,160 Example 2
#
# Patent: US005579160
# Converted from photonstophotos.net Optical Bench data
# 21 surfaces, 11 glass elements, f/4.0

name: US 5,579,160 Example 2
focal_length: 294.00

surfaces:
# radius       thickness    ior      abbe     semi_ap   coating
  96.1521        9.0000       1.51860  69.98    76.400    1
  2192.0910      1.8000       1.00000  0.00     76.400    0
  100.6163       10.0000      1.49782  85.52    72.600    1
  -401.9355      5.4000       1.00000  0.00     72.600    0
  -290.6599      4.0000       1.75692  31.62    67.100    1
  385.4505       35.6000      1.00000  0.00     67.100    0
  75.9182        1.9000       1.64000  60.03    44.300    1
  29.0411        10.0000      1.49782  82.52    40.900    1
  181.9675       4.5160       1.00000  0.00     40.900    0
  -474.9897      4.7000       1.75692  31.62    34.900    1
  -57.5926       2.5000       1.64000  60.03    34.200    1
  65.5807        2.2000       1.00000  0.00     30.200    0
  -1460.4334     2.5000       1.74810  52.30    33.200    1
  76.1382        11.6784      1.00000  0.00     33.200    0
  180.9306       4.5000       1.46450  65.77    32.000    1
  -56.3652       0.5480       1.00000  0.00     32.000    0
  -45.6832       6.0000       1.80458  25.50    31.500    1
  -268.6981      4.3000       1.00000  0.00     32.500    0
  1546.8469      4.0000       1.75520  27.61    33.000    1
  -66.6445       10.8000      1.00000  0.00     33.000    0
  stop           109.4650     1.00000  0.00     27.596    0
