# US 4,139,265 Example 1
#
# Patent: US004139265
# Converted from photonstophotos.net Optical Bench data
# 12 surfaces, 6 glass elements, f/1.8

name: US 4,139,265 Example 1
focal_length: 100.00

surfaces:
# radius       thickness    ior      abbe     semi_ap   coating
  79.4570        8.9150       1.79631  40.80    71.300    1
  383.5270       0.1940       1.00000  0.00     71.300    0
  41.4730        9.1090       1.78797  47.50    54.300    1
  63.1780        1.9380       1.00000  0.00     54.300    0
  98.8370        2.1320       1.74000  28.20    54.300    1
  31.3950        14.3610      1.00000  0.00     42.040    0
  stop           11.0270      1.00000  0.00     39.080    0
  -31.9770       2.5190       1.74000  28.20    40.800    1
  -193.7980      10.4650      1.74443  49.40    48.260    1
  -40.0000       0.1940       1.00000  0.00     48.260    0
  395.9300       6.6860       1.79631  40.80    53.040    1
  -96.2250       72.9000      1.00000  0.00     53.040    0
