# Nikon AF-S DX Nikkor 55-300mm f/4.5-5.6G ED VR
#
# Patent: US20110102905
# Converted from photonstophotos.net Optical Bench data
# 29 surfaces, 17 glass elements, f/4.6

name: Nikon AF-S DX Nikkor 55-300mm f/4.5-5.6G ED VR
focal_length: 56.09

surfaces:
# radius       thickness    ior      abbe     semi_ap   coating
  267.2708       4.4000       1.51680  64.10    53.240    1
  -267.2701      0.2000       1.00000  0.00     53.240    0
  76.5471        2.0000       1.78472  25.68    51.680    1
  52.6873        8.2000       1.49700  81.54    50.360    1
  1207.6009      4.3500       1.00000  0.00     50.360    0
  -246.6847      1.2000       1.74100  52.67    24.230    1
  19.6258        3.8000       1.84666  23.78    23.470    1
  44.5733        3.4000       1.00000  0.00     23.470    0
  -41.2120       1.2000       1.80400  46.57    23.470    1
  -357.8603      39.7700      1.00000  0.00     23.470    0
  stop           1.8000       1.00000  0.00     21.332    0
  70.0435        3.1000       1.69680  55.52    25.970    1
  -211.0000      0.2000       1.00000  0.00     25.970    0
  69.6788        3.1000       1.69680  55.52    26.350    1
  -230.0000      0.2000       1.00000  0.00     26.350    0
  52.6910        4.8000       1.49700  81.54    25.200    1
  -52.6889       1.2000       1.90366  31.27    24.050    1
  43.1764        0.2000       1.00000  0.00     24.050    0
  29.0997        4.6000       1.56384  60.67    23.650    1
  -547.7122      17.2000      1.00000  0.00     23.650    0
  522.7391       1.1000       1.77250  49.61    16.630    1
  17.9430        1.9000       2.00069  25.46    16.310    1
  28.0061        3.2000       1.00000  0.00     16.310    0
  49.1627        4.5000       1.64769  33.80    16.470    1
  -28.8622       3.0000       1.72000  50.23    16.470    1
  -52.2713       2.8000       1.00000  0.00     17.240    0
  -26.8616       4.0000       1.48749  70.41    17.240    1
  -15.4005       1.0000       1.80100  34.96    17.240    1
  -36.4531       40.2000      1.00000  0.00     18.470    0
