# Nikon AF-S Nikkor 500mm f/4G ED VR
#
# Patent: US20090190239
# Converted from photonstophotos.net Optical Bench data
# 30 surfaces, 16 glass elements, f/4.1

name: Nikon AF-S Nikkor 500mm f/4G ED VR
focal_length: 489.78

surfaces:
# radius       thickness    ior      abbe     semi_ap   coating
  1500.0000      5.0000       1.51680  64.20    120.400   1
  1500.0000      1.0000       1.00000  0.00     120.400   0
  179.0700       18.0900      1.49782  82.50    122.370   1
  -920.6800      10.7700      1.00000  0.00     122.370   0
  185.0700       16.6200      1.49782  82.50    110.340   1
  -452.0500      1.0400       1.00000  0.00     114.590   0
  -435.2700      5.0000       1.78800  47.40    112.400   1
  287.7400       98.0500      1.00000  0.00     104.190   0
  94.6760        5.0000       1.69680  55.50    73.060    1
  56.5280        13.1200      1.49782  82.50    67.530    1
  458.1700       39.0400      1.00000  0.00     61.940    0
  -1537.0000     3.0000       1.83400  37.20    45.900    1
  73.0740        4.2400       1.00000  0.00     38.700    0
  -122.5200      4.8400       1.84666  23.80    38.700    1
  -44.2640       3.0000       1.69680  55.50    45.760    1
  1489.6000      24.0200      1.00000  0.00     38.700    0
  stop           7.0000       1.00000  0.00     38.236    0
  357.2900       6.2800       1.48749  70.40    42.500    1
  -59.6300       0.5000       1.00000  0.00     42.500    0
  -60.5980       1.8000       1.84666  23.80    42.500    1
  -147.5000      7.8400       1.00000  0.00     42.500    0
  158.3100       3.8500       1.80100  35.00    41.970    1
  -313.6800      28.0000      1.00000  0.00     41.970    0
  134.8500       2.5000       1.80100  35.00    37.980    1
  49.3550        5.0900       1.62004  36.30    41.360    1
  -1227.6000     0.3000       1.00000  0.00     37.980    0
  382.2300       2.5000       1.48749  70.40    41.470    1
  74.2390        25.0000      1.00000  0.00     32.800    0
  0              2.0000       1.51680  64.20    50.640    1
  0              82.6800      1.00000  0.00     50.640    0
