# Nikon AF-S Nikkor 600mm f/4E FL ED VR
#
# Patent: US20180031811
# Converted from photonstophotos.net Optical Bench data
# 33 surfaces, 18 glass elements, f/4.1

name: Nikon AF-S Nikkor 600mm f/4E FL ED VR
focal_length: 587.80

surfaces:
# radius       thickness    ior      abbe     semi_ap   coating
  1200.5127      5.0000       1.51680  63.88    145.900   1
  1199.6476      1.0000       1.00000  0.00     145.900   0
  225.0000       16.4000      1.43385  95.25    144.560   1
  -1939.6468     80.0000      1.00000  0.00     144.560   0
  161.4252       16.6000      1.43385  95.25    114.240   1
  -625.3189      2.1500       1.00000  0.00     114.240   0
  -566.2858      6.0000       1.61266  44.46    110.900   1
  350.3515       104.8000     1.00000  0.00     107.560   0
  70.3762        3.5000       1.77250  49.62    62.740    1
  47.5154        10.8000      1.49782  82.57    58.300    1
  243.3331       17.5450      1.00000  0.00     58.300    0
  0              3.0000       1.92286  20.88    46.520    1
  -206.7820      2.5000       1.83481  42.73    45.340    1
  82.7523        45.3850      1.00000  0.00     44.140    0
  stop           13.2000      1.00000  0.00     34.521    0
  125.8462       1.8000       1.90265  35.73    33.060    1
  46.6040        6.0000       1.59319  67.90    33.400    1
  -146.6583      10.0000      1.00000  0.00     33.400    0
  -252.0989      3.2000       1.78472  25.72    32.200    1
  -68.0010       2.0000       1.49782  82.57    32.200    1
  67.9727        1.7000       1.00000  0.00     30.120    0
  0              1.8000       1.81600  46.59    30.120    1
  75.4444        4.5000       1.00000  0.00     30.120    0
  46.9590        7.4000       1.61266  44.46    31.000    1
  -46.9590       1.1500       1.00000  0.00     31.000    0
  -46.2240       1.7000       1.92286  20.88    31.680    1
  -75.1558       7.4000       1.00000  0.00     31.680    0
  -59.2874       2.4500       1.59319  67.90    32.040    1
  42.6190        1.9500       1.00000  0.00     32.040    0
  51.7215        5.4000       1.67003  47.14    33.560    1
  -154.5582      6.1500       1.00000  0.00     33.560    0
  0              1.5000       1.51680  63.88    35.100    1
  0              75.1200      1.00000  0.00     35.100    0
