# Nikon AF-S Nikkor 400mm f/2.8G ED VR
#
# Patent: US20080158694
# Converted from photonstophotos.net Optical Bench data
# 28 surfaces, 15 glass elements, f/2.9

name: Nikon AF-S Nikkor 400mm f/2.8G ED VR
focal_length: 392.00

surfaces:
# radius       thickness    ior      abbe     semi_ap   coating
  267.5903       16.0000      1.43875  95.00    137.850   1
  -435.4726      0.4998       1.00000  0.00     137.850   0
  171.6070       20.0000      1.49700  81.60    131.200   1
  -585.5178      2.0683       1.00000  0.00     131.200   0
  -498.3050      6.5000       1.78800  47.40    129.370   1
  340.1591       128.3489     1.00000  0.00     121.680   0
  77.1370        4.5000       1.80400  46.60    71.460    1
  51.5796        19.0000      1.49700  81.60    67.440    1
  -1061.1332     23.5830      1.00000  0.00     62.020    0
  -370.3571      2.7000       1.80400  46.60    43.650    1
  73.0766        6.6634       1.00000  0.00     43.650    0
  -134.9265      6.0000       1.84665  23.80    43.910    1
  -48.9618       3.0000       1.48749  70.20    43.910    1
  80.0870        23.0326      1.00000  0.00     39.630    0
  stop           8.0000       1.00000  0.00     38.587    0
  132.5350       5.3000       1.62041  60.30    41.520    1
  -115.0559      3.0009       1.00000  0.00     41.520    0
  -64.7375       1.1000       1.80518  25.40    41.520    1
  -231.6266      5.5066       1.00000  0.00     41.520    0
  138.8548       4.7000       1.69679  55.50    40.980    1
  -114.2994      8.0251       1.00000  0.00     40.980    0
  668.4023       1.0000       1.80400  46.60    39.680    1
  39.3335        9.5000       1.66362  38.30    39.680    1
  -102.4015      0.1000       1.00000  0.00     39.680    0
  -134.2996      1.5000       1.69465  30.40    39.680    1
  241.4444       4.4570       1.00000  0.00     39.680    0
  0              2.0000       1.51632  64.10    47.670    1
  0              76.6830      1.00000  0.00     47.670    0
