# Nikon AF Nikkor 400mm f/2.8D IF-ED
#
# Patent: US005438455
# Converted from photonstophotos.net Optical Bench data
# 20 surfaces, 11 glass elements, f/2.9

name: Nikon AF Nikkor 400mm f/2.8D IF-ED
focal_length: 392.00

surfaces:
# radius       thickness    ior      abbe     semi_ap   coating
  198.7530       19.7000      1.49782  82.60    141.900   1
  -543.3800      0.1000       1.00000  0.00     141.900   0
  165.4190       16.7000      1.49782  82.60    132.950   1
  -2363.7000     3.3000       1.00000  0.00     132.950   0
  -810.4100      6.5000       1.74950  35.20    130.850   1
  369.1290       71.3000      1.00000  0.00     125.400   0
  155.2310       4.5000       1.69680  55.60    84.860    1
  61.0120        17.5000      1.59319  67.90    77.500    1
  286.1040       8.2485       1.00000  0.00     77.500    0
  -308.4250      4.5000       1.51680  64.10    65.700    1
  121.9730       19.8000      1.00000  0.00     65.700    0
  -283.0820      7.0000       1.84666  23.80    61.060    1
  -84.3000       4.0000       1.53172  49.10    61.060    1
  97.2130        23.0326      1.00000  0.00     61.060    0
  138.8560       10.2000      1.49782  82.60    57.200    1
  -80.0850       5.0000       1.68893  31.10    57.200    1
  -130.8420      23.2200      1.00000  0.00     57.200    0
  stop           23.1200      1.00000  0.00     45.453    0
  0              2.0000       1.51680  64.10    49.160    1
  0              10.2000      1.00000  0.00     49.160    0
