# Nikon LW-Nikkor 28mm f/2.8
#
# Patent: US004203653
# Converted from photonstophotos.net Optical Bench data
# 11 surfaces, 5 glass elements, f/2.8

name: Nikon LW-Nikkor 28mm f/2.8
focal_length: 28.00

surfaces:
# radius       thickness    ior      abbe     semi_ap   coating
  35.4480        1.9600       1.67025  57.50    28.460    1
  14.7000        16.1280      1.00000  0.00     21.240    0
  23.1000        2.6320       1.60323  42.50    15.540    1
  -47.4880       4.4640       1.00000  0.00     15.540    0
  stop           3.9640       1.00000  0.00     12.833    0
  -15.7640       3.1360       1.78470  26.10    12.020    1
  63.6440        0.7280       1.00000  0.00     13.270    0
  -58.7440       2.0440       1.80411  46.60    13.270    1
  -18.1160       0.1120       1.00000  0.00     14.280    0
  -489.4960      2.4360       1.73200  51.00    16.380    1
  -23.4920       36.2600      1.00000  0.00     16.380    0
