# Nikon TV-Nikkor 11.5-69mm f/1.2(Nikon S-100)
#
# Patent: US004437733
# Converted from photonstophotos.net Optical Bench data
# 27 surfaces, 15 glass elements, f/1.2

name: Nikon TV-Nikkor 11.5-69mm f/1.2(Nikon S-100)
focal_length: 11.50

surfaces:
# radius       thickness    ior      abbe     semi_ap   coating
  82.2830        1.3000       1.80518  25.50    54.430    1
  41.2080        11.7000      1.71300  53.90    54.430    1
  -395.3940      0.1000       1.00000  0.00     54.040    0
  42.7550        5.7000       1.51680  64.20    48.500    1
  92.1750        1.9600       1.00000  0.00     48.500    0
  122.4160       1.0000       1.74443  49.40    26.100    1
  15.8590        6.5000       1.00000  0.00     20.020    0
  -20.0600       1.0000       1.60311  60.70    20.020    1
  22.3370        3.5000       1.80518  25.50    23.520    1
  -6704.7370     32.7100      1.00000  0.00     23.520    0
  -21.6190       1.0000       1.60311  60.70    24.280    1
  -189.6090      3.4200       1.00000  0.00     26.940    0
  -42.9470       3.9000       1.71300  53.90    28.860    1
  -22.5930       0.1000       1.00000  0.00     28.860    0
  158.9200       9.0000       1.56384  60.80    33.200    1
  -21.0840       1.0000       1.74000  28.20    33.200    1
  -46.3470       0.2000       1.00000  0.00     33.200    0
  44.4890        3.8000       1.74000  44.90    32.700    1
  362.5620       1.8000       1.00000  0.00     32.700    0
  0              10.0000      1.57501  41.30    33.520    1
  0              0.0000       1.00000  0.00     33.520    0
  stop           25.1000      1.00000  0.00     27.847    0
  144.3030       1.0000       1.74000  28.20    23.390    1
  17.5910        6.0000       1.56384  60.80    23.390    1
  -52.0160       0.2000       1.00000  0.00     23.390    0
  19.7700        4.0000       1.51680  64.20    22.700    1
  136.8740       16.5400      1.00000  0.00     22.700    0
