# Nikon AF-S Teleconverter TC-17E II
#
# Patent: JP2005-107261
# Converted from photonstophotos.net Optical Bench data
# 12 surfaces, 7 glass elements

name: Nikon AF-S Teleconverter TC-17E II
focal_length: 50.00

surfaces:
# radius       thickness    ior      abbe     semi_ap   coating
  0              6.9000       1.00000  0.00     25.470    0
  -236.1536      5.1000       1.53172  48.87    25.470    1
  -28.2070       1.5000       1.81600  46.63    28.240    1
  -43.6078       8.0000       1.00000  0.00     28.240    0
  -80.0327       2.2000       1.80400  46.58    27.200    1
  21.4880        9.2000       1.68893  31.07    27.200    1
  -44.1840       1.5000       1.88300  40.77    27.200    1
  122.2033       1.4000       1.00000  0.00     28.180    0
  45.6439        8.3000       1.48749  70.24    30.340    1
  -30.7756       0.4000       1.00000  0.00     30.240    0
  -36.4985       1.5000       1.88300  40.77    29.210    1
  -264.4991      41.4775      1.00000  0.00     32.960    0
