# US 4,154,508 Standard Lens 1
#
# Patent: US004154508
# Converted from photonstophotos.net Optical Bench data
# 12 surfaces, 6 glass elements, f/2.0

name: US 4,154,508 Standard Lens 1
focal_length: 51.60

surfaces:
# radius       thickness    ior      abbe     semi_ap   coating
  36.0110        3.4100       1.62299  58.10    26.300    1
  114.8700       0.1100       1.00000  0.00     26.300    0
  22.4600        4.5500       1.67790  55.50    25.380    1
  81.8400        1.8400       1.00000  0.00     25.380    0
  102.1800       1.9800       1.62588  35.60    22.900    1
  14.9540        5.4000       1.00000  0.00     20.400    0
  stop           4.0000       1.00000  0.00     17.956    0
  -16.1000       1.1800       1.62606  39.10    19.880    1
  69.0400        5.9100       1.63854  55.50    21.720    1
  -21.1300       0.1100       1.00000  0.00     21.720    0
  114.5200       3.3300       1.63854  55.50    21.320    1
  -43.5460       37.4600      1.00000  0.00     21.320    0
