# Nikon PC-E Micro-Nikkor 85mm f/2.8D
#
# Patent: JP2000-292689
# Converted from photonstophotos.net Optical Bench data
# 12 surfaces, 6 glass elements, f/2.8

name: Nikon PC-E Micro-Nikkor 85mm f/2.8D
focal_length: 85.02

surfaces:
# radius       thickness    ior      abbe     semi_ap   coating
  68.6720        4.5000       1.71300  53.93    34.760    1
  -1014.3935     0.1000       1.00000  0.00     34.760    0
  30.7624        4.6000       1.69350  53.75    32.580    1
  50.8567        1.5000       1.00000  0.00     31.060    0
  129.6859       4.0000       1.61293  36.98    32.660    1
  24.9286        6.0700       1.00000  0.00     29.580    0
  stop           5.0000       1.00000  0.00     22.652    0
  -27.6036       1.5000       1.69895  30.04    26.020    1
  -177.3434      9.5000       1.74442  49.52    27.810    1
  -37.8622       0.1000       1.00000  0.00     27.810    0
  -254.1709      3.4000       1.76684  46.80    29.500    1
  -54.9438       68.9500      1.00000  0.00     29.500    0
