# Nikon Micro-Nikkor 105mm f/2.8
#
# Patent: US005751485
# Converted from photonstophotos.net Optical Bench data
# 20 surfaces, 10 glass elements, f/2.8

name: Nikon Micro-Nikkor 105mm f/2.8
focal_length: 105.00

surfaces:
# radius       thickness    ior      abbe     semi_ap   coating
  74.5230        5.0000       1.77279  49.44    38.650    1
  -1424.0100     0.1500       1.00000  0.00     38.650    0
  28.6450        5.0000       1.72000  50.28    35.020    1
  52.7010        2.0000       1.00000  0.00     35.020    0
  87.0120        2.0000       1.74950  35.19    36.140    1
  24.5736        10.4018      1.00000  0.00     29.130    0
  stop           4.7500       1.00000  0.00     27.069    0
  -32.5290       2.0000       1.68893  31.15    27.590    1
  344.8550       10.5000      1.73350  51.11    31.520    1
  -41.8010       3.0000       1.00000  0.00     31.520    0
  178.0190       5.0000       1.69350  53.76    31.120    1
  -91.1694       6.1514       1.00000  0.00     31.120    0
  -199.1380      4.0000       1.62588  35.64    24.790    1
  -55.6910       2.0000       1.00000  0.00     25.680    0
  -114.2360      1.8000       1.79668  45.52    27.510    1
  50.8710        1.8000       1.00000  0.00     24.000    0
  47.2130        6.0000       1.62588  35.64    28.610    1
  -234.3140      4.6000       1.00000  0.00     28.610    0
  -38.3740       2.0000       1.80454  39.59    28.460    1
  -76.9281       43.7466      1.00000  0.00     28.460    0
