# Nikon AF Zoom-Nikkor 35-70mm f/3.3-4.5
#
# Patent: US004770509
# Converted from photonstophotos.net Optical Bench data
# 16 surfaces, 8 glass elements, f/3.3

name: Nikon AF Zoom-Nikkor 35-70mm f/3.3-4.5
focal_length: 36.00

surfaces:
# radius       thickness    ior      abbe     semi_ap   coating
  33.1770        1.7000       1.72000  50.28    32.290    1
  16.6930        7.4000       1.00000  0.00     26.550    0
  -113.6800      1.2000       1.72000  50.28    26.550    1
  49.9470        0.4000       1.00000  0.00     27.180    0
  28.3630        3.6000       1.75692  31.70    26.630    1
  130.6970       23.5360      1.00000  0.00     26.630    0
  60.9180        2.5000       1.62041  60.29    20.280    1
  -66.7820       0.1000       1.00000  0.00     20.280    0
  18.8010        4.1000       1.65160  58.54    19.600    1
  -174.7770      1.1000       1.65128  38.20    19.600    1
  45.7330        1.5500       1.00000  0.00     19.600    0
  stop           1.5500       1.00000  0.00     15.756    0
  -70.6420       2.8000       1.72825  28.34    16.600    1
  19.1700        2.4000       1.00000  0.00     16.600    0
  90.7080        2.6000       1.62004  36.35    16.460    1
  -26.3550       45.4500      1.00000  0.00     16.460    0
