# Coolpix SQ) (US 2003/0072085 Example 1
#
# Patent: US20030072085
# Converted from photonstophotos.net Optical Bench data
# 16 surfaces, 8 glass elements, f/2.9

name: Coolpix SQ) (US 2003/0072085 Example 1
focal_length: 5.97

surfaces:
# radius       thickness    ior      abbe     semi_ap   coating
  19.1828        1.1000       1.83400  37.17    12.370    1
  7.3466         1.7500       1.00000  0.00     9.270     0
  -143.6780      1.0000       1.80400  46.58    10.880    1
  10.5443        0.8000       1.00000  0.00     9.360     0
  10.4893        2.3000       1.80518  25.43    9.890     1
  120.8022       13.4510      1.00000  0.00     9.110     0
  stop           0.4000       1.00000  0.00     4.813     0
  9.6920         2.0000       1.58313  59.62    6.860     1
  -22.1432       0.1000       1.00000  0.00     6.860     0
  7.4756         2.5500       1.80400  46.58    6.890     1
  -9.4517        0.9000       1.69895  30.13    6.890     1
  3.8988         1.0800       1.00000  0.00     5.330     0
  25.7030        2.5000       1.58313  59.62    9.830     1
  -13.6090       0.6000       1.00000  0.00     9.830     0
  0              2.1700       1.51633  64.14    9.420     1
  0              2.1500       1.00000  0.00     9.420     0
