# Nikon Nikkor Z 40mm f/2
#
# Patent: JP2021-189351
# Converted from photonstophotos.net Optical Bench data
# 15 surfaces, 9 glass elements, f/2.0

name: Nikon Nikkor Z 40mm f/2
focal_length: 41.19

surfaces:
# radius       thickness    ior      abbe     semi_ap   coating
  28.7073        4.9000       1.83481  42.73    22.060    1
  -105.0698      0.9000       1.71736  29.57    21.700    1
  45.4688        2.4500       1.00000  0.00     19.660    0
  stop           11.2500      1.00000  0.00     17.936    0
  -16.5359       0.9000       1.75520  27.57    16.960    1
  105.5966       4.5500       1.80400  46.60    22.120    1
  -33.8380       0.1000       1.56093  36.64    22.120    1
  -31.0626       0.1500       1.00000  0.00     22.120    0
  -397.8230      6.7600       1.83481  42.73    27.080    1
  -21.5121       13.7904      1.00000  0.00     27.080    0
  -29.5500       0.1000       1.56093  36.64    32.820    1
  -36.3000       1.3000       1.51742  52.20    32.820    1
  1084.4056      10.5000      1.00000  0.00     35.140    0
  0              1.6000       1.51680  63.88    44.500    1
  0              0.5596       1.00000  0.00     44.500    0
