# Nikon TC-16A
#
# Patent: JP1983-129411
# Converted from photonstophotos.net Optical Bench data
# 10 surfaces, 5 glass elements

name: Nikon TC-16A
focal_length: 50.00

surfaces:
# radius       thickness    ior      abbe     semi_ap   coating
  133.3170       2.5000       1.59507  35.50    21.860    1
  -51.1680       0.5000       1.00000  0.00     21.860    0
  -190.8740      1.0000       1.84042  43.30    22.950    1
  24.0640        0.5000       1.00000  0.00     21.730    0
  27.7430        4.0000       1.59507  35.50    22.720    1
  -109.9510      1.5000       1.00000  0.00     22.720    0
  -31.4810       1.0000       1.84042  43.30    22.480    1
  2846.3470      0.1000       1.00000  0.00     24.820    0
  37.2180        2.5000       1.51118  50.90    25.180    1
  115.7030       44.0080      1.00000  0.00     25.180    0
