# Nikon AF-S DX Nikkor 16-85mm f3.5-5.6G ED VR
#
# Patent: US20080019018
# Converted from photonstophotos.net Optical Bench data
# 32 surfaces, 19 glass elements, f/3.6

name: Nikon AF-S DX Nikkor 16-85mm f3.5-5.6G ED VR
focal_length: 16.40

surfaces:
# radius       thickness    ior      abbe     semi_ap   coating
  178.0900       2.0000       1.84666  23.80    54.950    1
  60.5220        6.4000       1.72916  54.70    50.020    1
  1137.7580      0.1000       1.00000  0.00     50.020    0
  47.6620        4.6000       1.81600  46.60    44.050    1
  119.6660       2.1030       1.00000  0.00     44.050    0
  117.4330       0.2000       1.55389  38.10    26.270    1
  83.3480        1.3000       1.83481  42.70    26.270    1
  11.0810        5.7000       1.00000  0.00     17.010    0
  -33.7210       1.1000       1.83481  42.70    17.610    1
  33.7200        0.3000       1.00000  0.00     17.610    0
  24.4770        4.4000       1.84666  23.80    16.870    1
  -30.3690       0.3500       1.00000  0.00     16.870    0
  -23.7920       1.0000       1.83481  42.70    16.870    1
  -100.5170      19.1309      1.00000  0.00     16.870    0
  stop           0.8000       1.00000  0.00     11.942    0
  377.1030       0.8000       1.81600  46.60    12.990    1
  30.9460        3.3000       1.54814  45.80    12.830    1
  -18.5500       0.1000       1.00000  0.00     12.830    0
  17.2090        3.7000       1.48749  70.50    13.200    1
  -24.7100       0.8000       1.84666  23.80    13.200    1
  -210.3990      2.5000       1.00000  0.00     13.200    0
  -26.7830       0.1500       1.55389  38.10    12.080    1
  -29.4740       1.0000       1.83481  42.70    12.470    1
  17.5590        2.7000       1.78472  25.70    12.470    1
  -246.4590      2.0000       1.00000  0.00     12.470    0
  0              8.1551       1.00000  0.00     13.740    0
  33.0260        4.0000       1.84666  23.80    21.790    1
  21.3360        7.3000       1.49782  82.60    21.790    1
  -27.8090       0.2000       1.00000  0.00     22.090    0
  -180.0380      3.1000       1.49782  82.60    22.090    1
  -30.9950       2.0000       1.76610  46.60    22.090    1
  -55.7990       38.6351      1.00000  0.00     23.280    0
