# Nikon AF Nikkor 20mm f/2.8D
#
# Patent: US004690517
# Converted from photonstophotos.net Optical Bench data
# 22 surfaces, 12 glass elements, f/2.8

name: Nikon AF Nikkor 20mm f/2.8D
focal_length: 20.00

surfaces:
# radius       thickness    ior      abbe     semi_ap   coating
  38.8882        5.4962       1.62041  60.40    42.942    1
  99.2998        0.0982       1.00000  0.00     42.942    0
  27.0950        1.3740       1.78470  26.10    30.142    1
  10.8308        3.9258       1.00000  0.00     19.628    0
  19.0500        1.1778       1.71300  54.00    20.134    1
  10.1384        3.7296       1.00000  0.00     16.628    0
  75.0028        3.1406       1.75520  27.60    16.628    1
  -29.5026       1.2758       1.77279  49.40    16.628    1
  11.7380        4.9072       1.62588  35.60    12.958    1
  0              0.0982       1.00000  0.00     12.958    0
  32.3340        3.2388       1.67270  32.20    13.572    1
  -92.4826       1.5704       1.00000  0.00     13.572    0
  -88.3576       3.1406       1.58267  46.50    14.390    1
  -16.0230       0.4400       1.00000  0.00     14.390    0
  stop           2.7988       1.00000  0.00     12.941    0
  -22.4724       4.4166       1.77279  49.40    14.390    1
  -13.8886       1.0796       1.78470  26.10    14.390    1
  52.8446        0.8068       1.00000  0.00     14.390    0
  -77.9560       2.1592       1.62041  60.40    14.836    1
  -17.0430       0.0982       1.00000  0.00     14.836    0
  94.4348        2.7480       1.62041  60.40    18.046    1
  -30.6606       37.2600      1.00000  0.00     18.046    0
