# JP 2017-161848 Example 4
#
# Patent: JP2017-161848
# Converted from photonstophotos.net Optical Bench data
# 26 surfaces, 12 glass elements, f/1.6

name: JP 2017-161848 Example 4
focal_length: 24.09

surfaces:
# radius       thickness    ior      abbe     semi_ap   coating
  331.2089       2.2000       1.58913  61.20    46.240    1
  20.2601        7.0990       1.00000  0.00     35.600    0
  28.2195        1.0000       1.69680  55.50    34.780    1
  23.2476        6.7650       1.00000  0.00     34.780    0
  54.2154        5.9830       1.95375  32.30    33.540    1
  -135.8673      2.8210       1.00000  0.00     33.540    0
  -43.7027       1.0000       1.74077  27.70    33.140    1
  75.2238        0.1000       1.00000  0.00     33.140    0
  49.7555        6.4650       1.75500  52.30    32.120    1
  -39.3886       9.6810       1.00000  0.00     32.120    0
  stop           9.6870       1.00000  0.00     20.575    0
  -17.8913       1.0000       1.84666  23.80    22.280    1
  -82.9874       0.1000       1.00000  0.00     22.900    0
  -115.7213      4.3500       1.92286  20.90    25.140    1
  -32.4392       0.2000       1.00000  0.00     25.140    0
  158.0993       5.9680       1.75500  52.30    28.020    1
  -26.8183       0.1000       1.00000  0.00     28.020    0
  58.0464        5.2400       1.58913  61.20    28.840    1
  -39.4457       0.1000       1.00000  0.00     28.840    0
  165.1107       4.5670       1.80518  25.40    27.600    1
  22.0316        4.0400       1.00000  0.00     24.340    0
  0              0.9310       1.00000  0.00     28.220    0
  -114.8035      3.0000       1.48749  70.30    28.220    1
  -190.0000      15.0020      1.00000  0.00     28.220    0
  0              1.5000       1.51680  64.20    44.820    1
  0              0.1000       1.00000  0.00     44.820    0
