# Nikon PC-E Micro-Nikkor 45mm f/2.8D ED
#
# Patent: US007656591
# Converted from photonstophotos.net Optical Bench data
# 18 surfaces, 9 glass elements, f/2.9

name: Nikon PC-E Micro-Nikkor 45mm f/2.8D ED
focal_length: 41.20

surfaces:
# radius       thickness    ior      abbe     semi_ap   coating
  49.7520        3.0000       1.83481  42.72    48.400    1
  32.1150        5.7000       1.00000  0.00     40.740    0
  130.0000       4.1000       1.75692  31.59    40.740    1
  -492.0620      1.0000       1.00000  0.00     40.740    0
  138.9640       2.4000       1.49782  82.56    37.380    1
  19.3080        16.0000      1.00000  0.00     28.860    0
  42.1410        4.6000       1.78800  47.38    22.960    1
  -310.5290      2.4000       1.56732  42.72    22.320    1
  73.8000        6.5000       1.00000  0.00     22.320    0
  80.3180        6.0000       1.61800  63.38    23.500    1
  -37.3490       1.0000       1.00000  0.00     23.500    0
  stop           4.5000       1.00000  0.00     20.235    0
  -28.4920       9.2000       1.71736  29.52    21.400    1
  70.8770        1.9000       1.00000  0.00     21.400    0
  -95.5200       3.2000       1.48749  70.45    23.360    1
  -25.7210       0.1000       1.00000  0.00     23.360    0
  270.9980       3.4000       1.80400  46.58    26.760    1
  -59.7520       56.5000      1.00000  0.00     26.760    0
