# Nikon Nikkor-O 2.1cm f/4
#
# Patent: JP1968-030782
# Converted from photonstophotos.net Optical Bench data
# 13 surfaces, 8 glass elements, f/4.0

name: Nikon Nikkor-O 2.1cm f/4
focal_length: 21.00

surfaces:
# radius       thickness    ior      abbe     semi_ap   coating
  100.5690       0.8000       1.62010  60.10    26.680    1
  12.6500        11.9990      1.00000  0.00     19.800    0
  12.3940        4.8990       1.72640  37.80    16.050    1
  -200.0000      1.0000       1.64840  33.80    16.050    1
  5.4500         4.0990       1.58160  42.10    9.170     1
  -273.4620      0.5400       1.00000  0.00     9.170     0
  stop           0.6110       1.00000  0.00     6.680     0
  -300.0000      4.5990       1.51700  58.80    7.970     1
  -5.2400        1.0000       1.64840  33.80    7.970     1
  220.0000       5.5500       1.72640  37.80    13.750    1
  -12.9000       11.6000      1.00000  0.00     13.750    0
  -10.9810       0.8000       1.64220  58.20    18.200    1
  -68.5060       7.3400       1.00000  0.00     25.320    0
