# Nikon Nikkor Z 50mm f/1.8 S
#
# Patent: WO2019-220618
# Converted from photonstophotos.net Optical Bench data
# 26 surfaces, 14 glass elements, f/1.9

name: Nikon Nikkor Z 50mm f/1.8 S
focal_length: 51.60

surfaces:
# radius       thickness    ior      abbe     semi_ap   coating
  -48.0646       2.0000       1.67270  32.20    35.600    1
  50.0333        2.8610       1.94595  18.00    34.120    1
  105.0000       2.8050       1.00000  0.00     34.120    0
  -226.3123      6.8270       1.72916  54.60    34.120    1
  -47.9801       0.6440       1.00000  0.00     34.120    0
  36.6491        0.1000       1.56093  36.60    34.280    1
  36.8569        5.6220       1.80400  46.60    34.460    1
  217.9278       0.2000       1.00000  0.00     34.460    0
  28.4936        7.3320       1.59319  67.90    32.980    1
  -161.3799      1.5000       1.64769  33.70    28.880    1
  20.9904        5.1640       1.00000  0.00     24.620    0
  stop           10.3200      1.00000  0.00     22.698    0
  0              2.7000       1.00000  0.00     21.840    0
  -23.4180       1.1000       1.64769  33.70    21.440    1
  998.7722       0.2000       1.00000  0.00     24.280    0
  85.1230        5.0000       1.77377  47.20    27.740    1
  -35.2934       2.4850       1.00000  0.00     27.740    0
  -73.8038       6.4000       1.49782  82.60    32.320    1
  -23.2352       6.3560       1.00000  0.00     32.320    0
  -177.7544      2.9270       1.94595  18.00    35.280    1
  -63.6964       1.9000       1.64769  33.70    35.280    1
  -482.0113      2.8870       1.00000  0.00     35.280    0
  -50.2076       1.9000       1.64769  33.70    35.440    1
  0              10.5000      1.00000  0.00     37.240    0
  0              1.6000       1.51680  64.10    44.620    1
  0              1.0000       1.00000  0.00     44.620    0
