# Nikon AF-S DX Nikkor 18-300mm f/3.5-5.6G ED VR
#
# Patent: US20210103133
# Converted from photonstophotos.net Optical Bench data
# 36 surfaces, 21 glass elements, f/3.6

name: Nikon AF-S DX Nikkor 18-300mm f/3.5-5.6G ED VR
focal_length: 18.52

surfaces:
# radius       thickness    ior      abbe     semi_ap   coating
  186.5996       2.2000       1.83400  37.17    61.900    1
  69.0890        8.8000       1.49782  82.56    57.860    1
  -494.4455      0.1000       1.00000  0.00     57.860    0
  73.4022        6.4500       1.59319  67.87    55.700    1
  2016.7116      2.1570       1.00000  0.00     55.700    0
  84.8500        0.1000       1.55389  38.09    32.880    1
  74.0219        1.2000       1.83481  42.72    32.880    1
  17.0975        6.9500       1.00000  0.00     23.580    0
  -37.9797       1.0000       1.81600  46.63    23.580    1
  77.6713        0.1500       1.00000  0.00     24.500    0
  36.2656        5.3000       1.78472  25.68    23.740    1
  -36.2656       0.8000       1.00000  0.00     23.740    0
  -25.6964       1.0000       1.81600  46.63    22.340    1
  66.0830        2.0500       1.80809  22.79    22.180    1
  -666.7037      33.8014      1.00000  0.00     22.180    0
  stop           1.0000       1.00000  0.00     15.807    0
  68.3073        3.4000       1.59319  67.87    22.180    1
  -47.9960       0.1000       1.00000  0.00     22.020    0
  68.5237        2.4500       1.48749  70.45    23.420    1
  -136.9839      0.1000       1.00000  0.00     23.420    0
  46.5267        4.2000       1.48749  70.45    23.260    1
  -36.1640       1.0000       1.80809  22.79    23.260    1
  -202.9533      3.4565       1.00000  0.00     23.260    0
  -55.0984       0.2000       1.55389  38.09    19.380    1
  -57.2472       0.9000       1.69680  55.52    19.380    1
  28.1510        2.1500       1.72825  28.46    19.380    1
  87.7086        4.3500       1.00000  0.00     19.380    0
  -26.6988       1.0000       1.72916  54.66    20.320    1
  -76.4771       10.5868      1.00000  0.00     21.400    0
  -333.8950      4.6500       1.58913  61.18    24.300    1
  -24.6440       0.1000       1.00000  0.00     24.300    0
  31.1963        5.8500       1.48749  70.45    24.760    1
  -43.3889       1.4500       1.00000  0.00     24.760    0
  -109.7165      1.0000       1.88300  40.77    24.560    1
  20.2992        5.3000       1.54814  45.79    23.280    1
  -808.8132      39.4425      1.00000  0.00     23.280    0
