# Nikon pre-AI 800mm f/8 ED
#
# Patent: US003774991
# Converted from photonstophotos.net Optical Bench data
# 10 surfaces, 5 glass elements, f/8.0

name: Nikon pre-AI 800mm f/8 ED
focal_length: 800.00

surfaces:
# radius       thickness    ior      abbe     semi_ap   coating
  300.0000       13.0000      1.48614  81.50    109.060   1
  -430.0000      7.3000       1.00000  0.00     109.060   0
  -382.5000      7.5000       1.61266  44.30    104.060   1
  310.0000       1.5000       1.00000  0.00     104.060   0
  292.0000       10.0000      1.56953  49.50    102.740   1
  -1654.4000     190.0000     1.00000  0.00     102.740   0
  stop           245.0000     1.00000  0.00     67.315    0
  -150.0000      2.0000       1.51885  59.00    46.920    1
  0              5.0000       1.62399  47.00    46.920    1
  -233.2700      241.8900     1.00000  0.00     46.920    0
