# Nikon Nikkor Z 24-70mm f/4 S
#
# Patent: WO2019-049372
# Converted from photonstophotos.net Optical Bench data
# 28 surfaces, 15 glass elements, f/4.0

name: Nikon Nikkor Z 24-70mm f/4 S
focal_length: 24.72

surfaces:
# radius       thickness    ior      abbe     semi_ap   coating
  73.0000        2.1500       1.84666  23.80    56.640    1
  47.4952        8.6000       1.75500  52.30    54.020    1
  417.0433       1.6000       1.00000  0.00     54.020    0
  400.0000       1.8000       1.74353  49.50    39.260    1
  17.0424        8.0870       1.00000  0.00     28.460    0
  -181.1317      1.3500       1.75500  52.30    27.960    1
  49.9847        2.1080       1.00000  0.00     27.960    0
  37.8068        3.6930       2.00069  25.50    26.000    1
  235.2276       23.6900      1.00000  0.00     26.000    0
  stop           1.5000       1.00000  0.00     11.910    0
  25.8835        4.0480       1.55332  71.70    19.280    1
  -254.6318      0.8000       1.00000  0.00     19.280    0
  52.1939        1.0000       1.83481  42.70    18.620    1
  26.3837        3.5460       1.61800  63.30    17.960    1
  -150.0000      3.7430       1.00000  0.00     17.960    0
  -33.6861       1.0000       1.81600  46.60    17.320    1
  17.2864        6.4940       1.59319  67.90    17.320    1
  -23.0410       4.5790       1.00000  0.00     17.320    0
  -22.4549       1.0000       1.80100  34.90    21.240    1
  -41.0518       0.1030       1.00000  0.00     21.240    0
  59.9217        6.1150       1.59201  67.00    25.020    1
  -26.2565       8.2450       1.00000  0.00     25.020    0
  -40.6065       3.4890       1.58910  31.20    27.640    1
  -24.0000       5.7860       1.00000  0.00     27.640    0
  -24.3654       1.5000       1.61800  63.30    28.120    1
  107.4541       13.8580      1.00000  0.00     32.540    0
  0              1.6000       1.51680  64.10    45.420    1
  0              0.1000       1.00000  0.00     45.420    0
