# Nikon Nikkor Z 135mm F1.8 S Plena
#
# Patent: WO2024-147268
# Converted from photonstophotos.net Optical Bench data
# 33 surfaces, 17 glass elements, f/1.9

name: Nikon Nikkor Z 135mm F1.8 S Plena
focal_length: 132.30

surfaces:
# radius       thickness    ior      abbe     semi_ap   coating
  73.0739        8.2580       1.66382  27.35    73.870    1
  173.9425       1.0000       1.00000  0.00     73.870    0
  75.0000        8.0959       1.49782  82.57    70.950    1
  226.5221       1.0000       1.00000  0.00     70.950    0
  94.0000        6.1837       1.49782  82.57    65.900    1
  255.7300       1.0000       1.00000  0.00     65.900    0
  55.0000        10.2480      1.49782  82.57    58.510    1
  -766.4853      2.1000       1.85451  25.15    58.510    1
  50.0250        8.2444       1.00000  0.00     45.640    0
  stop           2.1000       1.00000  0.00     42.915    0
  105.9598       4.7000       1.51680  64.14    42.960    1
  853.5480       1.7490       1.00000  0.00     42.960    0
  221.6993       2.1000       1.69680  55.52    41.840    1
  39.4223        22.1050      1.00000  0.00     37.600    0
  -164.4380      4.0545       1.80809  22.74    41.920    1
  -75.4132       0.1000       1.00000  0.00     41.920    0
  -160.7346      2.1000       1.85451  25.15    42.370    1
  80.4120        3.2958       1.59319  67.90    43.810    1
  157.8647       0.7213       1.00000  0.00     43.810    0
  64.0655        9.2661       1.80440  39.61    45.940    1
  -101.7863      0.1000       1.00000  0.00     45.940    0
  195.9905       2.2000       1.83481  42.73    44.850    1
  83.1844        9.5280       1.00000  0.00     44.850    0
  85.1050        4.4549       1.85883  30.00    43.910    1
  380.6074       3.5000       1.00000  0.00     43.910    0
  -542.5119      2.1000       1.78590  44.17    41.940    1
  62.2755        1.0000       1.00000  0.00     41.940    0
  51.4253        5.3074       1.84666  23.78    41.970    1
  162.7875       4.3017       1.00000  0.00     40.670    0
  -70.4474       2.1000       1.81600  46.59    40.670    1
  -2372.9554     11.4681      1.00000  0.00     40.960    0
  0              1.6000       1.51680  64.14    46.180    1
  0              1.3712       1.00000  0.00     46.180    0
