# Nikon Nikkor Z DX 16-50mm f/3.5-6.3 VR
#
# Patent: WO2020-012638
# Converted from photonstophotos.net Optical Bench data
# 18 surfaces, 10 glass elements, f/3.6

name: Nikon Nikkor Z DX 16-50mm f/3.5-6.3 VR
focal_length: 16.46

surfaces:
# radius       thickness    ior      abbe     semi_ap   coating
  164.2409       1.2000       1.83481  42.73    26.360    1
  13.2012        0.1200       1.56093  36.64    22.000    1
  11.5762        4.9700       1.00000  0.00     22.000    0
  19.9548        2.4300       1.92286  20.88    22.420    1
  34.9021        23.9200      1.00000  0.00     22.420    0
  14.5813        0.9000       1.83441  37.28    12.600    1
  9.2500         3.3600       1.75500  52.34    12.080    1
  52.3705        1.6000       1.00000  0.00     12.080    0
  stop           2.0000       1.00000  0.00     9.490     0
  11.1735        0.7000       1.95375  32.33    11.280    1
  7.6414         4.0000       1.49700  81.61    10.760    1
  -45.2316       1.4000       1.00000  0.00     10.760    0
  19.2894        0.9000       1.79526  45.25    9.580     1
  11.9890        5.3400       1.00000  0.00     9.580     0
  -29.6878       1.0000       1.80139  45.46    13.640    1
  56.3004        3.6600       1.00000  0.00     14.040    0
  -345.3773      4.2000       1.95375  32.33    29.500    1
  -32.7802       10.0500      1.00000  0.00     29.500    0
