# Nikon TC-14A
#
# Patent: US004514051
# Converted from photonstophotos.net Optical Bench data
# 11 surfaces, 5 glass elements

name: Nikon TC-14A
focal_length: 50.00

surfaces:
# radius       thickness    ior      abbe     semi_ap   coating
  0              37.6419      1.00000  0.00     66.630    0
  110.0880       3.4000       1.59507  35.50    21.580    1
  -37.3900       1.0000       1.00000  0.00     21.580    0
  -40.4730       1.0000       1.78797  47.50    21.460    1
  31.8420        1.0000       1.00000  0.00     21.460    0
  35.1630        3.8000       1.59507  35.50    22.540    1
  -132.8890      1.0000       1.00000  0.00     22.540    0
  -52.0000       1.0000       1.90265  35.80    22.540    1
  611.9430       0.2000       1.00000  0.00     23.720    0
  50.8000        3.0000       1.49782  82.30    24.780    1
  2442.4040      38.6208      1.00000  0.00     24.780    0
