# Nikon AI Nikkor 24mm f/2
#
# Patent: US004163603
# Converted from photonstophotos.net Optical Bench data
# 22 surfaces, 11 glass elements, f/2.0

name: Nikon AI Nikkor 24mm f/2
focal_length: 24.00

surfaces:
# radius       thickness    ior      abbe     semi_ap   coating
  91.1020        4.1140       1.65844  50.80    40.220    1
  485.4250       0.1970       1.00000  0.00     40.220    0
  48.8071        4.3100       1.71300  53.90    32.340    1
  14.4391        3.2810       1.00000  0.00     21.460    0
  29.5346        1.2740       1.69680  55.60    24.300    1
  14.9486        3.6240       1.00000  0.00     19.720    0
  59.4612        6.4660       1.65844  50.80    19.470    1
  -615.4776      0.0980       1.00000  0.00     16.740    0
  37.8415        1.0780       1.69680  55.60    17.720    1
  22.5307        2.1550       1.00000  0.00     17.400    0
  30.1478        7.5430       1.74950  35.00    20.320    1
  -224.3266      0.6170       1.00000  0.00     20.320    0
  stop           1.9800       1.00000  0.00     20.440    0
  -443.1967      3.9190       1.56384  60.80    20.950    1
  -22.2367       4.6030       1.00000  0.00     22.070    0
  -27.7224       2.3520       1.74443  49.40    20.180    1
  -24.4898       0.7850       1.80518  25.50    20.180    1
  54.1382        1.3700       1.00000  0.00     20.180    0
  -167.2495      3.3310       1.74443  49.40    22.290    1
  -22.1633       0.0980       1.00000  0.00     22.290    0
  146.9388       3.6240       1.69680  55.60    24.630    1
  -46.3346       37.5500      1.00000  0.00     24.630    0
