# Nikon AF-S DX Nikkor 55-200mm f/4-5.6G ED VR II
#
# Patent: WO2015-141574
# Converted from photonstophotos.net Optical Bench data
# 23 surfaces, 13 glass elements, f/4.1

name: Nikon AF-S DX Nikkor 55-200mm f/4-5.6G ED VR II
focal_length: 56.61

surfaces:
# radius       thickness    ior      abbe     semi_ap   coating
  354.3437       2.9000       1.51680  63.88    40.640    1
  -354.3437      12.1000      1.00000  0.00     40.640    0
  53.5415        1.4000       1.84666  23.80    35.440    1
  38.6340        6.1700       1.48749  70.31    34.500    1
  -339.2311      2.1000       1.00000  0.00     34.500    0
  -180.8776      1.2000       1.69680  55.52    23.980    1
  18.8950        4.1100       1.80518  25.45    21.380    1
  47.1527        2.5400       1.00000  0.00     21.380    0
  -48.4021       1.0000       1.77250  49.62    21.380    1
  189.6188       30.5600      1.00000  0.00     21.380    0
  59.7109        3.8000       1.60311  60.69    21.240    1
  -59.7109       0.1000       1.00000  0.00     21.240    0
  27.1377        5.1000       1.49782  82.57    20.840    1
  -44.4450       1.0000       1.80518  25.45    20.840    1
  328.7306       1.5000       1.00000  0.00     20.840    0
  stop           11.5400      1.00000  0.00     18.381    0
  -131.5467      3.1000       1.85026  32.35    16.340    1
  -15.9850       1.0000       1.79952  42.09    16.340    1
  39.3987        5.6900       1.00000  0.00     16.340    0
  51.6077        2.6400       1.77250  49.62    16.760    1
  -51.6077       7.7500       1.00000  0.00     16.760    0
  -20.7941       1.1000       1.77250  49.62    16.760    1
  -39.0838       39.9000      1.00000  0.00     16.760    0
