# Nikon AF-S DX Nikkor 18-200mm f/3.5-5.6G ED VR II
#
# Patent: US20100220400
# Converted from photonstophotos.net Optical Bench data
# 32 surfaces, 18 glass elements, f/3.6

name: Nikon AF-S DX Nikkor 18-200mm f/3.5-5.6G ED VR II
focal_length: 18.50

surfaces:
# radius       thickness    ior      abbe     semi_ap   coating
  131.6264       2.0000       1.85026  32.35    59.020    1
  64.5215        8.8000       1.49700  81.61    57.580    1
  -502.5306      0.1000       1.00000  0.00     57.580    0
  60.4775        6.3000       1.60300  65.47    54.920    1
  295.9384       2.0700       1.00000  0.00     54.920    0
  757.8898       0.1500       1.55389  38.09    29.940    1
  150.0000       1.2000       1.81600  46.63    29.940    1
  14.7418        6.5000       1.00000  0.00     21.880    0
  -37.4285       1.0000       1.81600  46.63    21.880    1
  855.9338       0.1000       1.00000  0.00     21.880    0
  36.4002        4.8000       1.84666  23.78    21.880    1
  -38.2802       0.9000       1.00000  0.00     21.880    0
  -25.9865       1.0000       1.78800  47.38    21.880    1
  250.1396       29.4000      1.00000  0.00     21.880    0
  stop           0.5000       1.00000  0.00     14.838    0
  39.9769        3.0000       1.60300  65.47    16.820    1
  -39.9769       0.1000       1.00000  0.00     16.820    0
  27.0291        3.6000       1.49700  81.61    16.620    1
  -30.9025       1.0000       1.85026  32.35    15.800    1
  15022.6378     3.0000       1.00000  0.00     15.800    0
  -47.6472       0.1000       1.55389  38.09    16.200    1
  -54.8674       1.0000       1.77250  49.61    16.200    1
  28.9153        1.8000       1.80518  25.43    16.200    1
  77.8261        2.6000       1.00000  0.00     16.200    0
  0              7.5000       1.00000  0.00     18.060    0
  74.7506        4.4000       1.67697  54.52    21.320    1
  -32.8683       0.6000       1.00000  0.00     21.320    0
  113.7229       4.0000       1.48749  70.24    21.320    1
  -31.3823       1.4000       1.83400  37.17    21.320    1
  57.5744        1.5000       1.00000  0.00     20.720    0
  -127.9425      3.3000       1.51680  64.12    20.720    1
  -27.8519       38.0000      1.00000  0.00     22.360    0
