# Nikon AF-S Nikkor 24-70mm f/2.8G ED
#
# Patent: US007508592
# Converted from photonstophotos.net Optical Bench data
# 28 surfaces, 16 glass elements, f/2.9

name: Nikon AF-S Nikkor 24-70mm f/2.8G ED
focal_length: 24.78

surfaces:
# radius       thickness    ior      abbe     semi_ap   coating
  125.6200       3.2000       1.74443  49.50    64.640    1
  26.8800        14.9500      1.00000  0.00     49.220    0
  -140.0000      2.2000       1.61800  63.30    49.220    1
  164.5300       0.2000       1.00000  0.00     50.920    0
  53.9700        4.0000       1.84666  23.80    50.720    1
  75.6000        47.4600      1.00000  0.00     50.720    0
  59.7400        0.1000       1.55389  38.10    38.980    1
  62.4100        5.0000       1.77250  49.60    38.980    1
  -762.3200      6.0000       1.00000  0.00     38.980    0
  113.7200       1.5000       1.76182  26.50    40.300    1
  30.0300        8.3000       1.49782  82.60    39.660    1
  -315.2000      7.3500       1.00000  0.00     39.660    0
  60.5500        4.8400       1.88300  40.80    42.400    1
  -474.6000      1.3500       1.00000  0.00     42.400    0
  stop           1.6500       1.00000  0.00     19.566    0
  -1292.8200     3.0500       1.84666  23.80    27.640    1
  -36.8600       1.1500       1.72916  54.70    27.640    1
  54.8600        3.3000       1.00000  0.00     23.300    0
  -39.1000       1.1500       1.72916  54.70    23.300    1
  -139.4000      16.2400      1.00000  0.00     26.600    0
  285.0800       1.2000       1.80518  25.40    30.180    1
  46.7300        7.1100       1.49782  82.60    30.180    1
  -32.7600       0.2000       1.00000  0.00     30.180    0
  508.5700       2.8000       1.51633  64.10    33.800    1
  -127.8100      1.4000       1.00000  0.00     33.800    0
  39.2400        5.0500       1.49782  82.60    35.760    1
  599.1100       1.4000       1.80518  25.40    35.760    1
  74.8200        41.8800      1.00000  0.00     35.760    0
