# Nikon AF-S DX Nikkor 18-55mm f/3.5-5.6G VR
#
# Patent: US20090034100
# Converted from photonstophotos.net Optical Bench data
# 22 surfaces, 12 glass elements, f/3.7

name: Nikon AF-S DX Nikkor 18-55mm f/3.5-5.6G VR
focal_length: 18.50

surfaces:
# radius       thickness    ior      abbe     semi_ap   coating
  115.5513       1.9000       1.51680  64.10    38.520    1
  15.6014        0.1700       1.55389  38.10    28.640    1
  13.3000        10.0000      1.00000  0.00     28.450    0
  -248.6179      1.5000       1.62299  58.20    26.740    1
  34.6127        1.1000       1.00000  0.00     26.740    0
  29.6569        3.1000       1.78472  25.70    26.060    1
  74.7181        32.3000      1.00000  0.00     26.060    0
  53.9942        0.9000       1.84666  23.80    16.840    1
  22.5667        4.3000       1.51823  58.90    16.840    1
  -29.5941       0.1000       1.00000  0.00     16.840    0
  19.0339        1.8000       1.51823  58.90    16.660    1
  47.2870        2.7100       1.00000  0.00     16.660    0
  stop           2.9000       1.00000  0.00     13.215    0
  -43.2107       2.7500       2.14352  17.80    13.760    1
  -17.4145       0.8000       2.00330  28.30    13.760    1
  198.6809       5.5000       1.00000  0.00     13.760    0
  0              11.0400      1.00000  0.00     19.900    0
  0              3.2000       1.51742  52.30    19.900    1
  -24.5210       0.1000       1.00000  0.00     19.900    0
  90.7179        5.7000       1.49700  81.60    22.300    1
  -16.6300       1.3000       1.85026  32.40    22.300    1
  -55.9527       38.1000      1.00000  0.00     22.300    0
