# Nikon Micro-Nikkor 55mm f/2.8
#
# Patent: US004260223
# Converted from photonstophotos.net Optical Bench data
# 12 surfaces, 6 glass elements, f/2.8

name: Nikon Micro-Nikkor 55mm f/2.8
focal_length: 55.00

surfaces:
# radius       thickness    ior      abbe     semi_ap   coating
  51.1950        3.7500       1.77279  49.40    22.960    1
  -600.5000      0.1000       1.00000  0.00     22.960    0
  19.0000        3.7500       1.71300  53.90    22.530    1
  31.4100        1.0500       1.00000  0.00     19.700    0
  90.0000        1.0500       1.61293  36.90    21.800    1
  16.0890        4.1160       1.00000  0.00     16.580    0
  stop           3.2000       1.00000  0.00     14.913    0
  -22.3050       1.0500       1.69895  30.00    16.380    1
  300.0000       8.0500       1.74443  49.40    20.220    1
  -25.0000       0.1000       1.00000  0.00     20.260    0
  190.0460       3.7500       1.79668  45.40    22.340    1
  -123.8390      42.4500      1.00000  0.00     22.340    0
