# Nikon 1 Nikkor VR 10-30mm f/3.5-5.6 PD-Zoom
#
# Patent: US20180196240
# Converted from photonstophotos.net Optical Bench data
# 17 surfaces, 9 glass elements, f/3.6

name: Nikon 1 Nikkor VR 10-30mm f/3.5-5.6 PD-Zoom
focal_length: 10.20

surfaces:
# radius       thickness    ior      abbe     semi_ap   coating
  131.9260       0.8000       1.61800  63.30    18.380    1
  9.8870         2.2070       1.00000  0.00     14.480    0
  22.8990        1.0000       1.62300  58.20    14.480    1
  9.0890         0.8620       1.00000  0.00     13.190    0
  11.5940        1.8920       2.00100  25.50    14.060    1
  17.5150        18.5100      1.00000  0.00     12.580    0
  15.7350        3.2180       1.61900  63.90    8.960     1
  -10.9040       0.8000       1.60300  38.00    8.380     1
  -75.3260       2.6780       1.00000  0.00     8.380     0
  stop           1.5000       1.00000  0.00     6.631     0
  16.1120        0.8000       1.58300  46.50    7.640     1
  6.5440         2.1140       1.49800  82.60    7.640     1
  -31.3760       1.5700       1.00000  0.00     7.640     0
  39.7450        0.8000       1.61900  63.90    7.240     1
  10.5600        5.3600       1.00000  0.00     6.400     0
  -23.0300       2.5840       1.51700  63.90    13.520    1
  -10.5180       13.3000      1.00000  0.00     13.520    0
