# Nikon AI Nikkor 35mm f/2S
#
# Patent: US003507558
# Converted from photonstophotos.net Optical Bench data
# 15 surfaces, 8 glass elements, f/2.0

name: Nikon AI Nikkor 35mm f/2S
focal_length: 36.00

surfaces:
# radius       thickness    ior      abbe     semi_ap   coating
  115.6210       3.8999       1.71300  53.90    46.580    1
  0              0.1001       1.00000  0.00     46.580    0
  50.0000        2.2000       1.51680  64.20    39.200    1
  17.2010        11.2000      1.00000  0.00     29.080    0
  32.2020        8.2001       1.66755  41.90    26.080    1
  -55.0010       10.5001      1.51454  54.60    19.720    1
  33.9980        2.0132       1.00000  0.00     18.230    0
  stop           3.2867       1.00000  0.00     17.946    0
  -21.5710       1.0001       1.78470  26.10    18.570    1
  38.7900        6.9998       1.74443  49.40    23.560    1
  -25.8190       0.1001       1.00000  0.00     23.560    0
  -110.0020      2.9999       1.76684  46.20    23.520    1
  -38.4880       0.1001       1.00000  0.00     23.520    0
  130.0000       2.4998       1.74400  44.90    26.520    1
  -79.0490       40.8132      1.00000  0.00     26.520    0
