# Nikon AF-S Nikkor 80-400mm f/4.5-5.6G ED VR
#
# Patent: US20200049962
# Converted from photonstophotos.net Optical Bench data
# 33 surfaces, 20 glass elements, f/4.6

name: Nikon AF-S Nikkor 80-400mm f/4.5-5.6G ED VR
focal_length: 81.60

surfaces:
# radius       thickness    ior      abbe     semi_ap   coating
  182.8160       2.5000       1.90265  35.70    75.120    1
  92.5660        10.0000      1.49782  82.60    73.850    1
  -707.4160      0.1000       1.00000  0.00     73.850    0
  83.3650        9.2000       1.43700  95.00    72.410    1
  1420.3610      8.2250       1.00000  0.00     72.410    0
  117.0820       6.4000       1.80100  34.90    48.150    1
  -117.0440      2.2000       1.49782  82.60    46.880    1
  61.1830        5.8100       1.00000  0.00     39.530    0
  -265.0810      2.0000       1.81600  46.60    36.350    1
  30.7850        4.6000       1.80518  25.50    33.470    1
  92.2640        6.2000       1.00000  0.00     33.470    0
  -56.3420       2.0000       1.83481  42.70    31.880    1
  158.9650       27.0590      1.00000  0.00     33.320    0
  112.2520       4.6000       1.59319  67.90    33.640    1
  -78.6850       0.1000       1.00000  0.00     33.640    0
  67.6120        1.8000       1.90366  31.30    33.640    1
  35.4990        6.4000       1.59319  67.90    33.170    1
  -238.1770      5.3880       1.00000  0.00     33.170    0
  -58.4670       1.6000       1.72916  54.60    27.580    1
  38.9990        3.6000       1.90265  35.70    27.580    1
  146.9000       26.6840      1.00000  0.00     27.580    0
  stop           2.0000       1.00000  0.00     26.399    0
  124.1420       3.4000       1.74400  44.80    29.040    1
  -124.1420      0.1000       1.00000  0.00     29.040    0
  26.6150        6.8000       1.48749  70.30    28.310    1
  0              2.0000       1.95000  29.40    26.890    1
  26.4370        4.8000       1.51742  52.20    25.660    1
  0              17.6000      1.00000  0.00     25.660    0
  176.1780       6.0000       1.64769  33.70    24.440    1
  -19.7030       1.6000       1.60300  65.40    24.440    1
  0              11.2700      1.00000  0.00     24.440    0
  -22.1310       1.6000       1.83481  42.70    24.850    1
  -33.7480       52.8000      1.00000  0.00     25.770    0
