# Nikon TC-1
#
# Patent: US004154508
# Converted from photonstophotos.net Optical Bench data
# 13 surfaces, 7 glass elements

name: Nikon TC-1
focal_length: 50.00

surfaces:
# radius       thickness    ior      abbe     semi_ap   coating
  0              0.6917       1.00000  0.00     40.000    0
  37.5450        1.0000       1.79668  45.40    19.530    1
  17.6810        1.3000       1.00000  0.00     18.560    0
  33.0000        4.8000       1.59507  35.60    19.530    1
  -26.1740       1.0000       1.00000  0.00     19.530    0
  -25.5900       1.0000       1.77279  49.40    18.290    1
  40.6310        2.7500       1.59507  35.60    19.530    1
  136.4970       14.2900      1.00000  0.00     19.530    0
  100.5450       1.5000       1.79631  40.80    31.910    1
  37.5350        10.0000      1.51823  59.00    31.910    1
  -23.2690       0.1000       1.00000  0.00     31.910    0
  -87.1000       1.0000       1.78797  47.50    32.600    1
  87.1000        40.0000      1.00000  0.00     32.600    0
