# US 8,107,175 Example 1
#
# Patent: US008107175
# Converted from photonstophotos.net Optical Bench data
# 10 surfaces, 5 glass elements, f/2.9

name: US 8,107,175 Example 1
focal_length: 18.68

surfaces:
# radius       thickness    ior      abbe     semi_ap   coating
  32.7067        1.6000       1.58913  61.25    23.700    1
  8.4253         14.4960      1.00000  0.00     17.500    0
  16.0573        3.2000       1.78800  47.38    14.400    1
  -189.5564      3.9592       1.00000  0.00     14.400    0
  stop           2.7000       1.00000  0.00     10.350    0
  -42.2570       1.0000       1.69895  30.13    11.800    1
  10.8055        3.5000       1.58913  61.25    11.800    1
  -20.3630       6.8420       1.00000  0.00     11.800    0
  81.0967        1.9300       1.69680  55.53    18.800    1
  -597.7365      18.9421      1.00000  0.00     18.800    0
