# Nikon AF-P Nikkor 70-300mm f/4.5-5.6E ED VR
#
# Patent: US20190353880
# Converted from photonstophotos.net Optical Bench data
# 33 surfaces, 18 glass elements, f/4.5

name: Nikon AF-P Nikkor 70-300mm f/4.5-5.6E ED VR
focal_length: 72.10

surfaces:
# radius       thickness    ior      abbe     semi_ap   coating
  109.4870       4.6000       1.48749  70.31    54.220    1
  0              0.2000       1.00000  0.00     54.220    0
  101.1800       1.8000       1.62004  36.40    50.980    1
  49.8110        7.2000       1.49700  81.61    49.440    1
  385.8170       6.2040       1.00000  0.00     49.440    0
  176.0190       1.7000       1.69680  55.52    33.900    1
  31.3680        5.1500       1.00000  0.00     33.900    0
  32.6090        5.5000       1.78472  25.64    29.120    1
  -129.7630      1.4470       1.00000  0.00     29.120    0
  -415.4110      1.3000       1.77250  49.62    25.540    1
  34.3080        4.3000       1.00000  0.00     23.600    0
  -33.1500       1.2000       1.85026  32.35    23.600    1
  -203.5640      30.0000      1.00000  0.00     24.180    0
  70.9040        1.2000       1.80100  34.92    25.880    1
  30.2790        5.9000       1.64000  60.20    25.880    1
  -70.1400       1.5000       1.00000  0.00     25.880    0
  34.0890        6.0000       1.48749  70.31    26.220    1
  -42.6110       1.3000       1.80610  40.97    25.720    1
  401.2560       2.7000       1.00000  0.00     25.720    0
  stop           14.1100      1.00000  0.00     23.219    0
  350.0000       1.2000       1.83400  37.18    24.520    1
  30.1590        4.8000       1.51680  63.88    24.520    1
  -94.9910       0.2000       1.00000  0.00     24.520    0
  66.3240        2.8000       1.80100  34.92    24.680    1
  -132.5120      2.1800       1.00000  0.00     24.680    0
  -92.1000       2.2000       1.80518  25.45    22.480    1
  -44.0090       6.5000       1.00000  0.00     22.480    0
  -36.9700       1.0000       1.77250  49.62    19.780    1
  68.3350        21.4180      1.00000  0.00     19.780    0
  -24.5000       1.4000       1.62004  36.40    26.340    1
  -41.1520       0.2000       1.00000  0.00     28.180    0
  106.0000       3.8000       1.67003  47.14    33.160    1
  -106.0000      39.1200      1.00000  0.00     33.160    0
