# US 5,757,555 Example 6
#
# Patent: US005757555
# Converted from photonstophotos.net Optical Bench data
# 12 surfaces, 7 glass elements, f/4.1

name: US 5,757,555 Example 6
focal_length: 392.00

surfaces:
# radius       thickness    ior      abbe     semi_ap   coating
  179.9097       4.0000       1.79668  45.37    100.000   1
  124.3145       14.0000      1.49782  82.52    97.000    1
  -1110.6798     91.9000      1.00000  0.00     97.000    0
  78.2074        2.9000       1.79631  40.90    74.100    1
  57.4916        13.0000      1.49782  82.52    71.100    1
  132.1039       66.5392      1.00000  0.00     71.100    0
  -131.3538      5.0000       1.69911  27.83    42.100    1
  -59.0345       3.0000       1.53172  48.97    42.100    1
  82.1713        24.7213      1.00000  0.00     42.100    0
  stop           2.0000       1.00000  0.00     40.234    0
  201.6050       5.0000       1.49782  82.52    42.100    1
  -133.4782      160.7871     1.00000  0.00     42.100    0
