# Nikon AF-P DX Nikkor 10-20mm f/4.5-5.6G VR
#
# Patent: WO2021-039813
# Converted from photonstophotos.net Optical Bench data
# 29 surfaces, 16 glass elements, f/4.6

name: Nikon AF-P DX Nikkor 10-20mm f/4.5-5.6G VR
focal_length: 10.31

surfaces:
# radius       thickness    ior      abbe     semi_ap   coating
  72.2152        2.4000       1.77250  49.62    47.160    1
  18.0784        0.2000       1.56093  36.64    33.470    1
  12.8098        13.5000      1.00000  0.00     33.470    0
  38.7253        0.2000       1.55389  38.09    27.280    1
  33.7793        1.5000       1.80610  40.97    27.280    1
  15.4957        6.4130       1.00000  0.00     23.580    0
  -222.7658      1.3000       1.68348  54.80    23.580    1
  47.0349        0.1000       1.00000  0.00     23.580    0
  25.7276        4.1500       1.71736  29.57    23.580    1
  -234.9661      25.0620      1.00000  0.00     23.580    0
  0              1.1000       1.00000  0.00     9.980     0
  24.5947        2.5500       1.72825  28.38    9.980     1
  -16.1540       0.8000       1.91082  35.25    9.980     1
  27.1775        1.9200       1.00000  0.00     9.980     0
  -248.1745      1.5800       1.51680  63.88    10.720    1
  -25.4538       1.4550       1.00000  0.00     10.720    0
  stop           1.8020       1.00000  0.00     9.784     0
  21.5078        3.2800       1.53172  48.78    11.000    1
  -15.0998       0.9000       1.91082  35.25    11.000    1
  -23.4243       1.4570       1.00000  0.00     11.000    0
  -112.1885      0.8000       1.91082  35.25    10.720    1
  28.2245        0.6970       1.00000  0.00     10.720    0
  18.6097        1.8300       1.51680  63.88    11.500    1
  78.1610        5.7230       1.00000  0.00     11.500    0
  -60.8267       1.3500       1.53110  55.91    14.240    1
  -34.6017       0.6000       1.00000  0.00     14.240    0
  -134.5982      0.8000       1.91082  35.25    16.580    1
  21.0465        5.6000       1.48749  70.31    16.580    1
  -15.2651       38.1070      1.00000  0.00     16.580    0
