# Nikon AI Nikkor 105mm f/1.8S
#
# Patent: JP1984-121015
# Converted from photonstophotos.net Optical Bench data
# 11 surfaces, 5 glass elements, f/1.8

name: Nikon AI Nikkor 105mm f/1.8S
focal_length: 105.00

surfaces:
# radius       thickness    ior      abbe     semi_ap   coating
  54.3420        9.5000       1.69680  55.60    60.590    1
  473.7000       3.1000       1.00000  0.00     60.590    0
  38.4000        11.5000      1.62041  60.30    51.070    1
  68.5850        2.5000       1.00000  0.00     43.500    0
  222.5000       5.6000       1.72825  28.30    51.090    1
  23.8000        11.7000      1.00000  0.00     35.090    0
  stop           7.4000       1.00000  0.00     31.989    0
  -30.7760       3.9000       1.59551  39.20    32.910    1
  -46.7600       4.1000       1.00000  0.00     35.600    0
  295.1000       5.0000       1.73350  51.00    36.180    1
  -49.5680       55.8700      1.00000  0.00     36.180    0
