# Nikon Auto Zoom-Nikkor 80-200mm f/4.5
#
# Patent: US003615125
# Converted from photonstophotos.net Optical Bench data
# 26 surfaces, 15 glass elements, f/4.5

name: Nikon Auto Zoom-Nikkor 80-200mm f/4.5
focal_length: 80.00

surfaces:
# radius       thickness    ior      abbe     semi_ap   coating
  123.9510       5.0000       1.62041  60.30    51.260    1
  -381.1700      0.1000       1.00000  0.00     51.260    0
  135.6300       7.3000       1.61375  56.30    48.980    1
  -156.0000      2.0000       1.75520  27.50    48.980    1
  357.6290       1.3300       1.00000  0.00     48.980    0
  10000.0000     3.7000       1.68893  31.10    32.420    1
  -44.5500       1.0000       1.51728  69.60    32.420    1
  49.8240        4.4000       1.00000  0.00     28.300    0
  -45.2500       1.2000       1.62041  60.30    28.300    1
  149.5850       39.4000      1.00000  0.00     32.420    0
  121.5000       4.0000       1.62041  60.30    26.360    1
  -51.3150       1.0000       1.62004  36.30    26.360    1
  -148.0090      10.8800      1.00000  0.00     26.360    0
  80.8030        4.7000       1.54814  45.90    26.860    1
  -1347.2940     0.7000       1.00000  0.00     26.860    0
  32.6000        10.4000      1.53172  48.90    26.860    1
  -222.2000      2.8000       1.78470  26.10    26.860    1
  44.8180        3.0000       1.00000  0.00     22.260    0
  stop           35.1000      1.00000  0.00     19.455    0
  103.4610       3.8000       1.51680  64.20    29.100    1
  -63.3600       3.0000       1.00000  0.00     29.100    0
  -31.2200       1.5000       1.74400  44.90    31.160    1
  40.0000        4.9000       1.69805  30.00    31.160    1
  0              0.1000       1.00000  0.00     31.160    0
  62.3280        4.0000       1.70154  41.10    33.200    1
  -2085.2430     40.0000      1.00000  0.00     33.200    0
