# Nikon Reflex-Nikkor 500mm f/5
#
# Patent: JP1964-018719
# Converted from photonstophotos.net Optical Bench data
# 10 surfaces, 5 glass elements, f/5.0

name: Nikon Reflex-Nikkor 500mm f/5
focal_length: 500.00

surfaces:
# radius       thickness    ior      abbe     semi_ap   coating
  0              12.5000      1.51633  64.00    115.800   1
  -744.0000      107.7000     1.00000  0.00     115.800   0
  -407.5000      10.0000      1.51633  64.00    110.550   1
  -466.5000      0.0000       1.00000  0.00     110.550   0
  904.0000       -5.0000      1.51633  64.00    51.350    1
  -744.0000      0.0000       1.00000  0.00     51.350    0
  0              5.8000       1.51454  54.70    34.100    1
  90.0000        13.8000      1.00000  0.00     34.100    0
  -466.5000      6.4000       1.57309  42.70    33.700    1
  -90.0000       130.4000     1.00000  0.00     33.700    0
