# Nikon Nikkor 1200mm F/11 ED
#
# Patent: JP1976-043920
# Converted from photonstophotos.net Optical Bench data
# 10 surfaces, 5 glass elements, f/11.0

name: Nikon Nikkor 1200mm F/11 ED
focal_length: 1200.00

surfaces:
# radius       thickness    ior      abbe     semi_ap   coating
  412.0000       13.0000      1.50032  81.90    112.060   1
  -435.3000      8.0000       1.00000  0.00     112.060   0
  -403.2000      8.0000       1.74400  44.90    112.060   1
  445.2000       2.0000       1.00000  0.00     112.060   0
  396.7000       10.0000      1.62374  47.00    112.060   1
  -873.9000      590.0000     1.00000  0.00     112.060   0
  stop           69.0000      1.00000  0.00     30.988    0
  -195.0000      2.0000       1.51632  64.20    47.700    1
  439.2000       7.0000       1.66854  39.20    47.700    1
  -927.5000      240.0600     1.00000  0.00     47.700    0
