# Nikon Fisheye-Nikkor 6mm f/5.6
#
# Patent: US003524697
# Converted from photonstophotos.net Optical Bench data
# 18 surfaces, 10 glass elements, f/5.6

name: Nikon Fisheye-Nikkor 6mm f/5.6
focal_length: 6.20

surfaces:
# radius       thickness    ior      abbe     semi_ap   coating
  55.0076        2.7900       1.61272  58.60    77.250    1
  18.8207        15.1900      1.00000  0.00     37.350    0
  55.5688        2.4180       1.62041  60.30    32.610    1
  8.8667         9.6100       1.00000  0.00     17.040    0
  -41.0948       0.8060       1.48848  70.30    13.150    1
  10.6188        3.5960       1.78470  26.00    13.150    1
  36.3233        1.9840       1.00000  0.00     13.150    0
  0              1.1780       1.51743  58.50    8.610     1
  0              2.4800       1.00000  0.00     8.610     0
  stop           1.4880       1.00000  0.00     3.360     0
  -1996.9264     3.4720       1.78477  26.00    9.800     1
  9.1859         7.0060       1.74372  45.00    14.520    1
  -34.9463       0.1240       1.00000  0.00     14.520    0
  -189.7083      2.9760       1.76765  46.50    17.150    1
  -17.9726       10.6640      1.00000  0.00     17.150    0
  39.9386        1.6120       1.78485  26.00    21.640    1
  13.7789        10.7880      1.62230  53.10    21.640    1
  -43.0950       11.1600      1.00000  0.00     21.640    0
