# Nikon Nikkor 300mm ED f/4.5 with Nikon TC-301
#
# Patent: JP1980-166613
# Converted from photonstophotos.net Optical Bench data
# 21 surfaces, 11 glass elements, f/9.0

name: Nikon Nikkor 300mm ED f/4.5 with Nikon TC-301
focal_length: 600.00

surfaces:
# radius       thickness    ior      abbe     semi_ap   coating
  106.0000       11.0000      1.48606  81.90    66.780    1
  -151.0000      4.0000       1.00000  0.00     66.780    0
  -144.0000      3.0000       1.74400  44.90    64.090    1
  130.0000       12.0000      1.63930  45.00    64.090    1
  650.0000       1.0000       1.00000  0.00     64.090    0
  95.0000        7.7000       1.48606  81.90    63.500    1
  878.8000       49.3000      1.00000  0.00     63.500    0
  stop           70.0000      1.00000  0.00     42.277    0
  -43.0000       1.0000       1.62041  60.30    28.880    1
  150.0000       3.5000       1.62004  36.30    28.880    1
  -104.8200      1.5423       1.00000  0.00     28.880    0
  179.7090       3.7000       1.59507  35.60    25.910    1
  -90.8270       2.0000       1.00000  0.00     25.910    0
  -109.0970      2.1000       1.74443  49.40    27.320    1
  32.5200        2.1000       1.00000  0.00     27.320    0
  40.5600        4.2000       1.59507  35.60    26.640    1
  99.0490        66.2400      1.00000  0.00     26.640    0
  317.6400       6.2000       1.50137  56.50    36.100    1
  -55.2660       0.2000       1.00000  0.00     36.100    0
  -195.7540      1.8000       1.80454  39.50    36.010    1
  267.7160       63.1100      1.00000  0.00     36.010    0
