# Nikon UW-Nikkor 20mm f/2.8
#
# Patent: US004705364
# Converted from photonstophotos.net Optical Bench data
# 17 surfaces, 9 glass elements, f/2.8

name: Nikon UW-Nikkor 20mm f/2.8
focal_length: 20.00

surfaces:
# radius       thickness    ior      abbe     semi_ap   coating
  37.4864        4.9984       1.51680  64.10    47.300    1
  21.0384        9.9968       1.00000  0.00     35.060    0
  40.2574        1.9994       1.77279  49.40    32.070    1
  18.2220        11.0966      1.00000  0.00     27.380    0
  22.8898        4.9984       1.67003  47.10    24.130    1
  -147.4480      2.6992       1.00000  0.00     24.130    0
  65.2966        9.4970       1.69350  53.80    17.880    1
  -18.4052       4.7986       1.75520  27.60    13.710    1
  -41.5560       0.9996       1.00000  0.00     13.710    0
  stop           2.9990       1.00000  0.00     9.992     0
  -12.0470       0.9996       1.78470  26.10    10.840    1
  -27.9692       5.1984       1.69680  55.60    10.840    1
  -14.0732       0.4998       1.00000  0.00     13.840    0
  417.2328       3.7988       1.79668  45.50    18.400    1
  -25.7990       1.7994       1.00000  0.00     18.400    0
  -14.5962       1.9994       1.58144  40.80    18.400    1
  -43.0836       20.7808      1.00000  0.00     21.260    0
