# Nikon Nikkor Z TC-1.4x
#
# Patent: JP2021-189311
# Converted from photonstophotos.net Optical Bench data
# 12 surfaces, 8 glass elements

name: Nikon Nikkor Z TC-1.4x
focal_length: 50.00

surfaces:
# radius       thickness    ior      abbe     semi_ap   coating
  280.6380       4.4000       1.71736  29.50    28.800    1
  -39.2160       2.9400       1.00000  0.00     28.800    0
  -29.8640       1.3000       1.88300  40.80    28.720    1
  26.0780        0.0100       1.51400  42.83    30.620    1
  26.0780        7.2400       1.68893  31.16    30.620    1
  -111.7300      3.7000       1.00000  0.00     30.620    0
  -45.9310       1.4000       2.00100  29.13    31.540    1
  137.9250       0.0100       1.51400  42.83    36.700    1
  137.9250       3.9900       1.58313  59.50    36.700    1
  -618.3830      0.3000       1.00000  0.00     36.700    0
  254.2630       9.9000       1.51680  64.20    40.160    1
  -29.8380       11.4200      1.00000  0.00     40.160    0
