# Nikon Nikkor 300mm ED f/4.5
#
# Patent: JP1976-043917
# Converted from photonstophotos.net Optical Bench data
# 11 surfaces, 6 glass elements, f/4.5

name: Nikon Nikkor 300mm ED f/4.5
focal_length: 300.00

surfaces:
# radius       thickness    ior      abbe     semi_ap   coating
  133.0000       12.0000      1.50032  81.90    67.600    1
  -140.0000      4.0000       1.00000  0.00     67.600    0
  -128.0000      3.0000       1.61266  44.30    65.360    1
  70.0000        9.0000       1.63930  45.00    65.360    1
  316.3000       1.0000       1.00000  0.00     65.360    0
  82.7500        7.7000       1.50032  81.90    65.430    1
  322.4000       80.0000      1.00000  0.00     65.430    0
  stop           35.0000      1.00000  0.00     30.635    0
  -42.5600       1.0000       1.62041  60.30    30.150    1
  220.0000       3.5000       1.62004  36.30    30.150    1
  -91.1000       77.2800      1.00000  0.00     30.150    0
