# Nikon AF-S Nikkor 500mm f/4E FL ED VR
#
# Patent: JP2015-215560
# Converted from photonstophotos.net Optical Bench data
# 31 surfaces, 17 glass elements, f/4.1

name: Nikon AF-S Nikkor 500mm f/4E FL ED VR
focal_length: 490.00

surfaces:
# radius       thickness    ior      abbe     semi_ap   coating
  1200.3702      5.0000       1.51680  63.88    123.080   1
  1199.7895      1.0000       1.00000  0.00     123.080   0
  199.1542       13.2000      1.43385  95.25    121.480   1
  0              80.9000      1.00000  0.00     121.480   0
  121.5321       15.5000      1.43385  95.25    95.740    1
  -467.2393      2.0000       1.00000  0.00     95.740    0
  -468.0783      5.2000       1.61266  44.46    92.400    1
  374.4208       56.5200      1.00000  0.00     92.400    0
  78.9162        3.5000       1.69680  55.52    62.520    1
  45.5020        11.0000      1.49782  82.57    58.640    1
  253.2743       14.5050      1.00000  0.00     58.640    0
  0              2.5000       1.83400  37.18    48.400    1
  82.2217        3.9400       1.00000  0.00     46.050    0
  -408.7548      3.9000       1.80809  22.74    46.050    1
  -94.7190       2.5000       1.55298  55.07    46.340    1
  0              36.1050      1.00000  0.00     46.340    0
  stop           25.5500      1.00000  0.00     37.683    0
  96.5675        1.8000       1.80809  22.74    35.260    1
  47.0020        5.5000       1.49782  82.57    34.600    1
  -244.3862      4.5000       1.00000  0.00     34.600    0
  -634.0420      1.8000       1.62299  58.12    33.280    1
  142.8386       1.6500       1.00000  0.00     33.280    0
  -256.0190      4.7000       1.61266  44.46    33.620    1
  -42.1820       1.8000       1.49782  82.57    33.620    1
  69.5910        4.5000       1.00000  0.00     33.620    0
  45.6956        6.7000       1.61266  44.46    35.420    1
  -114.2817      12.9080      1.00000  0.00     35.420    0
  -62.3322       1.8000       1.83481  42.73    33.280    1
  50.3097        1.6540       1.00000  0.00     33.280    0
  63.8316        4.9000       1.80100  34.92    33.940    1
  -136.0401      87.7720      1.00000  0.00     33.940    0
