# Nikon Nikkor Z 50mm f/1.2 S
#
# Patent: WO2021-241230
# Converted from photonstophotos.net Optical Bench data
# 36 surfaces, 18 glass elements, f/1.2

name: Nikon Nikkor Z 50mm f/1.2 S
focal_length: 51.29

surfaces:
# radius       thickness    ior      abbe     semi_ap   coating
  280.6827       2.6500       1.64000  60.10    62.720    1
  46.0220        3.5400       1.00000  0.00     56.700    0
  50.8748        4.1900       1.94595  18.00    56.640    1
  62.2337        16.5100      1.00000  0.00     55.160    0
  -43.9885       3.2000       1.55298  55.10    55.160    1
  -158.3079      4.0500       1.00000  0.00     57.820    0
  -82.0141       6.7000       1.59349  67.00    59.680    1
  -52.7227       0.1000       1.00000  0.00     59.680    0
  0              0.0000       1.00000  0.00     58.560    0
  113.0447       10.8100      1.59349  67.00    62.660    1
  -113.0447      0.2000       1.00000  0.00     62.660    0
  75.4906        6.5400       1.59349  67.00    61.160    1
  275.3303       0.2000       1.00000  0.00     60.100    0
  48.8555        10.3500      1.59349  67.00    56.360    1
  571.4633       0.6800       1.00000  0.00     54.120    0
  290.1353       6.0400       1.59319  67.90    52.940    1
  -109.1100      2.1600       1.73800  32.30    51.040    1
  40.0413        7.7900       1.00000  0.00     43.220    0
  stop           19.1640      1.00000  0.00     40.849    0
  -37.0701       1.7000       1.72047  34.70    37.420    1
  -95.0321       0.2000       1.00000  0.00     38.120    0
  58.8597        6.2000       1.59319  67.90    39.080    1
  0              2.0000       1.00000  0.00     39.080    0
  391.6081       6.4600       1.59306  67.00    38.080    1
  -165.0000      2.6000       1.00000  0.00     38.080    0
  71.0000        4.0000       1.76450  49.10    39.180    1
  -430.7255      1.9000       1.00000  0.00     39.180    0
  137.7812       3.1000       1.61800  63.30    40.080    1
  795.3643       0.1000       1.00000  0.00     40.080    0
  87.9239        5.7000       1.90265  35.80    39.920    1
  -127.6800      1.8000       1.61266  44.50    39.580    1
  40.8977        7.7600       1.00000  0.00     37.280    0
  -64.5876       1.8000       1.51680  64.00    37.280    1
  423.8738       10.8100      1.00000  0.00     38.860    0
  0              1.6000       1.51680  63.90    44.560    1
  0              0.7020       1.00000  0.00     44.560    0
