# Nikon AF-S DX Nikkor 18-55mm f/3.5-5.6G VR II
#
# Patent: US20150185495
# Converted from photonstophotos.net Optical Bench data
# 22 surfaces, 12 glass elements, f/3.6

name: Nikon AF-S DX Nikkor 18-55mm f/3.5-5.6G VR II
focal_length: 18.11

surfaces:
# radius       thickness    ior      abbe     semi_ap   coating
  69.4400        2.0000       1.58913  61.22    37.800    1
  15.9000        0.1700       1.55389  38.09    28.920    1
  13.7490        10.0000      1.00000  0.00     28.640    0
  -284.7270      1.5000       1.65844  50.84    27.600    1
  39.3400        2.7000       1.00000  0.00     26.570    0
  31.8070        2.8000       1.84666  23.78    27.380    1
  65.6870        32.8800      1.00000  0.00     25.640    0
  -169.1970      2.0000       1.61272  58.54    16.550    1
  -33.5490       1.0000       1.00000  0.00     16.550    0
  18.4650        0.9000       1.90200  25.26    16.600    1
  13.3240        0.4000       1.00000  0.00     16.150    0
  13.8500        3.8000       1.59319  67.90    16.150    1
  205.7000       2.8700       1.00000  0.00     14.190    0
  stop           1.5000       1.00000  0.00     12.439    0
  -66.5400       2.6000       1.80518  25.45    12.950    1
  -13.1930       0.8000       1.83400  37.18    12.770    1
  52.4520        13.0600      1.00000  0.00     12.770    0
  -110.1040      2.8000       1.48749  70.31    16.210    1
  -17.3700       0.1000       1.00000  0.00     16.210    0
  81.5500        4.2000       1.51680  63.88    17.040    1
  -15.0150       1.3000       1.83400  37.18    17.040    1
  -54.3060       38.5800      1.00000  0.00     18.010    0
