# Nikon R-UW AF Fisheye-Nikkor 13mm f/2.8
#
# Patent: US005579169
# Converted from photonstophotos.net Optical Bench data
# 18 surfaces, 10 glass elements, f/2.9

name: Nikon R-UW AF Fisheye-Nikkor 13mm f/2.8
focal_length: 12.32

surfaces:
# radius       thickness    ior      abbe     semi_ap   coating
  54.9880        8.0000       1.51680  64.10    98.550    1
  39.9990        20.0000      1.00000  0.00     75.970    0
  107.5190       3.0000       1.67025  57.50    59.000    1
  17.8410        12.0000      1.00000  0.00     33.430    0
  62.1070        2.3000       1.69680  55.60    32.080    1
  17.2360        2.4000       1.00000  0.00     23.960    0
  30.4920        10.9000      1.59507  35.50    26.010    1
  -16.1040       13.5000      1.79668  45.40    26.010    1
  -37.2790       7.1000       1.00000  0.00     21.170    0
  stop           3.2000       1.00000  0.00     14.265    0
  77.9170        1.5000       1.79631  40.90    17.880    1
  20.5370        4.7000       1.51860  69.90    17.880    1
  -50.5760       1.0000       1.00000  0.00     18.300    0
  76.2260        5.2000       1.51680  69.90    19.090    1
  -16.2370       1.5000       1.80518  25.30    19.090    1
  -23.3120       1.5000       1.00000  0.00     20.650    0
  0              1.2000       1.51680  64.10    21.500    1
  0              39.3400      1.00000  0.00     21.500    0
