# US 5,253,112 Example 1 with Main Lens
#
# Patent: US005253112
# Converted from photonstophotos.net Optical Bench data
# 38 surfaces, 20 glass elements, f/5.8

name: US 5,253,112 Example 1 with Main Lens
focal_length: 588.00

surfaces:
# radius       thickness    ior      abbe     semi_ap   coating
  0              4.0000       1.51680  64.12    103.580   1
  0              0.6000       1.00000  0.00     103.580   0
  117.2149       14.4000      1.49782  82.56    101.740   1
  9900.1393      0.3000       1.00000  0.00     101.740   0
  121.6819       16.8000      1.49782  82.56    96.820    1
  -409.9357      4.1000       1.00000  0.00     96.820    0
  -335.1684      4.7000       1.74950  35.19    90.880    1
  478.7001       34.7201      1.00000  0.00     90.880    0
  105.7846       3.5000       1.69600  55.61    65.540    1
  35.5470        14.4000      1.59319  67.87    57.860    1
  180.4641       5.0414       1.00000  0.00     57.860    0
  -13034.1170    6.6000       1.80384  33.89    50.420    1
  -80.5737       2.3000       1.58913  61.68    49.140    1
  119.9994       5.1000       1.00000  0.00     49.140    0
  -174.1887      2.3000       1.67025  57.58    43.520    1
  65.0696        15.9559      1.00000  0.00     43.520    0
  147.2978       7.6000       1.49782  82.56    41.720    1
  -71.7509       2.5000       1.00000  0.00     41.720    0
  -54.4162       2.3000       1.80450  25.49    41.720    1
  -175.6164      9.4000       1.00000  0.00     41.720    0
  -269.7710      5.4000       1.74000  28.27    41.460    1
  -66.8426       14.4000      1.00000  0.00     41.460    0
  stop           19.2000      1.00000  0.00     34.611    0
  0              2.0000       1.51680  64.12    34.300    1
  0              30.0000      1.00000  0.00     34.300    0
  171.6366       3.0000       1.60342  38.12    28.280    1
  -77.1275       2.0000       1.00000  0.00     28.280    0
  -84.3980       2.0000       1.79668  45.42    26.060    1
  22.4963        1.5000       1.00000  0.00     26.060    0
  26.7257        5.1000       1.59507  35.51    25.520    1
  -57.4817       7.8000       1.00000  0.00     25.520    0
  -39.4253       2.0000       1.84042  43.30    25.920    1
  24.9311        6.0000       1.57501  41.55    29.200    1
  -105.6051      3.9000       1.00000  0.00     29.200    0
  84.0445        10.0000      1.48749  70.24    35.520    1
  -25.8484       0.2000       1.00000  0.00     35.520    0
  -139.9927      2.5000       1.74810  52.28    34.780    1
  94.2001        57.7500      1.00000  0.00     34.780    0
