# JP 2017-156432 Example 2
#
# Patent: JP2017-156432
# Converted from photonstophotos.net Optical Bench data
# 29 surfaces, 16 glass elements, f/0.9

name: JP 2017-156432 Example 2
focal_length: 51.60

surfaces:
# radius       thickness    ior      abbe     semi_ap   coating
  171.5584       6.9000       1.70154  41.00    89.440    1
  59.2229        18.1840      1.00000  0.00     78.560    0
  -308.3053      9.0000       1.51680  63.90    78.240    1
  63.6075        15.0000      1.80400  46.60    78.240    1
  85.4730        2.0000       1.00000  0.00     76.640    0
  82.5299        13.8500      1.91082  35.30    77.960    1
  -903.6289      9.3460       1.00000  0.00     77.960    0
  118.3410       11.0000      1.88300  40.70    75.680    1
  315.3093       15.7000      1.00000  0.00     75.680    0
  250.3886       18.0000      1.60311  60.70    66.180    1
  -43.9749       4.0000       1.68893  31.20    65.400    1
  150.7049       7.9430       1.00000  0.00     65.400    0
  stop           12.0730      1.00000  0.00     59.547    0
  -51.5989       2.0000       1.72825  28.30    60.020    1
  1760.6530      2.0790       1.00000  0.00     65.030    0
  -1780.8512     8.3000       1.77250  49.50    65.030    1
  -91.7344       0.1000       1.00000  0.00     67.840    0
  133.8867       2.0000       1.60342  38.00    77.760    1
  64.4424        24.2000      1.49782  82.60    77.760    1
  -74.0416       0.1000       1.00000  0.00     77.760    0
  189.1714       9.7880       1.75520  27.60    74.300    1
  -158.3732      2.0000       1.00000  0.00     74.300    0
  60.0111        16.0000      1.74400  44.80    65.860    1
  -121.1427      10.0000      1.67270  32.20    64.020    1
  31.8846        5.1700       1.00000  0.00     46.270    0
  56.0793        8.3700       1.69350  53.20    46.270    1
  79.4142        18.1900      1.00000  0.00     47.750    0
  0              2.0000       1.51680  63.90    45.180    1
  0              0.1000       1.00000  0.00     45.180    0
