# Nikon AF-S Zoom-Nikkor 180-400mm f/4E TC1.4 FL ED VR without TC
#
# Patent: WO2019-131992
# Converted from photonstophotos.net Optical Bench data
# 51 surfaces, 29 glass elements, f/4.1

name: Nikon AF-S Zoom-Nikkor 180-400mm f/4E TC1.4 FL ED VR without TC
focal_length: 183.59

surfaces:
# radius       thickness    ior      abbe     semi_ap   coating
  1200.3704      5.0000       1.51680  63.88    109.780   1
  1199.7897      4.1690       1.00000  0.00     109.780   0
  197.9192       13.0000      1.43384  95.25    106.440   1
  -933.8076      0.2000       1.00000  0.00     106.440   0
  136.8340       17.0000      1.49782  82.57    99.100    1
  -452.9162      2.0000       1.00000  0.00     99.100    0
  -429.8604      4.5000       1.74951  35.33    94.100    1
  592.2110       31.9660      1.00000  0.00     94.100    0
  97.5670        3.5000       1.77250  49.62    71.440    1
  57.6020        13.9000      1.49782  82.57    67.440    1
  517.6213       7.3410       1.00000  0.00     67.440    0
  -294.9583      3.5000       1.80610  33.27    62.100    1
  -148.0370      3.0000       1.48749  70.31    60.780    1
  78.5329        28.0850      1.00000  0.00     59.440    0
  0              4.3000       1.72916  54.61    51.780    1
  -170.0659      2.1000       1.00000  0.00     51.780    0
  0              2.0000       1.88100  40.15    35.780    1
  61.3278        3.9020       1.00000  0.00     34.000    0
  -104.8855      2.0000       1.49782  82.57    34.000    1
  62.6360        4.9600       1.78472  25.71    36.100    1
  -595.2377      2.0110       1.00000  0.00     36.100    0
  -70.6303       2.0000       1.49782  82.57    37.100    1
  0              43.2990      1.00000  0.00     37.100    0
  163.5419       4.5000       1.56883  56.00    37.700    1
  -105.1706      0.1000       1.00000  0.00     37.700    0
  423.8484       5.2000       1.49782  82.57    37.560    1
  -67.2210       2.0000       1.92119  23.96    37.560    1
  -143.0406      9.9200       1.00000  0.00     37.560    0
  stop           6.9710       1.00000  0.00     34.210    0
  91.4660        1.7000       1.95375  32.33    35.100    1
  39.6230        6.2000       1.59319  67.90    34.420    1
  -294.7417      3.8400       1.00000  0.00     34.420    0
  -611.6338      4.0000       1.80809  22.74    36.740    1
  -69.2250       1.8000       1.49782  82.57    36.460    1
  745.1174       1.6930       1.00000  0.00     32.920    0
  -101.7919      1.8000       1.83400  37.18    32.920    1
  162.5106       4.0000       1.00000  0.00     35.920    0
  101.0951       4.9000       1.69895  30.06    32.300    1
  -75.9080       1.8000       1.95375  32.33    32.300    1
  2101.3821      0.1000       1.00000  0.00     32.300    0
  71.9280        2.9000       1.54814  45.79    32.560    1
  137.9720       39.2630      1.00000  0.00     32.560    0
  363.8149       7.5000       1.75500  52.34    37.420    1
  -37.3640       2.0000       1.79500  45.31    37.420    1
  -83.4857       5.4600       1.00000  0.00     37.420    0
  0              1.5000       1.51680  63.88    36.820    1
  0              5.5470       1.00000  0.00     36.820    0
  77.0498        4.1000       1.49782  82.57    35.500    1
  579.0211       12.5180      1.00000  0.00     35.500    0
  -66.8748       1.9000       2.00100  29.12    32.180    1
  321.1806       53.1800      1.00000  0.00     32.180    0
