# Nikon AF-S Nikkor 85mm f/1.4G
#
# Patent: US008767319
# Converted from photonstophotos.net Optical Bench data
# 20 surfaces, 10 glass elements, f/1.4

name: Nikon AF-S Nikkor 85mm f/1.4G
focal_length: 85.00

surfaces:
# radius       thickness    ior      abbe     semi_ap   coating
  54.2310        9.4300       1.62041  60.30    61.720    1
  281.1690       0.3000       1.00000  0.00     61.720    0
  39.2210        9.6400       1.80400  46.60    53.500    1
  54.9440        3.7080       1.00000  0.00     48.140    0
  72.0630        2.0900       1.80610  33.30    44.930    1
  26.2070        17.3060      1.00000  0.00     38.500    0
  55.9740        2.3100       1.83481  42.70    36.350    1
  105.8510       2.8140       1.00000  0.00     36.350    0
  stop           5.9350       1.00000  0.00     33.999    0
  -40.0010       1.2000       1.69895  30.10    34.210    1
  67.0720        5.1370       1.00000  0.00     34.210    0
  -426.2370      3.0700       1.88300  40.80    36.350    1
  -71.4480       0.1500       1.00000  0.00     36.350    0
  71.6730        6.8730       1.72916  54.70    37.960    1
  -58.3400       1.7000       1.00000  0.00     37.960    0
  -66.6000       3.7000       1.90366  31.30    35.280    1
  -37.9630       1.6900       1.64769  33.80    35.280    1
  51.0670        2.2670       1.00000  0.00     35.280    0
  85.9570        6.0000       1.83400  37.20    33.490    1
  -85.9570       41.0500      1.00000  0.00     33.490    0
