# Nikon AF-S Nikkor 24-120mm f/4G ED VR
#
# Patent: US20100220400
# Converted from photonstophotos.net Optical Bench data
# 31 surfaces, 17 glass elements, f/4.1

name: Nikon AF-S Nikkor 24-120mm f/4G ED VR
focal_length: 24.70

surfaces:
# radius       thickness    ior      abbe     semi_ap   coating
  207.8010       2.0000       1.84666  23.77    61.140    1
  84.2787        7.5950       1.59319  67.87    59.100    1
  -1502.5800     0.1000       1.00000  0.00     59.100    0
  57.9483        5.6000       1.75500  52.29    55.260    1
  142.1986       2.8990       1.00000  0.00     55.260    0
  1030.3484      1.2000       1.81600  46.63    31.440    1
  15.8302        8.0180       1.00000  0.00     23.730    0
  -31.9349       1.0000       1.79500  45.30    23.730    1
  -78.0281       0.1000       1.00000  0.00     23.730    0
  60.0996        4.2000       1.84666  23.77    23.000    1
  -33.4080       0.5370       1.00000  0.00     21.980    0
  -28.4260       1.0000       1.80610  40.94    21.980    1
  1638.3373      24.0170      1.00000  0.00     21.980    0
  51.6280        2.6000       1.75500  52.29    23.260    1
  -725.4606      1.4000       1.00000  0.00     23.260    0
  stop           0.5000       1.00000  0.00     14.387    0
  30.6214        3.0000       1.84666  23.77    23.500    1
  17.0593        6.6000       1.48749  70.45    22.740    1
  -88.0490       0.1000       1.00000  0.00     22.740    0
  42.1543        3.4000       1.59319  67.87    22.480    1
  -433.2258      1.7790       1.00000  0.00     22.480    0
  -54.3056       3.5000       1.85026  32.35    18.140    1
  -17.0745       1.0000       1.75500  52.29    18.140    1
  85.6576        3.0000       1.00000  0.00     18.140    0
  -54.2304       1.0000       1.71300  53.89    20.700    1
  -943.5177      8.3420       1.00000  0.00     20.700    0
  88.1343        5.7340       1.58913  61.18    26.320    1
  -24.2775       0.1000       1.00000  0.00     26.320    0
  -207.7437      6.5090       1.48749  70.45    26.320    1
  -19.8055       1.0000       1.85026  32.35    28.120    1
  -73.8800       38.4960      1.00000  0.00     28.120    0
