# Nikon AI Nikkor 50mm f/1.8
#
# Patent: US004514051
# Converted from photonstophotos.net Optical Bench data
# 12 surfaces, 6 glass elements, f/1.8

name: Nikon AI Nikkor 50mm f/1.8
focal_length: 51.60

surfaces:
# radius       thickness    ior      abbe     semi_ap   coating
  41.0000        4.6000       1.79631  40.80    33.640    1
  197.9000       0.1000       1.00000  0.00     33.640    0
  21.4000        4.7000       1.78797  47.50    27.760    1
  32.6000        1.0000       1.00000  0.00     25.240    0
  51.0000        1.1000       1.74000  28.20    25.240    1
  16.2000        7.9000       1.00000  0.00     20.910    0
  stop           5.2000       1.00000  0.00     20.077    0
  -16.5000       1.3000       1.74000  28.20    19.830    1
  -100.0000      5.4000       1.74443  49.50    23.340    1
  -20.6400       0.1000       1.00000  0.00     24.900    0
  204.3000       3.4500       1.79631  40.80    24.300    1
  -49.6500       37.6054      1.00000  0.00     24.300    0
