# Nikon Nikkor Z 58mm f/0.95 S Noct
#
# Patent: WO2019-229849
# Converted from photonstophotos.net Optical Bench data
# 30 surfaces, 18 glass elements, f/1.0

name: Nikon Nikkor Z 58mm f/0.95 S Noct
focal_length: 59.62

surfaces:
# radius       thickness    ior      abbe     semi_ap   coating
  108.4880       7.6500       1.90265  35.77    66.800    1
  -848.5500      2.8000       1.55298  55.07    65.820    1
  50.2520        18.1200      1.00000  0.00     57.940    0
  -60.7200       2.8000       1.61266  44.46    58.280    1
  2497.5000      9.1500       1.59319  67.90    65.320    1
  -77.2390       0.4000       1.00000  0.00     65.320    0
  113.7630       10.9500      1.84850  43.79    70.900    1
  -178.0600      0.4000       1.00000  0.00     70.900    0
  70.6590        9.7400       1.59319  67.90    65.000    1
  -1968.5000     0.2000       1.00000  0.00     65.000    0
  289.6870       8.0000       1.59319  67.90    61.060    1
  -97.0870       2.8000       1.73800  32.33    59.420    1
  47.0740        8.7000       1.00000  0.00     50.240    0
  stop           5.2900       1.00000  0.00     47.918    0
  -95.2300       2.2000       1.61266  44.46    49.920    1
  41.2040        11.5500      1.49782  82.57    49.920    1
  -273.0920      0.2000       1.00000  0.00     49.920    0
  76.1730        9.5000       1.88300  40.69    51.120    1
  -101.5750      0.2000       1.00000  0.00     51.120    0
  176.1280       7.4500       1.95375  32.33    46.800    1
  -67.2210       1.8000       1.73800  32.33    45.360    1
  55.5100        2.6800       1.00000  0.00     39.840    0
  71.4130        6.3500       1.88300  40.69    39.460    1
  -115.0250      1.8100       1.69895  30.13    39.460    1
  46.9430        0.8000       1.00000  0.00     39.460    0
  55.2810        9.1100       1.88300  40.69    38.940    1
  -144.0410      3.0000       1.76554  46.76    38.280    1
  52.8580        14.5000      1.00000  0.00     38.280    0
  0              1.6000       1.51680  64.14    44.300    1
  0              1.0000       1.00000  0.00     44.300    0
