# Nikon R-UW AF Zoom-Nikkor 20-35mm f/2.8
#
# Patent: US005490012
# Converted from photonstophotos.net Optical Bench data
# 21 surfaces, 10 glass elements, f/2.9

name: Nikon R-UW AF Zoom-Nikkor 20-35mm f/2.8
focal_length: 20.60

surfaces:
# radius       thickness    ior      abbe     semi_ap   coating
  111.6000       20.0000      1.51680  64.10    114.360   1
  255.0800       7.9672       1.00000  0.00     99.460    0
  60.2300        3.0000       1.79668  45.40    65.400    1
  26.2300        15.0000      1.00000  0.00     45.520    0
  2180.8360      2.0000       1.77279  49.40    47.700    1
  38.8460        7.0000       1.00000  0.00     41.580    0
  40.5650        5.6000       1.71736  29.50    42.900    1
  100.3160       31.5678      1.00000  0.00     42.900    0
  49.4710        6.0000       1.66755  42.00    22.160    1
  -69.2740       1.1000       1.00000  0.00     22.160    0
  stop           1.1000       1.00000  0.00     16.877    0
  29.4290        5.5000       1.62041  60.20    20.160    1
  70.5820        2.0000       1.00000  0.00     20.160    0
  -35.2000       7.0000       1.80518  25.40    18.580    1
  37.9480        1.7000       1.00000  0.00     18.580    0
  -85.8560       4.0000       1.69680  55.60    19.280    1
  -37.1790       0.4000       1.00000  0.00     19.280    0
  327.0700       4.3000       1.74810  52.30    21.980    1
  -33.2370       1.1021       1.00000  0.00     21.980    0
  0              1.3000       1.51680  64.10    28.180    1
  0              38.5630      1.00000  0.00     28.180    0
