# Nikon AF-S Nikkor 28-300mm f/3.5-5.6G ED VR
#
# Patent: US20100220400
# Converted from photonstophotos.net Optical Bench data
# 35 surfaces, 20 glass elements, f/3.6

name: Nikon AF-S Nikkor 28-300mm f/3.5-5.6G ED VR
focal_length: 28.79

surfaces:
# radius       thickness    ior      abbe     semi_ap   coating
  125.8687       2.0000       1.90366  31.27    64.610    1
  68.2116        9.3000       1.49782  82.56    59.860    1
  -1478.5570     0.1000       1.00000  0.00     59.860    0
  68.1452        6.7000       1.60300  65.47    56.480    1
  484.4905       2.5340       1.00000  0.00     56.480    0
  590.8560       1.3000       1.76546  46.73    33.550    1
  18.5437        7.0000       1.00000  0.00     25.080    0
  -38.3401       1.0000       1.80400  46.58    25.080    1
  -310.1534      0.1000       1.00000  0.00     25.080    0
  38.1237        4.8500       1.84666  23.78    23.550    1
  -44.8791       0.9500       1.00000  0.00     23.550    0
  -29.4340       1.0000       1.80400  46.58    21.920    1
  99.9238        30.3410      1.00000  0.00     21.920    0
  stop           0.5000       1.00000  0.00     20.224    0
  53.3960        3.4000       1.72916  54.66    23.160    1
  -92.1030       0.1000       1.00000  0.00     23.160    0
  39.7508        5.0000       1.49782  82.56    23.160    1
  -41.4651       1.0000       1.84666  23.78    22.580    1
  -356.7126      0.1000       1.00000  0.00     22.580    0
  32.9053        1.4000       1.81600  46.63    22.580    1
  15.5333        6.6000       1.51823  58.89    21.500    1
  -67.2953       2.9610       1.00000  0.00     21.500    0
  -79.1792       1.0000       1.77250  49.61    17.120    1
  15.8779        3.0000       1.85026  32.34    16.700    1
  51.8482        4.8880       1.00000  0.00     16.700    0
  -23.4054       0.1900       1.55389  38.09    17.800    1
  -23.4054       1.2000       1.72916  54.66    17.800    1
  -47.5480       6.1520       1.00000  0.00     17.800    0
  83.9836        5.6000       1.56384  60.69    24.920    1
  -26.4280       0.3000       1.00000  0.00     24.920    0
  59.3963        6.9000       1.54814  45.79    25.180    1
  -21.2296       1.1000       1.90366  31.27    25.180    1
  -43.5914       1.6000       1.00000  0.00     25.180    0
  -28.9812       1.3000       1.82080  42.64    25.040    1
  -136.6351      38.4220      1.00000  0.00     25.980    0
