# Nikon AF-P DX Nikkor 70-300mm f4.5-6.3G ED VR
#
# Patent: US20210026133
# Converted from photonstophotos.net Optical Bench data
# 25 surfaces, 14 glass elements, f/4.7

name: Nikon AF-P DX Nikkor 70-300mm f4.5-6.3G ED VR
focal_length: 72.10

surfaces:
# radius       thickness    ior      abbe     semi_ap   coating
  93.8410        5.6000       1.51680  63.88    47.480    1
  -447.9150      0.2000       1.00000  0.00     47.480    0
  112.3030       1.7000       1.61155  31.26    45.760    1
  39.0240        8.0000       1.51742  52.20    43.880    1
  262.5000       2.3060       1.00000  0.00     43.880    0
  -239.0350      1.3000       1.69680  55.52    24.780    1
  20.1590        4.0000       1.80809  22.74    23.240    1
  61.0460        2.0380       1.00000  0.00     21.510    0
  -54.5370       1.4000       1.85026  32.35    21.510    1
  167.4550       32.7270      1.00000  0.00     23.240    0
  102.6360       3.4000       1.58913  61.22    25.460    1
  -68.8990       10.1120      1.00000  0.00     25.460    0
  39.2180        5.5000       1.49700  81.73    24.600    1
  -39.2120       1.3000       1.85026  32.35    24.260    1
  207.5430       0.2000       1.00000  0.00     24.260    0
  51.6300        3.7000       1.48749  70.31    23.740    1
  -98.2160       0.9000       1.00000  0.00     23.740    0
  stop           23.2970      1.00000  0.00     21.565    0
  -79.9410       3.3000       1.80100  34.92    16.240    1
  -17.9910       1.0000       1.70000  48.11    15.900    1
  29.9770        2.0000       1.00000  0.00     15.900    0
  35.5730        3.5000       1.60342  38.03    16.100    1
  -52.7810       6.6996       1.00000  0.00     16.100    0
  -20.5380       1.2000       1.77250  49.62    16.700    1
  -34.6570       43.2940      1.00000  0.00     17.220    0
