# Nikon AF-S Nikkor 24mm f/1.4G ED
#
# Patent: US008416512
# Converted from photonstophotos.net Optical Bench data
# 25 surfaces, 14 glass elements, f/1.4

name: Nikon AF-S Nikkor 24mm f/1.4G ED
focal_length: 24.68

surfaces:
# radius       thickness    ior      abbe     semi_ap   coating
  45.9690        2.0700       1.80610  33.27    53.400    1
  23.9640        5.2200       1.00000  0.00     43.240    0
  31.7810        2.5000       1.77250  49.36    43.020    1
  21.1800        17.4480      1.00000  0.00     38.520    0
  -37.7500       4.6600       1.60311  60.69    36.420    1
  -41.6350       3.0000       1.00000  0.00     37.460    0
  50.8680        7.1000       1.80518  25.46    34.540    1
  -534.8110      4.9710       1.00000  0.00     34.540    0
  -1096.9360     1.6000       1.49700  81.61    34.320    1
  45.5810        3.9850       1.00000  0.00     34.320    0
  35.5420        7.9850       1.72916  54.67    36.100    1
  -74.5650       0.1500       1.00000  0.00     34.840    0
  -358.9530      5.0000       1.60625  63.71    33.800    1
  -32.9900       0.0100       1.51400  42.83    33.280    1
  -32.9900       1.1000       1.67270  32.17    33.280    1
  69.8970        4.1260       1.00000  0.00     33.280    0
  stop           6.2290       1.00000  0.00     27.347    0
  -22.5230       1.2000       1.71736  29.50    28.280    1
  46.3620        0.0100       1.51400  42.83    31.900    1
  46.3620        5.0930       1.77250  49.36    31.900    1
  -54.6450       1.0880       1.00000  0.00     31.900    0
  214.2200       6.4960       1.59319  67.90    33.660    1
  -30.8940       0.1500       1.00000  0.00     33.660    0
  -49.4840       3.8450       1.69680  55.46    33.900    1
  -30.6530       37.8650      1.00000  0.00     33.900    0
