# Nikon TC-301
#
# Patent: JP1980-166613
# Converted from photonstophotos.net Optical Bench data
# 10 surfaces, 5 glass elements

name: Nikon TC-301
focal_length: 50.00

surfaces:
# radius       thickness    ior      abbe     semi_ap   coating
  179.7090       3.7000       1.59507  35.60    28.370    1
  -90.8270       2.0000       1.00000  0.00     28.370    0
  -109.0970      2.1000       1.74443  49.40    28.370    1
  32.5200        2.1000       1.00000  0.00     28.370    0
  40.5600        4.2000       1.59507  35.60    28.370    1
  99.0490        66.2400      1.00000  0.00     28.370    0
  317.6400       6.2000       1.50137  56.50    41.820    1
  -55.2660       0.2000       1.00000  0.00     41.820    0
  -195.7540      1.8000       1.80454  39.50    41.820    1
  267.7160       63.1100      1.00000  0.00     41.820    0
