# Nikon AF-S DX Nikkor 18-105mm f/3.5-5.6G ED VR
#
# Patent: WO2021-039812
# Converted from photonstophotos.net Optical Bench data
# 29 surfaces, 16 glass elements, f/3.6

name: Nikon AF-S DX Nikkor 18-105mm f/3.5-5.6G ED VR
focal_length: 18.45

surfaces:
# radius       thickness    ior      abbe     semi_ap   coating
  123.0748       1.8000       1.80518  25.43    53.660    1
  58.2630        6.6500       1.60311  60.68    50.940    1
  1138.2722      0.1000       1.00000  0.00     50.940    0
  59.8952        4.4000       1.66106  56.09    45.980    1
  263.2417       1.9250       1.00000  0.00     45.980    0
  161.2961       0.2000       1.55389  38.09    29.540    1
  135.3684       1.2000       1.80610  40.94    29.540    1
  14.0958        6.0500       1.00000  0.00     21.680    0
  -74.9323       1.0000       1.80610  40.94    21.680    1
  28.3988        0.8500       1.00000  0.00     21.680    0
  23.8014        5.5000       1.84666  23.78    22.560    1
  -38.6530       0.2000       1.00000  0.00     22.120    0
  -33.8807       1.0000       1.80610  40.94    22.020    1
  94.5735        24.9410      1.00000  0.00     22.020    0
  stop           0.4000       1.00000  0.00     13.518    0
  31.0087        1.2000       1.75520  27.51    15.140    1
  15.8999        4.4000       1.49782  82.56    15.140    1
  -53.0423       0.1000       1.00000  0.00     15.140    0
  28.4992        2.5000       1.61800  63.38    14.920    1
  -146.7710      2.0330       1.00000  0.00     14.920    0
  -57.7504       0.8000       1.72916  54.66    14.040    1
  13.0400        2.4000       1.85026  32.35    13.920    1
  35.6734        3.4000       1.00000  0.00     13.920    0
  0              10.4130      1.00000  0.00     20.040    0
  -262.4339      3.5000       1.51680  64.12    21.900    1
  -22.7054       0.4000       1.00000  0.00     21.900    0
  51.9563        6.7000       1.48749  70.45    22.380    1
  -16.7199       1.2000       1.85026  32.35    22.380    1
  -68.5435       38.2660      1.00000  0.00     22.380    0
