# Nikon 1 Nikkor VR 10-100mm f4-5.6
#
# Patent: US20200348497
# Converted from photonstophotos.net Optical Bench data
# 33 surfaces, 20 glass elements, f/4.1

name: Nikon 1 Nikkor VR 10-100mm f4-5.6
focal_length: 10.30

surfaces:
# radius       thickness    ior      abbe     semi_ap   coating
  145.1830       1.7000       2.00100  29.14    44.810    1
  36.6390        8.1000       1.49782  82.57    40.090    1
  -399.3520      0.1000       1.00000  0.00     40.090    0
  43.2080        6.0000       1.88300  40.66    39.390    1
  0              2.1061       1.00000  0.00     39.390    0
  436.5970       0.1000       1.55389  38.09    19.460    1
  87.0030        1.1000       1.83481  42.73    19.460    1
  8.3000         5.3500       1.00000  0.00     13.350    0
  -12.6070       1.0000       1.75500  52.34    13.350    1
  -32.7990       0.8000       1.00000  0.00     16.030    0
  41.1200        2.9500       1.80809  22.74    13.540    1
  -19.6040       0.9000       1.88300  40.66    13.540    1
  -73.1320       19.6642      1.00000  0.00     13.540    0
  stop           4.2787       1.00000  0.00     8.120     0
  22.3730        0.9000       1.90265  35.73    13.010    1
  12.2300        3.4500       1.67003  47.14    13.010    1
  -59.6990       3.4376       1.00000  0.00     13.010    0
  13.7390        3.6000       1.49782  82.57    12.890    1
  -24.8200       0.9000       2.00069  25.46    12.890    1
  -270.0140      2.2000       1.00000  0.00     12.890    0
  -117.0550      2.0500       1.84666  23.80    12.220    1
  -15.9850       1.0000       1.77377  47.25    12.220    1
  24.1750        2.0840       1.00000  0.00     12.220    0
  66.3650        2.8000       1.56883  56.00    11.550    1
  -15.4470       0.1000       1.00000  0.00     11.550    0
  44.9940        2.7500       1.51742  52.20    12.330    1
  -15.2010       0.9000       1.90366  31.27    12.330    1
  29.9930        0.3000       1.00000  0.00     12.330    0
  14.6090        5.0500       1.67270  32.19    12.190    1
  -9.2000        0.9000       2.00069  25.46    12.190    1
  -24.3890       1.4000       1.00000  0.00     12.190    0
  -12.8620       1.0000       1.85135  40.10    11.330    1
  -27.4950       14.0569      1.00000  0.00     12.830    0
