# Nikon AI Nikkor 600mm f/5.6 IF-ED
#
# Patent: JP1981-035116
# Converted from photonstophotos.net Optical Bench data
# 14 surfaces, 7 glass elements, f/5.6

name: Nikon AI Nikkor 600mm f/5.6 IF-ED
focal_length: 600.00

surfaces:
# radius       thickness    ior      abbe     semi_ap   coating
  179.2680       14.5020      1.50032  81.90    113.520   1
  -423.2400      0.3000       1.00000  0.00     113.520   0
  171.2520       14.1000      1.50032  81.90    106.620   1
  -475.0020      3.1020       1.00000  0.00     106.620   0
  -360.0000      4.9980       1.74950  35.00    102.960   1
  447.7620       97.5300      1.00000  0.00     102.960   0
  -171.4680      6.4980       1.69895  30.00    51.360    1
  -70.8900       2.2980       1.51680  64.20    51.360    1
  482.2680       4.0020       1.00000  0.00     51.360    0
  -390.0000      3.0000       1.69680  55.60    49.140    1
  107.4540       13.7780      1.00000  0.00     49.140    0
  stop           4.0000       1.00000  0.00     43.482    0
  -313.8000      4.5000       1.57000  70.10    47.580    1
  -95.7660       103.2840     1.00000  0.00     47.580    0
