# Nikon Nikkor 15mm f/5.6
#
# Patent: JP1973-071634
# Converted from photonstophotos.net Optical Bench data
# 29 surfaces, 15 glass elements, f/5.6

name: Nikon Nikkor 15mm f/5.6
focal_length: 15.30

surfaces:
# radius       thickness    ior      abbe     semi_ap   coating
  48.1500        3.1000       1.78764  47.50    80.000    1
  32.8000        10.3000      1.00000  0.00     62.140    0
  46.2400        9.5000       1.71341  53.90    62.140    1
  138.8600       0.1000       1.00000  0.00     62.140    0
  28.0000        1.0000       1.69320  53.50    42.550    1
  17.3000        4.4000       1.00000  0.00     31.740    0
  22.9000        1.0000       1.69320  53.50    33.310    1
  14.2900        3.2000       1.00000  0.00     24.970    0
  18.7000        1.0000       1.69684  55.60    26.550    1
  12.8700        6.3000       1.00000  0.00     20.860    0
  0              1.2000       1.51743  0.00     20.000    1
  0              0.7000       1.00000  0.00     20.000    0
  -449.3200      0.8000       1.84131  43.30    18.180    1
  13.6700        12.0000      1.54800  45.90    16.450    1
  -19.1000       0.1000       1.00000  0.00     16.450    0
  20.3100        0.8000       1.69684  55.60    11.360    1
  8.8800         2.5000       1.00000  0.00     11.360    0
  13.4000        2.8000       1.59483  35.60    10.260    1
  -12.5000       1.3000       1.59160  58.20    10.260    1
  0              1.6000       1.00000  0.00     8.750     0
  stop           1.0000       1.00000  0.00     6.670     0
  0              5.1000       1.59508  35.60    8.410     1
  -11.9600       0.9000       1.00000  0.00     11.560    0
  -13.4000       1.8000       1.86142  23.10    9.180     1
  34.5000        0.6000       1.00000  0.00     11.740    0
  -190.0500      2.5000       1.44772  67.20    13.390    1
  -10.8600       0.1000       1.00000  0.00     13.390    0
  315.5000       5.7000       1.50976  63.40    20.660    1
  -23.8600       38.3300      1.00000  0.00     20.660    0
