# Nikon PC Nikkor 19mm f/4E ED
#
# Patent: JP2017-161685
# Converted from photonstophotos.net Optical Bench data
# 31 surfaces, 18 glass elements, f/4.1

name: Nikon PC Nikkor 19mm f/4E ED
focal_length: 19.23

surfaces:
# radius       thickness    ior      abbe     semi_ap   coating
  44.0390        3.5000       1.69680  55.46    69.940    1
  30.1470        6.9800       1.00000  0.00     55.760    0
  34.6450        3.0000       1.69680  55.46    53.920    1
  22.9110        6.8900       1.00000  0.00     42.420    0
  34.9070        3.0000       1.58313  59.39    41.080    1
  13.2540        10.4600      1.00000  0.00     33.780    0
  291.4800       2.0600       1.49700  81.61    33.780    1
  20.9260        4.6300       1.00000  0.00     27.400    0
  51.3800        9.6100       1.64769  33.84    24.040    1
  -15.1520       4.7800       1.90366  31.32    24.040    1
  47.3680        0.3100       1.00000  0.00     21.980    0
  30.0480        5.0100       1.83481  42.72    21.980    1
  18.4450        6.7000       1.65412  39.68    19.360    1
  -26.8450       1.6500       1.00000  0.00     19.360    0
  27.9390        2.2800       1.64769  33.84    17.450    1
  55.6560        7.5700       1.00000  0.00     17.450    0
  stop           2.3200       1.00000  0.00     14.821    0
  46.0350        3.0500       1.59270  35.44    17.250    1
  -31.5620       1.0800       1.00000  0.00     17.250    0
  -24.8310       1.2000       1.77250  49.62    15.920    1
  15.6320        4.5200       1.51742  52.15    15.640    1
  -28.2550       1.0000       1.91082  35.25    15.640    1
  391.8260       0.1500       1.00000  0.00     17.950    0
  32.6240        5.8100       1.49700  81.61    19.990    1
  -24.2840       0.1500       1.00000  0.00     19.990    0
  157.6420       1.2000       1.83481  42.72    23.930    1
  18.6630        11.0000      1.49700  81.61    23.930    1
  -24.8090       0.1500       1.00000  0.00     24.300    0
  -33.8930       0.1900       1.51380  52.97    27.720    1
  -31.5860       1.6500       1.58913  61.25    27.720    1
  -38.5870       56.3100      1.00000  0.00     28.750    0
