# US 9,030,755 Example 1
#
# Patent: US009030755
# Converted from photonstophotos.net Optical Bench data
# 35 surfaces, 20 glass elements, f/3.6

name: US 9,030,755 Example 1
focal_length: 18.56

surfaces:
# radius       thickness    ior      abbe     semi_ap   coating
  205.0918       2.0000       1.88300  40.76    63.400    1
  67.5242        9.0719       1.45600  91.20    58.700    1
  -361.4271      0.1000       1.00000  0.00     58.700    0
  70.1004        6.8670       1.60300  65.46    56.300    1
  -2470.8379     2.1467       1.00000  0.00     56.300    0
  84.7687        0.1500       1.55389  38.09    30.900    1
  73.9375        1.2000       1.83481  42.72    30.900    1
  17.0367        6.4697       1.00000  0.00     24.060    0
  -49.4822       1.0000       1.81600  46.62    24.050    1
  52.1406        0.1500       1.00000  0.00     24.050    0
  31.6149        5.4508       1.76182  26.56    23.000    1
  -44.4482       1.1935       1.00000  0.00     22.300    0
  -25.1358       1.0000       1.81600  46.62    22.300    1
  64.5036        2.4219       1.80809  22.79    22.300    1
  -166.5431      34.3383      1.00000  0.00     22.300    0
  stop           1.0000       1.00000  0.00     16.200    0
  63.1022        3.4913       1.59319  67.87    22.400    1
  -50.2215       0.1000       1.00000  0.00     22.400    0
  58.6826        2.7220       1.48749  70.41    22.400    1
  -121.4345      0.1000       1.00000  0.00     22.400    0
  48.6432        4.1042       1.48749  70.41    22.400    1
  -34.5008       1.0000       1.80809  22.79    22.400    1
  -205.1599      3.3875       1.00000  0.00     22.400    0
  -66.9686       1.0000       1.69350  53.20    18.800    1
  26.5712        2.1581       1.76182  26.56    18.800    1
  63.3384        4.7873       1.00000  0.00     18.800    0
  -24.7041       1.0000       1.72916  54.66    18.600    1
  -74.8636       9.4494       1.00000  0.00     22.200    0
  -569.7942      3.9609       1.58913  61.16    22.300    1
  -23.5350       0.1000       1.00000  0.00     22.300    0
  37.1485        5.0060       1.48749  70.41    23.900    1
  -45.1969       1.7164       1.00000  0.00     23.900    0
  -107.0363      1.0000       1.88300  40.76    23.300    1
  23.3621        4.5016       1.54814  45.79    23.300    1
  -637.5585      39.1524      1.00000  0.00     23.300    0
