# Olympus F.Zuiko Auto-T 85mm F2
#
# Patent: US003848972
# Converted from photonstophotos.net Optical Bench data
# 11 surfaces, 6 glass elements, f/2.0

name: Olympus F.Zuiko Auto-T 85mm F2
focal_length: 84.99

surfaces:
# radius       thickness    ior      abbe     semi_ap   coating
  47.4150        6.2400       1.65100  56.15    44.710    1
  382.3760       0.1500       1.00000  0.00     44.710    0
  29.4570        1.8000       1.60311  60.70    38.690    1
  19.6120        8.8700       1.69100  54.84    33.860    1
  53.4050        3.6000       1.00000  0.00     33.860    0
  119.9150       1.4000       1.80518  25.43    29.840    1
  18.5380        7.5000       1.00000  0.00     25.100    0
  stop           10.0000      1.00000  0.00     24.736    0
  125.0440       7.6000       1.69700  48.51    24.740    1
  -17.1760       0.9000       1.62299  58.14    24.740    1
  -122.8660      42.3300      1.00000  0.00     26.670    0
