# Olympus 9-36mm f2-2.4 AF (E-10)
#
# Patent: US20030072086
# Converted from photonstophotos.net Optical Bench data
# 32 surfaces, 17 glass elements, f/2.0

name: Olympus 9-36mm f2-2.4 AF (E-10)
focal_length: 9.17

surfaces:
# radius       thickness    ior      abbe     semi_ap   coating
  95.8620        2.5000       1.84666  23.78    54.300    1
  58.6730        7.0900       1.61800  63.33    51.240    1
  1197.2780      0.2000       1.00000  0.00     51.240    0
  44.5430        5.5900       1.60311  60.64    47.200    1
  111.9820       1.1800       1.00000  0.00     47.200    0
  83.7350        1.8500       1.75700  47.82    29.060    1
  12.6830        6.3300       1.00000  0.00     21.640    0
  -443.9130      1.3000       1.84666  23.78    20.100    1
  40.5350        2.9900       1.00000  0.00     20.100    0
  -91.2430       1.2000       1.48749  70.21    20.100    1
  18.9500        4.2300       1.80518  25.42    20.100    1
  -716.0670      29.7300      1.00000  0.00     20.100    0
  stop           12.4100      1.00000  0.00     11.818    0
  40.2530        2.1000       1.84666  23.78    15.140    1
  126.1020       2.3400       1.00000  0.00     15.140    0
  18.7700        3.0000       1.69350  53.20    14.960    1
  -352.7540      0.1500       1.00000  0.00     14.960    0
  29.2370        1.1200       1.80518  25.42    13.700    1
  14.0390        6.7700       1.00000  0.00     13.700    0
  -12.2380       1.1000       1.80518  25.42    16.160    1
  -39.6500       3.2900       1.61800  63.33    16.160    1
  -13.8200       0.1500       1.00000  0.00     17.380    0
  66.9720        3.2800       1.49700  81.54    18.360    1
  -39.7390       0.1500       1.00000  0.00     18.360    0
  85.0050        2.7000       1.69350  53.20    18.420    1
  -90.0040       5.8100       1.00000  0.00     18.420    0
  0              17.0000      1.51633  64.14    17.360    1
  0              1.0000       1.00000  0.00     17.360    0
  0              1.6000       1.54771  62.84    13.860    1
  0              1.0000       1.00000  0.00     13.860    0
  0              0.7500       1.52300  55.00    13.860    1
  0              1.2400       1.00000  0.00     13.860    0
