# Olympus M.Zuiko Digital ED 40-150mm F4.0 Pro
#
# Patent: JP2023-005568
# Converted from photonstophotos.net Optical Bench data
# 27 surfaces, 16 glass elements, f/4.1

name: Olympus M.Zuiko Digital ED 40-150mm F4.0 Pro
focal_length: 40.71

surfaces:
# radius       thickness    ior      abbe     semi_ap   coating
  70.0410        2.0000       1.80000  29.84    43.800    1
  46.9750        6.9000       1.49700  81.54    43.800    1
  -315.5840      0.1500       1.00000  0.00     43.800    0
  83.0540        3.0000       1.43875  94.66    42.330    1
  274.3200       5.6400       1.00000  0.00     42.330    0
  -347.9540      3.3000       1.80810  22.76    28.980    1
  -44.2070       1.4000       1.48749  70.23    28.980    1
  22.6300        2.1000       1.80000  29.84    23.590    1
  26.0460        5.5300       1.00000  0.00     23.590    0
  -30.9460       1.0000       1.85150  40.78    19.820    1
  -1250.1400     39.5300      1.00000  0.00     19.820    0
  stop           1.0000       1.00000  0.00     16.656    0
  34.0630        3.3000       1.58313  59.38    22.890    1
  -1201.0050     6.5900       1.00000  0.00     22.890    0
  28.0500        4.6000       1.48749  70.23    22.130    1
  -47.9350       0.1500       1.00000  0.00     22.130    0
  45.1520        1.0000       1.91082  35.25    22.020    1
  15.1310        5.5000       1.49700  81.54    20.600    1
  -45.9960       3.0500       1.00000  0.00     20.600    0
  43.4940        1.7000       1.92286  20.88    19.800    1
  121.6140       1.1000       1.80610  40.92    17.510    1
  15.4000        20.8700      1.00000  0.00     17.510    0
  -17.9490       1.2000       1.51823  58.90    17.960    1
  33.9450        6.6000       1.59270  35.31    24.570    1
  -22.3330       11.8300      1.00000  0.00     24.570    0
  0              4.0000       1.51633  64.10    22.640    1
  0              0.8000       1.00000  0.00     22.640    0
