# US 3,997,248 Example 1
#
# Patent: US003997248
# Converted from photonstophotos.net Optical Bench data
# 13 surfaces, 6 glass elements, f/2.0

name: US 3,997,248 Example 1
focal_length: 100.00

surfaces:
# radius       thickness    ior      abbe     semi_ap   coating
  41.8230        7.0000       1.62041  60.26    52.900    1
  119.1250       0.1600       1.00000  0.00     52.900    0
  36.3400        5.5000       1.62230  53.20    46.900    1
  68.2100        0.1600       1.00000  0.00     46.900    0
  30.0500        5.0000       1.62041  60.27    43.300    1
  49.0390        3.7800       1.00000  0.00     43.300    0
  70.0940        2.2000       1.78472  25.71    39.000    1
  18.2240        9.4400       1.00000  0.00     30.900    0
  stop           10.5600      1.00000  0.00     26.310    0
  -44.4000       9.4900       1.64769  33.80    25.100    1
  -74.9310       0.2000       1.00000  0.00     28.100    0
  100.2580       3.5100       1.75520  27.51    30.600    1
  -216.9120      41.0100      1.00000  0.00     30.600    0
