# Olympus Zuiko Auto-T 180mm F2
#
# Patent: JP1984-176717
# Converted from photonstophotos.net Optical Bench data
# 19 surfaces, 10 glass elements, f/2.0

name: Olympus Zuiko Auto-T 180mm F2
focal_length: 180.00

surfaces:
# radius       thickness    ior      abbe     semi_ap   coating
  88.2990        18.5900      1.49700  81.61    90.030    1
  -549.1080      0.3600       1.00000  0.00     90.030    0
  82.8250        11.9900      1.61700  62.79    83.380    1
  313.5800       5.3800       1.00000  0.00     83.380    0
  -1059.6460     4.9900       1.65412  39.70    74.380    1
  54.6210        5.0000       1.00000  0.00     66.040    0
  71.2400        11.1200      1.49700  81.61    66.720    1
  503.6510       17.5860      1.00000  0.00     66.720    0
  -289.9390      5.5800       1.50378  66.81    56.720    1
  180.6210       8.2440       1.00000  0.00     56.720    0
  522.9490       7.0000       1.68893  31.08    48.380    1
  -88.4520       3.0100       1.52682  51.12    48.380    1
  55.2490        9.0000       1.00000  0.00     45.720    0
  stop           30.7080      1.00000  0.00     39.753    0
  124.3490       6.6100       1.78800  47.43    40.040    1
  -76.2230       2.5400       1.00000  0.00     40.040    0
  -70.6300       2.9000       1.60342  38.01    41.040    1
  46.4490        7.2000       1.67790  55.33    41.040    1
  -2749.0590     56.6300      1.00000  0.00     41.040    0
