# Olympus Zuiko Digital ED 14-42mm F3.5-5.6
#
# Patent: US20090002845
# Converted from photonstophotos.net Optical Bench data
# 21 surfaces, 11 glass elements, f/3.6

name: Olympus Zuiko Digital ED 14-42mm F3.5-5.6
focal_length: 14.30

surfaces:
# radius       thickness    ior      abbe     semi_ap   coating
  40.2700        2.4000       1.81000  25.43    42.900    1
  30.4400        0.4400       1.00000  0.00     38.860    0
  31.1700        6.7000       1.60000  60.64    38.860    1
  141.2200       2.9300       1.00000  0.00     38.860    0
  40.2200        1.3000       1.79000  47.37    25.840    1
  9.5000         5.7700       1.00000  0.00     16.970    0
  -129.3100      1.7800       1.53000  55.78    16.970    1
  15.1500        3.8300       1.00000  0.00     16.970    0
  27.4600        1.8500       1.85000  23.78    15.600    1
  126.3100       16.5500      1.00000  0.00     15.600    0
  stop           3.9000       1.00000  0.00     10.200    0
  14.3500        4.2000       1.53000  48.84    12.620    1
  -14.3500       0.9900       1.77000  49.60    12.620    1
  -35.2100       2.8300       1.00000  0.00     13.680    0
  -42.3300       2.8500       1.53000  55.78    14.320    1
  -20.1700       0.4000       1.00000  0.00     14.320    0
  -36.9500       1.0000       1.90000  31.31    14.740    1
  21.4000        5.2500       1.50000  81.54    14.740    1
  -14.5800       28.2500      1.00000  0.00     16.240    0
  0              4.5700       1.52000  64.14    23.700    1
  0              2.4200       1.00000  0.00     23.700    0
