# Olympus M.Zuiko ED 12-200mm F3.5-6.3
#
# Patent: JP2020-154139
# Converted from photonstophotos.net Optical Bench data
# 30 surfaces, 17 glass elements, f/3.6

name: Olympus M.Zuiko ED 12-200mm F3.5-6.3
focal_length: 12.36

surfaces:
# radius       thickness    ior      abbe     semi_ap   coating
  69.7600        2.0000       2.00069  25.46    51.520    1
  54.5410        7.7000       1.43875  94.93    49.340    1
  1433.5060      0.1500       1.00000  0.00     49.340    0
  64.1350        4.3400       1.59282  68.63    47.560    1
  167.9970       0.8000       1.00000  0.00     47.560    0
  46.9000        0.9000       1.88300  40.76    27.220    1
  12.8840        6.9500       1.00000  0.00     19.560    0
  -28.4880       1.0000       1.80280  40.55    19.440    1
  91.5210        0.1000       1.00000  0.00     19.440    0
  34.3910        4.4200       1.80810  22.76    19.440    1
  -34.3910       1.0900       1.00000  0.00     19.440    0
  -19.4450       0.8000       1.88300  40.76    18.620    1
  96.9030        1.7000       1.92286  20.88    17.920    1
  -163.9080      30.1800      1.00000  0.00     17.920    0
  stop           1.2500       1.00000  0.00     12.405    0
  16.3270        4.8100       1.76960  49.30    15.660    1
  -108.9110      2.0100       1.00000  0.00     15.660    0
  100.5820       1.0000       1.91082  35.25    15.160    1
  12.3560        6.2800       1.43875  94.93    15.160    1
  -18.5600       0.1000       1.00000  0.00     15.160    0
  22.4470        2.5100       1.51633  64.14    14.880    1
  74.3040        2.3900       1.00000  0.00     14.880    0
  364.6300       0.9000       1.83481  42.73    14.180    1
  12.0000        1.8800       1.68893  31.07    13.340    1
  16.5000        3.4500       1.00000  0.00     13.340    0
  45.8790        1.4000       1.80280  40.55    24.380    1
  19.8890        9.2500       1.51742  52.43    24.380    1
  -30.3970       12.9300      1.00000  0.00     25.700    0
  0              4.1100       1.51633  64.14    23.940    1
  0              2.0700       1.00000  0.00     23.800    0
