# Olympus OM Zuiko 8mm f2.8 Circular Fisheye
#
# Patent: US003741630
# Converted from photonstophotos.net Optical Bench data
# 17 surfaces, 10 glass elements, f/2.8

name: Olympus OM Zuiko 8mm f2.8 Circular Fisheye
focal_length: 8.00

surfaces:
# radius       thickness    ior      abbe     semi_ap   coating
  95.0304        2.7232       1.58910  61.00    86.810    1
  20.0848        19.0640      1.00000  0.00     40.160    0
  67.3080        4.1336       1.78470  25.60    38.400    1
  147.9128       1.9456       1.58910  61.00    38.400    1
  17.2400        14.0448      1.00000  0.00     26.960    0
  -303.4224      1.5560       1.67000  57.80    19.620    1
  17.2400        4.7656       1.66680  33.00    19.620    1
  97.7904        8.0456       1.00000  0.00     19.620    0
  151.7928       1.9456       1.78650  50.10    12.120    1
  10.8672        6.7016       1.60320  42.30    12.120    1
  -44.8096       6.0840       1.00000  0.00     12.120    0
  stop           6.0840       1.00000  0.00     12.043    0
  -61.8168       4.5424       1.51730  69.30    14.260    1
  -25.4472       0.1944       1.00000  0.00     14.260    0
  26.6992        1.4592       1.92290  20.90    14.340    1
  16.4376        4.9896       1.51730  69.30    14.340    1
  -29.1208       36.6840      1.00000  0.00     14.340    0
