# Olympus Zuiko Digital ED 14-35mm F2.0 SWD
#
# Patent: US008081392
# Converted from photonstophotos.net Optical Bench data
# 36 surfaces, 18 glass elements, f/2.0

name: Olympus Zuiko Digital ED 14-35mm F2.0 SWD
focal_length: 14.22

surfaces:
# radius       thickness    ior      abbe     semi_ap   coating
  388.4320       2.6300       1.84666  23.78    70.540    1
  116.3280       0.1900       1.00000  0.00     68.620    0
  120.4780       6.2300       1.77250  49.60    68.620    1
  0              0.2000       1.00000  0.00     68.620    0
  55.4180        6.3100       1.77250  49.60    60.440    1
  106.6160       0.6000       1.00000  0.00     58.660    0
  58.0920        2.0100       1.88300  40.76    40.500    1
  15.6590        8.6200       1.00000  0.00     28.350    0
  499.9990       1.9200       1.58253  59.32    28.350    1
  31.3290        6.8800       1.00000  0.00     26.720    0
  -22.5400       1.6200       1.48749  70.23    26.720    1
  -34.3820       0.1500       1.00000  0.00     29.300    0
  109.4080       4.1300       1.84666  23.78    29.040    1
  -52.3040       6.2000       1.00000  0.00     29.040    0
  -53.3860       1.6100       1.62004  36.26    27.430    1
  90.4460        0.1500       1.00000  0.00     27.430    0
  74.1310        2.6800       1.78590  44.20    26.300    1
  577.5220       33.9900      1.00000  0.00     26.300    0
  stop           1.7000       1.00000  0.00     22.388    0
  54.9620        2.9800       1.63980  34.46    29.580    1
  477.1750       0.1500       1.00000  0.00     29.580    0
  44.8820        3.9400       1.62280  57.05    29.460    1
  -400.0010      9.2500       1.00000  0.00     29.460    0
  -37.9600       1.7900       1.57501  41.50    27.260    1
  -300.0000      0.1500       1.00000  0.00     27.260    0
  90.2870        3.5300       1.49700  81.54    25.440    1
  -67.8790       0.2900       1.00000  0.00     25.440    0
  -1026.3710     1.6000       1.68893  31.08    26.580    1
  21.0420        7.4500       1.43875  94.93    25.620    1
  -44.7250       0.2160       1.00000  0.00     25.620    0
  -40.3150       1.5900       1.90366  31.31    26.180    1
  -1452.7830     0.1500       1.00000  0.00     26.180    0
  45.4480        7.4600       1.49640  81.24    29.180    1
  -36.3200       0.1500       1.00000  0.00     29.180    0
  -2245.8180     2.9000       1.63494  23.22    29.320    1
  -56.5530       33.7700      1.00000  0.00     29.320    0
