# Olympus MC-20 M.Zuiko Digital 2x Teleconverter
#
# Patent: US20180136439
# Converted from photonstophotos.net Optical Bench data
# 16 surfaces, 10 glass elements

name: Olympus MC-20 M.Zuiko Digital 2x Teleconverter
focal_length: 50.00

surfaces:
# radius       thickness    ior      abbe     semi_ap   coating
  0              1.2632       1.00000  0.00     10.971    0
  87.2894        1.0000       1.83481  42.73    19.940    1
  17.1399        6.4100       1.59270  35.31    19.940    1
  -35.4760       0.7600       1.00000  0.00     19.940    0
  -73.2984       3.1800       1.59270  35.31    19.100    1
  -33.9580       1.0000       1.59282  68.63    19.100    1
  204.4691       1.9500       1.00000  0.00     19.100    0
  -46.5721       1.0000       1.88300  40.76    19.060    1
  21.4391        6.6800       1.59270  35.31    19.060    1
  -18.6368       1.0000       1.88300  40.76    19.060    1
  -1885.0868     0.2000       1.00000  0.00     19.060    0
  23.4145        6.2700       1.59270  35.31    21.020    1
  -23.4145       1.3000       1.92119  23.96    21.020    1
  -158.1720      22.5769      1.00000  0.00     21.020    0
  0              4.0000       1.51633  64.14    28.760    1
  0              0.8000       1.00000  0.00     28.760    0
