# Olympus M.Zuiko ED 12-50mm F3.5-6.3 EZ
#
# Patent: US20150370053
# Converted from photonstophotos.net Optical Bench data
# 22 surfaces, 11 glass elements, f/3.6

name: Olympus M.Zuiko ED 12-50mm F3.5-6.3 EZ
focal_length: 12.24

surfaces:
# radius       thickness    ior      abbe     semi_ap   coating
  45.2207        2.1400       1.77250  49.60    35.740    1
  16.3269        5.1200       1.00000  0.00     26.780    0
  41.8793        1.5000       1.58313  59.38    26.780    1
  14.4691        3.8500       1.00000  0.00     24.730    0
  23.9939        3.8000       1.80810  22.76    25.210    1
  103.8698       6.6446       1.00000  0.00     25.210    0
  -24.8418       1.2000       1.74100  52.64    18.790    1
  -100.0000      30.0675      1.00000  0.00     18.790    0
  14.0498        4.3000       1.58313  59.38    16.610    1
  -31.7996       1.3000       1.00000  0.00     13.800    0
  stop           1.9000       1.00000  0.00     10.339    0
  179.0098       1.0000       1.83400  37.16    15.230    1
  10.8826        5.0000       1.49700  81.54    12.550    1
  -18.9390       3.8142       1.00000  0.00     12.550    0
  128.8505       1.0000       1.83481  42.71    13.970    1
  15.2795        1.5800       1.00000  0.00     11.370    0
  37.2148        2.0000       1.53071  55.69    13.700    1
  57.5081        6.8162       1.00000  0.00     13.160    0
  -75.0639       2.4800       1.75211  25.05    20.920    1
  -23.7233       11.1634      1.00000  0.00     20.920    0
  0              4.0800       1.51633  64.14    26.500    1
  0              0.7450       1.00000  0.00     26.500    0
