# Olympus 35mm f2 H Zuiko Auto-W
#
# Patent: US003844640
# Converted from photonstophotos.net Optical Bench data
# 16 surfaces, 8 glass elements, f/2.0

name: Olympus 35mm f2 H Zuiko Auto-W
focal_length: 35.00

surfaces:
# radius       thickness    ior      abbe     semi_ap   coating
  27.2335        6.7935       1.72340  37.90    39.880    1
  67.8615        0.1400       1.00000  0.00     39.880    0
  35.0140        2.2365       1.51630  64.00    32.380    1
  11.1930        11.6095      1.00000  0.00     20.470    0
  2845.8640      2.9155       1.80520  25.40    18.920    1
  25.1475        0.5495       1.00000  0.00     18.120    0
  24.6225        5.0435       1.80610  40.80    20.020    1
  -47.9535       0.9975       1.69900  30.10    20.020    1
  -69.8530       1.6745       1.00000  0.00     20.020    0
  stop           3.0400       1.00000  0.00     18.876    0
  -28.0140       4.3645       1.71740  29.50    21.540    1
  159.4005       1.4000       1.00000  0.00     22.110    0
  -60.9000       3.8850       1.72920  54.60    22.110    1
  -19.4145       0.1015       1.00000  0.00     22.110    0
  92.3020        2.9155       1.69680  55.60    21.940    1
  -56.0350       39.5800      1.00000  0.00     21.940    0
