# Olympus M.Zuiko ED 12-100mm f4.0 IS Pro
#
# Patent: JP2017-090535
# Converted from photonstophotos.net Optical Bench data
# 31 surfaces, 18 glass elements, f/4.1

name: Olympus M.Zuiko ED 12-100mm f4.0 IS Pro
focal_length: 12.36

surfaces:
# radius       thickness    ior      abbe     semi_ap   coating
  94.3870        2.5000       1.85478  24.80    57.500    1
  67.7830        7.1300       1.49700  81.54    54.280    1
  0              0.1500       1.00000  0.00     54.240    0
  61.0990        5.0200       1.49700  81.54    51.140    1
  172.6590       0.7200       1.00000  0.00     51.140    0
  231.8540       1.6500       1.88227  37.18    30.080    1
  14.1240        7.3500       1.00000  0.00     21.460    0
  -22.5070       1.0000       1.59282  68.62    21.460    1
  32.3190        4.2300       2.00069  25.46    20.840    1
  -44.0310       1.3900       1.00000  0.00     20.840    0
  -21.2080       1.2000       1.83481  42.73    18.440    1
  -40.8120       37.6500      1.00000  0.00     19.660    0
  stop           1.5000       1.00000  0.00     10.881    0
  24.2860        4.4900       1.58253  59.32    20.800    1
  -700.0000      4.3700       1.00000  0.00     23.420    0
  56.6430        3.3700       1.49700  81.54    20.240    1
  -56.6430       0.5000       1.00000  0.00     20.960    0
  43.5900        1.0000       1.91082  35.25    19.960    1
  15.1420        4.1300       1.49700  81.54    18.900    1
  47.2230        1.2000       1.00000  0.00     18.900    0
  24.3030        0.8000       1.85478  24.80    19.920    1
  16.8000        5.1000       1.58253  59.32    19.740    1
  -71.5000       2.4400       1.00000  0.00     19.740    0
  188.6660       0.9000       1.83481  42.73    17.640    1
  11.2010        3.1000       1.80809  22.76    16.720    1
  18.4720        4.8700       1.00000  0.00     16.720    0
  30.0000        1.2000       2.00100  29.13    24.620    1
  20.4540        9.4600       1.51593  64.25    25.740    1
  -31.2380       12.2200      1.00000  0.00     25.740    0
  0              4.0000       1.51633  64.14    23.000    1
  0              0.8000       1.00000  0.00     23.000    0
