# US 5,627,685 Example 1
#
# Patent: US005627685
# Converted from photonstophotos.net Optical Bench data
# 20 surfaces, 11 glass elements, f/2.9

name: US 5,627,685 Example 1
focal_length: 295.40

surfaces:
# radius       thickness    ior      abbe     semi_ap   coating
  314.0960       5.6467       1.51633  64.15    104.360   1
  1048.7373      0.1500       1.00000  0.00     104.360   0
  118.8670       14.0951      1.43875  94.97    101.220   1
  -6593.8754     0.1500       1.00000  0.00     101.220   0
  77.5748        12.9173      1.49700  81.61    92.500    1
  235.7509       1.9026       1.00000  0.00     92.360    0
  241.6482       4.4500       1.83400  37.16    89.340    1
  73.2837        42.2000      1.00000  0.00     80.200    0
  97.8095        10.7405      1.83400  37.16    69.600    1
  -2064.2670     4.2924       1.00000  0.00     69.600    0
  -215.9559      6.9192       1.80518  25.43    65.460    1
  -88.4628       5.5000       1.67270  32.10    65.460    1
  125.6399       5.1473       1.00000  0.00     55.400    0
  254.9981       3.3036       1.61340  43.84    55.400    1
  41.7484        8.7235       1.80518  25.43    55.400    1
  58.2961        40.8978      1.00000  0.00     47.660    0
  535.6268       2.2400       1.58144  40.75    41.340    1
  79.1612        6.0962       1.48749  70.20    41.340    1
  -115.5703      3.1279       1.00000  0.00     41.340    0
  stop           110.0200     1.00000  0.00     38.369    0
