# Olympus 28mm f3.5 G Zuiko Auto-W
#
# Patent: DE02205380
# Converted from photonstophotos.net Optical Bench data
# 15 surfaces, 7 glass elements, f/3.5

name: Olympus 28mm f3.5 G Zuiko Auto-W
focal_length: 28.00

surfaces:
# radius       thickness    ior      abbe     semi_ap   coating
  479.3800       2.8100       1.66672  48.30    33.140    1
  -292.1320      0.2000       1.00000  0.00     33.140    0
  20.8240        1.6500       1.62041  60.30    23.160    1
  9.9370         7.6100       1.00000  0.00     17.370    0
  456.8510       6.3300       1.66892  45.00    15.410    1
  -39.1520       0.7000       1.00000  0.00     15.410    0
  -19.5330       8.7600       1.67790  55.30    13.360    1
  -19.5220       0.2000       1.00000  0.00     15.040    0
  19.8460        1.8300       1.71300  54.00    12.610    1
  58.7940        1.4500       1.00000  0.00     12.610    0
  stop           1.4500       1.00000  0.00     11.582    0
  -56.3330       1.9400       1.74077  27.80    12.170    1
  22.2320        0.8500       1.00000  0.00     12.170    0
  0              2.2500       1.71300  54.00    12.170    1
  -17.5000       37.5100      1.00000  0.00     12.170    0
