# Olympus M.Zuiko ED 30mm F3.5 Macro
#
# Patent: JP2016-099362
# Converted from photonstophotos.net Optical Bench data
# 16 surfaces, 8 glass elements, f/3.6

name: Olympus M.Zuiko ED 30mm F3.5 Macro
focal_length: 30.43

surfaces:
# radius       thickness    ior      abbe     semi_ap   coating
  -110.6190      1.2000       1.58913  61.15    13.060    1
  9.8640         1.5700       1.00000  0.00     11.920    0
  14.7840        2.8100       1.72342  37.95    12.120    1
  -43.1260       3.6100       1.00000  0.00     12.120    0
  stop           7.0000       1.00000  0.00     9.350     0
  -8.4790        0.8000       1.76182  26.52    10.460    1
  -211.1100      3.3200       1.79952  42.22    11.780    1
  -12.9300       0.1000       1.00000  0.00     13.000    0
  30.3720        4.3500       1.49700  81.61    14.120    1
  -13.1320       1.8000       1.00000  0.00     14.120    0
  -115.6560      1.0000       1.51633  64.06    14.820    1
  16.3960        19.9200      1.00000  0.00     14.820    0
  634.0040       3.3400       1.83481  42.73    23.760    1
  -40.6680       16.0400      1.00000  0.00     23.760    0
  0              6.0800       1.51633  64.14    23.980    1
  0              0.7500       1.00000  0.00     23.980    0
