# Olympus M.Zuiko ED 60mm F2.8 Macro
#
# Patent: US010048474
# Converted from photonstophotos.net Optical Bench data
# 24 surfaces, 13 glass elements, f/2.9

name: Olympus M.Zuiko ED 60mm F2.8 Macro
focal_length: 60.72

surfaces:
# radius       thickness    ior      abbe     semi_ap   coating
  144.9170       4.5000       1.71819  48.99    33.560    1
  -74.1060       0.1000       1.00000  0.00     33.560    0
  36.3400        3.9000       1.71717  55.11    29.460    1
  263.1050       1.3100       1.00000  0.00     27.190    0
  -98.5430       1.6000       1.84666  23.78    27.190    1
  91.5770        0.1000       1.00000  0.00     27.820    0
  31.5630        3.8600       1.49700  81.54    25.640    1
  0              2.0000       1.00000  0.00     25.640    0
  145.6250       1.2000       1.83632  37.52    21.140    1
  19.3170        2.7200       1.00000  0.00     17.350    0
  -58.5160       1.2000       1.74820  49.61    17.350    1
  19.2210        3.5900       1.84666  23.78    18.820    1
  0              13.1100      1.00000  0.00     18.820    0
  stop           15.0500      1.00000  0.00     15.169    0
  74.6770        3.0100       1.69471  55.93    19.640    1
  -35.8260       0.1000       1.00000  0.00     19.640    0
  40.6560        4.0000       1.71828  55.07    19.640    1
  -28.5820       1.2000       1.84666  23.78    19.640    1
  222.9470       4.6500       1.00000  0.00     19.640    0
  -341.9160      1.2000       1.55368  63.72    18.940    1
  43.7670        6.4300       1.00000  0.00     18.820    0
  -27.6850       1.2000       1.70567  55.52    20.040    1
  50.0000        3.1500       1.76659  28.36    20.040    1
  -47.0660       19.4000      1.00000  0.00     20.720    0
