# Olympus Zuiko Auto-S 55mm f1.2 G
#
# Patent: US003743387
# Converted from photonstophotos.net Optical Bench data
# 14 surfaces, 7 glass elements, f/1.2

name: Olympus Zuiko Auto-S 55mm f1.2 G
focal_length: 55.00

surfaces:
# radius       thickness    ior      abbe     semi_ap   coating
  39.4075        6.0665       1.80300  46.60    45.850    1
  138.2590       0.1155       1.00000  0.00     45.850    0
  25.8610        4.8950       1.80610  40.80    39.390    1
  39.5670        1.9085       1.00000  0.00     39.390    0
  47.6465        1.7600       1.76180  27.10    37.000    1
  16.2635        9.9315       1.00000  0.00     28.700    0
  stop           8.8400       1.00000  0.00     28.576    0
  -17.9685       1.7600       1.72830  28.50    28.920    1
  -97.7955       7.6340       1.75500  52.40    37.090    1
  -28.5615       0.0990       1.00000  0.00     37.090    0
  -101.1670      5.5770       1.71300  53.90    39.170    1
  -31.5755       0.1155       1.00000  0.00     39.170    0
  80.6025        3.4265       1.71300  53.90    34.800    1
  -917.2240      37.9445      1.00000  0.00     34.800    0
