# Olympus Zuiko Auto-S 50mm F1.4
#
# Patent: US004094588
# Converted from photonstophotos.net Optical Bench data
# 14 surfaces, 7 glass elements, f/1.4

name: Olympus Zuiko Auto-S 50mm F1.4
focal_length: 50.00

surfaces:
# radius       thickness    ior      abbe     semi_ap   coating
  30.7350        5.7900       1.62040  60.30    36.380    1
  145.2600       0.0950       1.00000  0.00     36.380    0
  23.6900        3.8850       1.69350  50.80    32.400    1
  40.0100        2.3400       1.00000  0.00     32.400    0
  53.0850        1.0150       1.58140  40.80    30.460    1
  13.8200        9.2250       1.00000  0.00     23.530    0
  stop           7.5600       1.00000  0.00     23.144    0
  -14.9200       0.9650       1.75520  27.50    23.120    1
  792.3450       5.8000       1.69350  53.30    29.620    1
  -25.5650       0.0950       1.00000  0.00     29.620    0
  -53.0850       4.4500       1.80610  40.90    31.320    1
  -23.3800       0.1150       1.00000  0.00     31.320    0
  93.9200        2.8500       1.69350  50.80    30.480    1
  -114.8650      37.1500      1.00000  0.00     30.480    0
