# Olympus M.Zuiko Digital ED 20mm F1.4 Pro
#
# Patent: JP2023-032222
# Converted from photonstophotos.net Optical Bench data
# 24 surfaces, 12 glass elements, f/1.4

name: Olympus M.Zuiko Digital ED 20mm F1.4 Pro
focal_length: 20.27

surfaces:
# radius       thickness    ior      abbe     semi_ap   coating
  69.4400        2.2500       2.00069  25.46    32.770    1
  142.5300       0.4000       1.00000  0.00     29.220    0
  33.5800        1.2000       1.49700  81.61    27.470    1
  12.8000        6.2300       1.00000  0.00     21.210    0
  -100.0000      1.0000       1.43700  95.10    21.210    1
  33.3700        2.0000       1.00000  0.00     20.300    0
  75.3300        2.3500       2.05090  26.94    20.120    1
  -234.6100      5.0700       1.00000  0.00     20.120    0
  stop           4.3100       1.00000  0.00     17.823    0
  -21.4900       1.0000       1.77047  29.74    19.820    1
  28.6100        5.8000       1.76450  49.10    24.030    1
  -37.1900       0.2500       1.00000  0.00     24.030    0
  186.8400       7.2500       1.59282  68.62    27.380    1
  -21.4800       0.1500       1.00000  0.00     27.380    0
  37.8700        6.3900       1.59282  68.62    28.330    1
  -49.2300       1.4000       1.00000  0.00     28.330    0
  41.6900        0.8000       1.73037  32.23    23.040    1
  15.6100        6.0800       1.00000  0.00     19.940    0
  35.4100        4.6500       1.80610  40.73    22.240    1
  -90.0000       0.1500       1.00000  0.00     22.240    0
  30.4400        1.0000       1.48749  70.44    24.080    1
  16.2600        15.0000      1.00000  0.00     21.420    0
  0              4.1400       1.51633  64.14    24.360    1
  0              1.3929       1.00000  0.00     24.360    0
