# Olympus 21mm f3.5 G Zuiko Auto-W
#
# Patent: US003884556
# Converted from photonstophotos.net Optical Bench data
# 15 surfaces, 7 glass elements, f/3.5

name: Olympus 21mm f3.5 G Zuiko Auto-W
focal_length: 21.00

surfaces:
# radius       thickness    ior      abbe     semi_ap   coating
  34.1313        3.9018       1.72000  42.10    34.040    1
  67.9665        0.0966       1.00000  0.00     34.040    0
  19.6203        1.4637       1.61800  63.40    23.780    1
  8.6247         3.7842       1.00000  0.00     15.630    0
  21.5250        1.4637       1.71300  54.00    17.760    1
  8.6604         2.6523       1.00000  0.00     13.620    0
  23.3247        12.9213      1.59550  39.20    12.640    1
  -14.8806       0.2220       1.00000  0.00     12.640    0
  stop           1.3383       1.00000  0.00     9.513     0
  -23.5032       4.5444       1.84670  23.90    10.660    1
  80.6085        0.6342       1.00000  0.00     11.690    0
  -42.3192       1.9509       1.61800  63.40    11.690    1
  -13.9629       0.1470       1.00000  0.00     13.620    0
  -249.2490      2.6334       1.61800  63.40    15.360    1
  -20.6304       36.4035      1.00000  0.00     15.360    0
