# Olympus Zuiko Digital 25mm F2.8
#
# Patent: US007706085
# Converted from photonstophotos.net Optical Bench data
# 12 surfaces, 6 glass elements, f/2.9

name: Olympus Zuiko Digital 25mm F2.8
focal_length: 25.38

surfaces:
# radius       thickness    ior      abbe     semi_ap   coating
  17.0640        2.8000       1.80610  33.27    19.000    1
  36.4650        0.1300       1.00000  0.00     16.280    0
  16.3560        0.9500       1.69680  55.53    15.440    1
  7.9660         5.5700       1.00000  0.00     12.500    0
  stop           7.7000       1.00000  0.00     8.244     0
  -10.5840       0.8300       1.75520  27.51    11.300    1
  84.6660        3.3600       1.69680  55.53    14.800    1
  -16.6110       0.1500       1.00000  0.00     14.800    0
  670.6100       4.2000       1.74250  49.30    16.980    1
  -13.7700       29.7500      1.00000  0.00     16.980    0
  0              4.5700       1.51633  64.14    25.020    1
  0              1.0600       1.00000  0.00     25.020    0
