# Olympus Zuiko Digital ED 40-150mm F4.0-5.6
#
# Patent: US20080062534
# Converted from photonstophotos.net Optical Bench data
# 24 surfaces, 13 glass elements, f/4.1

name: Olympus Zuiko Digital ED 40-150mm F4.0-5.6
focal_length: 40.90

surfaces:
# radius       thickness    ior      abbe     semi_ap   coating
  86.4810        4.9900       1.60310  60.60    36.680    1
  -108.3950      2.1000       1.84670  23.80    36.680    1
  -259.4070      2.3100       1.00000  0.00     36.680    0
  35.3020        1.2900       1.80520  25.40    23.400    1
  19.5240        4.3800       1.00000  0.00     17.660    0
  -56.7070       1.0100       1.51680  64.20    19.140    1
  20.1580        2.7600       1.84670  23.80    17.380    1
  226.0090       1.2700       1.00000  0.00     15.330    0
  -26.3710       1.0000       1.77250  49.60    15.330    1
  -229.6200      17.4700      1.00000  0.00     16.680    0
  stop           1.2000       1.00000  0.00     15.665    0
  69.8450        3.4400       1.48750  70.20    19.900    1
  -34.9040       0.1500       1.00000  0.00     19.900    0
  24.1850        4.9900       1.49700  81.50    18.080    1
  -24.1850       1.1800       1.80100  35.00    18.080    1
  -482.8920      13.9000      1.00000  0.00     18.080    0
  -41.2020       2.0100       1.57500  41.50    19.120    1
  -22.2370       0.3000       1.00000  0.00     19.120    0
  97.1440        1.8400       1.51680  64.20    16.840    1
  -97.1440       6.8300       1.00000  0.00     16.840    0
  -16.7220       0.9400       1.77250  49.60    13.740    1
  -40.2660       28.4300      1.00000  0.00     16.700    0
  0              4.6300       1.51630  64.10    26.820    1
  0              2.5000       1.00000  0.00     26.820    0
