# Olympus M.Zuiko Digital ED 150-400mm F4.5 TC1.25x IS Pro with TC
#
# Patent: JP2021-096331
# Converted from photonstophotos.net Optical Bench data
# 49 surfaces, 29 glass elements, f/5.8

name: Olympus M.Zuiko Digital ED 150-400mm F4.5 TC1.25x IS Pro with TC
focal_length: 191.62

surfaces:
# radius       thickness    ior      abbe     semi_ap   coating
  151.1464       8.5577       1.48749  70.23    85.680    1
  0              20.0000      1.00000  0.00     85.680    0
  132.8428       2.9000       1.67300  38.26    77.780    1
  72.8416        12.5000      1.43875  94.66    75.020    1
  497.8603       56.5303      1.00000  0.00     75.020    0
  -521.8225      3.1000       1.85478  24.80    34.680    1
  -93.0102       1.6000       1.48749  70.23    34.680    1
  48.3195        2.5600       1.78472  25.68    31.940    1
  56.5102        4.4178       1.00000  0.00     31.940    0
  -72.4270       1.3500       1.78800  47.37    31.940    1
  584.2709       56.7653      1.00000  0.00     31.940    0
  stop           1.8000       1.00000  0.00     31.594    0
  55.6031        7.2608       1.49700  81.61    33.500    1
  -96.9847       3.6608       1.00000  0.00     33.500    0
  0              1.5000       1.84666  23.78    33.500    1
  101.6642       7.6741       1.43875  94.66    33.500    1
  -101.6642      0.6381       1.00000  0.00     33.500    0
  95.0019        9.9580       1.43875  94.66    33.480    1
  -51.7949       5.2138       1.00000  0.00     33.480    0
  212.9643       1.1000       1.77250  49.60    26.220    1
  27.9380        2.4000       1.85478  24.80    24.960    1
  38.7447        23.3087      1.00000  0.00     24.960    0
  77.5188        1.0000       1.59270  35.31    18.480    1
  30.1797        2.3050       1.00000  0.00     18.480    0
  37.8085        3.2560       1.43875  94.66    18.980    1
  -84.5146       1.6326       1.00000  0.00     18.980    0
  477.7324       2.7773       1.85478  24.80    19.240    1
  -37.1867       0.9000       1.59282  68.63    19.240    1
  64.8958        2.1108       1.00000  0.00     19.240    0
  -60.4635       0.9000       1.77250  49.60    18.260    1
  41.4137        3.5801       1.00000  0.00     18.260    0
  44.7727        3.4977       1.76200  40.10    18.620    1
  -672.1776      1.7670       1.00000  0.00     18.620    0
  19.7942        3.8368       1.51742  52.43    18.160    1
  79.7494        1.7898       1.00000  0.00     18.160    0
  89.4919        1.0000       1.95375  32.32    17.380    1
  16.0124        5.3298       1.59551  39.24    17.380    1
  -57.1010       1.7601       1.00000  0.00     17.380    0
  -81.1092       0.9500       1.55032  75.50    15.940    1
  15.0836        5.1093       1.58144  40.75    15.940    1
  -38.4980       0.9500       1.90043  37.37    15.940    1
  24.1489        1.4981       1.00000  0.00     15.940    0
  40.0157        1.9804       1.59270  35.31    16.280    1
  199.9869       4.4964       1.00000  0.00     16.280    0
  111.9646       5.0020       1.85025  30.05    22.040    1
  -41.4474       1.3000       1.94595  17.98    22.040    1
  0              24.3098      1.00000  0.00     22.040    0
  0              4.1082       1.51633  64.14    29.500    1
  0              2.0450       1.00000  0.00     29.500    0
