# Olympus Zuiko Digital ED 50-200mm F2.8-3.5 SWD
#
# Patent: US20040042087
# Converted from photonstophotos.net Optical Bench data
# 34 surfaces, 17 glass elements, f/2.8

name: Olympus Zuiko Digital ED 50-200mm F2.8-3.5 SWD
focal_length: 52.47

surfaces:
# radius       thickness    ior      abbe     semi_ap   coating
  144.9170       4.5000       1.84666  23.78    64.040    1
  106.9880       0.5000       1.00000  0.00     64.040    0
  97.8330        7.8800       1.49700  81.54    61.840    1
  -1064.3790     0.1000       1.00000  0.00     61.840    0
  125.6670       5.9000       1.48749  70.23    60.600    1
  227.3100       12.6410      1.00000  0.00     60.600    0
  54.4080        2.8800       1.84666  23.78    44.560    1
  42.0450        0.4410       1.00000  0.00     39.920    0
  45.1980        7.5830       1.51633  64.14    39.920    1
  2046.1510      1.0800       1.00000  0.00     43.660    0
  -655.5230      2.2200       1.88300  40.76    25.580    1
  33.0900        3.3030       1.00000  0.00     23.760    0
  -67.2780       2.0000       1.48749  70.23    23.760    1
  31.1440        5.5500       1.84666  23.78    27.280    1
  -261.6940      2.0050       1.00000  0.00     25.220    0
  -35.5930       2.0000       1.77250  49.60    25.220    1
  -971.1850      25.3980      1.00000  0.00     29.100    0
  153.4480       4.1200       1.69680  55.53    32.460    1
  -80.6730       0.1230       1.00000  0.00     32.460    0
  343.2990       2.6600       1.80610  40.92    31.460    1
  50.7910        0.5000       1.00000  0.00     30.820    0
  54.8060        6.5000       1.49700  81.54    30.820    1
  -54.8060       1.0000       1.00000  0.00     30.820    0
  stop           1.2900       1.00000  0.00     27.643    0
  34.9400        6.3200       1.49700  81.54    30.380    1
  -179.7990      0.9280       1.00000  0.00     28.440    0
  -68.9580       2.6200       1.64769  33.79    28.460    1
  121.0680       28.1110      1.00000  0.00     30.360    0
  141.9310       5.0100       1.65160  58.55    30.600    1
  -49.0330       11.7650      1.00000  0.00     30.600    0
  -28.9870       1.8800       1.83481  42.72    25.120    1
  -53.5120       30.9100      1.00000  0.00     30.360    0
  0              4.0000       1.51633  64.14    25.320    1
  0              1.0000       1.00000  0.00     25.320    0
