# Olympus Zuiko Auto-Zoom 35-70mm F4 AF
#
# Patent: JP1982-197509
# Converted from photonstophotos.net Optical Bench data
# 17 surfaces, 8 glass elements, f/4.0

name: Olympus Zuiko Auto-Zoom 35-70mm F4 AF
focal_length: 36.00

surfaces:
# radius       thickness    ior      abbe     semi_ap   coating
  50.1111        2.2000       1.69350  53.20    43.760    1
  25.4129        10.7647      1.00000  0.00     36.060    0
  1593.4330      2.2100       1.69100  54.80    36.670    1
  36.6635        3.2536       1.00000  0.00     36.670    0
  35.0650        4.2319       1.74950  35.30    33.680    1
  113.1003       36.5490      1.00000  0.00     33.680    0
  63.1339        4.3721       1.69100  54.80    25.540    1
  -114.6689      0.2000       1.00000  0.00     25.540    0
  23.3310        3.5200       1.65150  58.70    22.080    1
  110.2000       2.5206       1.00000  0.00     22.080    0
  stop           2.9600       1.00000  0.00     14.225    0
  -82.9186       3.2739       1.80518  25.40    20.130    1
  22.2117        4.1413       1.00000  0.00     20.130    0
  231.3348       4.3828       1.61290  37.00    19.710    1
  -28.5894       0.5600       1.00000  0.00     19.710    0
  0              11.5000      1.51633  64.20    25.600    1
  0              39.0300      1.00000  0.00     25.600    0
