# Olympus M.Zuiko ED 40-150mm F4.0-5.6 R
#
# Patent: US008767310
# Converted from photonstophotos.net Optical Bench data
# 26 surfaces, 14 glass elements, f/4.1

name: Olympus M.Zuiko ED 40-150mm F4.0-5.6 R
focal_length: 40.80

surfaces:
# radius       thickness    ior      abbe     semi_ap   coating
  88.5020        5.1000       1.51633  64.14    34.600    1
  -69.9160       2.1000       1.80518  25.42    34.140    1
  -130.4410      1.2000       1.00000  0.00     34.140    0
  89.5120        1.5000       1.72916  54.68    19.600    1
  15.4660        2.6500       1.80810  22.76    16.420    1
  30.5040        2.0100       1.00000  0.00     15.260    0
  -30.3520       1.0200       1.77250  49.60    15.260    1
  -327.6810      15.8530      1.00000  0.00     18.420    0
  stop           1.0000       1.00000  0.00     13.565    0
  34.7600        2.4680       1.49700  81.54    18.420    1
  -83.9680       0.2000       1.00000  0.00     18.420    0
  23.4090        3.5140       1.48749  70.23    16.380    1
  -38.2610       1.1500       1.90366  31.32    16.380    1
  197.3720       12.6540      1.00000  0.00     17.880    0
  -94.0690       0.9800       1.72342  37.95    17.420    1
  24.3690        1.6440       1.00000  0.00     17.420    0
  61.3200        2.5980       1.60311  60.64    17.740    1
  -39.5990       0.2000       1.00000  0.00     17.740    0
  26.2000        2.6890       1.77250  49.60    18.420    1
  -284.0300      9.2240       1.00000  0.00     18.420    0
  -40.2390       1.6800       1.67270  32.10    17.220    1
  -24.8290       5.0000       1.00000  0.00     15.580    0
  -22.0560       1.0000       1.74100  52.64    17.260    1
  153.4890       19.5130      1.00000  0.00     17.260    0
  0              4.0000       1.51633  64.14    26.740    1
  0              0.8000       1.00000  0.00     26.740    0
