# Olympus 35-70mm F3.6 Zuiko Auto-Zoom
#
# Patent: US004153338
# Converted from photonstophotos.net Optical Bench data
# 18 surfaces, 9 glass elements, f/3.6

name: Olympus 35-70mm F3.6 Zuiko Auto-Zoom
focal_length: 36.00

surfaces:
# radius       thickness    ior      abbe     semi_ap   coating
  62.1612        1.7604       1.64250  58.37    44.180    1
  23.9436        10.9692      1.00000  0.00     39.490    0
  -89.0424       1.8288       1.71300  53.89    35.500    1
  99.4716        0.2016       1.00000  0.00     37.700    0
  44.9244        6.0012       1.58144  40.75    37.420    1
  -135.1152      44.4110      1.00000  0.00     37.420    0
  78.8292        2.9988       1.61800  63.38    30.000    1
  -188.9964      0.1512       1.00000  0.00     30.000    0
  40.2048        2.9988       1.61800  63.38    27.140    1
  241.6032       1.9588       1.00000  0.00     27.140    0
  stop           1.0400       1.00000  0.00     18.459    0
  27.7380        7.4988       1.61800  63.38    24.850    1
  -57.4056       1.5012       1.64769  33.80    24.850    1
  29.3400        3.9996       1.00000  0.00     19.430    0
  -72.5508       1.5012       1.74950  35.19    23.950    1
  25.4232        2.5992       1.00000  0.00     18.540    0
  83.7144        2.9988       1.61659  36.63    20.160    1
  -29.7864       1.3200       1.00000  0.00     20.160    0
