# Olympus Zuiko Auto-T 200mm F5
#
# Patent: US003804494
# Converted from photonstophotos.net Optical Bench data
# 12 surfaces, 6 glass elements, f/5.0

name: Olympus Zuiko Auto-T 200mm F5
focal_length: 200.00

surfaces:
# radius       thickness    ior      abbe     semi_ap   coating
  54.7400        6.0000       1.48750  70.20    47.380    1
  174.1800       3.0000       1.00000  0.00     47.380    0
  48.9400        3.0000       1.72830  28.50    42.760    1
  31.8600        6.0000       1.50140  56.40    37.760    1
  153.3400       20.0000      1.00000  0.00     36.720    0
  0              3.0000       1.74400  44.80    28.620    1
  119.7400       18.6300      1.00000  0.00     26.400    0
  stop           31.3700      1.00000  0.00     19.606    0
  -24.1000       2.0000       1.71300  54.00    25.900    1
  -166.4800      1.0000       1.00000  0.00     28.360    0
  711.1800       5.0000       1.59270  35.50    28.540    1
  -36.5400       50.9900      1.00000  0.00     28.540    0
