# JP 2016-038418 Example 1
#
# Patent: JP2016-038418
# Converted from photonstophotos.net Optical Bench data
# 30 surfaces, 16 glass elements, f/1.4

name: JP 2016-038418 Example 1
focal_length: 24.48

surfaces:
# radius       thickness    ior      abbe     semi_ap   coating
  80.9820        1.5500       1.48749  70.23    66.280    1
  31.0930        11.0400      1.00000  0.00     52.520    0
  70.0660        2.0600       1.49700  81.61    51.360    1
  23.8740        20.9000      1.00000  0.00     43.020    0
  -44.1980       2.0000       1.58267  46.42    41.220    1
  -364.0340      0.4100       1.00000  0.00     41.700    0
  121.2740       10.0000      1.84666  23.78    42.020    1
  -143.3180      4.3300       1.00000  0.00     42.020    0
  53.1950        8.2900       1.69680  55.53    37.420    1
  -49.8890       1.5100       1.80518  25.42    37.420    1
  231.8690       5.7800       1.00000  0.00     37.420    0
  -45.2680       1.5200       1.69895  30.13    37.340    1
  46.4540        8.5400       1.49700  81.61    40.940    1
  -77.6940       0.4000       1.00000  0.00     40.940    0
  90.1490        8.0000       1.84666  23.78    44.940    1
  -78.7590       1.2000       1.00000  0.00     44.940    0
  stop           6.0600       1.00000  0.00     43.094    0
  29.6880        9.4600       1.49700  81.61    40.360    1
  155.3160       0.4000       1.00000  0.00     40.360    0
  32.4360        9.3700       1.43875  94.93    34.960    1
  -61.2960       1.5000       1.64769  33.79    32.700    1
  31.2600        4.0200       1.00000  0.00     27.300    0
  -106.7740      1.5000       1.88202  37.22    27.300    1
  543.1180       4.8100       1.00000  0.00     27.300    0
  54.2800        12.5000      1.43875  94.93    38.120    1
  -30.0080       5.5400       1.00000  0.00     38.120    0
  -41.7450       2.0000       1.68893  31.07    38.480    1
  -130.2590      6.9100       1.00000  0.00     40.200    0
  0              2.4000       1.51633  64.14    45.340    1
  0              1.0000       1.00000  0.00     45.340    0
