# Olympus 600mm f6.5 F Zuiko Auto-T
#
# Patent: US003827781
# Converted from photonstophotos.net Optical Bench data
# 11 surfaces, 6 glass elements, f/6.5

name: Olympus 600mm f6.5 F Zuiko Auto-T
focal_length: 600.00

surfaces:
# radius       thickness    ior      abbe     semi_ap   coating
  184.1040       15.0240      1.48749  70.10    95.450    1
  -516.7320      33.5220      1.00000  0.00     95.450    0
  -460.8360      6.0120       1.80452  39.60    82.450    1
  1137.9900      1.2000       1.00000  0.00     82.450    0
  140.1720       14.0220      1.48749  70.10    82.120    1
  -325.7460      5.0100       1.61340  43.80    82.120    1
  369.4020       109.8350     1.00000  0.00     82.120    0
  stop           92.0230      1.00000  0.00     45.225    0
  -73.6440       3.5040       1.71300  54.00    34.810    1
  257.4720       6.0120       1.69895  30.10    34.810    1
  -144.2280      134.2200     1.00000  0.00     34.810    0
