# Olympus 1000mm f11 E Zuiko Auto-T
#
# Patent: DE02206106
# Converted from photonstophotos.net Optical Bench data
# 11 surfaces, 5 glass elements, f/11.0

name: Olympus 1000mm f11 E Zuiko Auto-T
focal_length: 1000.00

surfaces:
# radius       thickness    ior      abbe     semi_ap   coating
  380.7900       13.5100      1.61800  63.38    106.960   1
  -229.7500      0.1400       1.00000  0.00     106.960   0
  -238.1100      8.0000       1.75520  27.50    106.960   1
  129.3700       2.0900       1.00000  0.00     106.960   0
  133.2300       13.2500      1.78170  25.60    106.960   1
  -1131.6700     340.6200     1.00000  0.00     106.960   0
  stop           0.0000       1.00000  0.00     30.083    0
  239.2800       2.9900       1.69900  30.10    44.460    1
  655.2200       0.5000       1.00000  0.00     44.460    0
  0              3.7000       1.56870  63.10    44.460    1
  117.9900       317.2900     1.00000  0.00     44.460    0
