# Olympus Zuiko Auto-S 50mm F1.8
#
# Patent: US004728179
# Converted from photonstophotos.net Optical Bench data
# 11 surfaces, 6 glass elements, f/1.9

name: Olympus Zuiko Auto-S 50mm F1.8
focal_length: 51.84

surfaces:
# radius       thickness    ior      abbe     semi_ap   coating
  33.7900        4.5000       1.78472  25.68    30.820    1
  130.2830       0.1500       1.00000  0.00     30.820    0
  21.4580        6.5900       1.60311  60.70    26.080    1
  349.3060       1.3000       1.78472  25.71    26.080    1
  14.9890        6.9700       1.00000  0.00     19.780    0
  stop           6.0300       1.00000  0.00     18.847    0
  -15.1340       1.6500       1.72825  28.46    20.920    1
  -490.5380      5.6000       1.80610  40.95    24.180    1
  -20.3160       0.1500       1.00000  0.00     25.000    0
  246.5770       3.2300       1.80610  40.95    26.140    1
  -48.6850       37.8600      1.00000  0.00     26.140    0
