# Olympus 75-150mm f4 Zuiko Auto-Zoom
#
# Patent: US003796481
# Converted from photonstophotos.net Optical Bench data
# 27 surfaces, 15 glass elements, f/4.0

name: Olympus 75-150mm f4 Zuiko Auto-Zoom
focal_length: 76.50

surfaces:
# radius       thickness    ior      abbe     semi_ap   coating
  78.8280        4.0900       1.51633  64.15    45.380    1
  441.6790       0.1900       1.00000  0.00     45.380    0
  74.6390        1.9000       1.74077  27.79    41.950    1
  44.1100        5.8000       1.51821  65.04    40.740    1
  1742.4500      2.0860       1.00000  0.00     40.740    0
  -175.3620      1.7000       1.61800  63.38    30.180    1
  133.1750       2.9600       1.78470  26.22    30.180    1
  -80.7400       0.3800       1.00000  0.00     30.180    0
  -214.6350      1.4300       1.57250  57.65    26.070    1
  39.9800        5.2600       1.00000  0.00     25.580    0
  -35.0680       1.4300       1.61800  63.38    25.580    1
  626.8800       25.3710      1.00000  0.00     25.580    0
  84.0700        1.1300       1.74077  27.79    24.550    1
  36.1910        3.9500       1.62230  53.20    24.550    1
  -105.4400      4.1500       1.00000  0.00     24.550    0
  stop           2.5570       1.00000  0.00     23.972    0
  25.9130        3.3000       1.50378  66.81    24.550    1
  108.2550       0.1500       1.00000  0.00     24.550    0
  46.9230        2.5000       1.50048  65.99    24.180    1
  98.5490        0.2000       1.00000  0.00     24.180    0
  24.8300        5.7400       1.50378  66.81    22.210    1
  -115.1090      2.0000       1.74400  44.78    20.850    1
  16.9500        26.0000      1.00000  0.00     18.340    0
  51.8760        7.0000       1.60717  40.34    28.980    1
  -28.1030       1.4400       1.00000  0.00     28.980    0
  -26.9620       1.4300       1.66755  41.93    26.760    1
  248.5540       44.3900      1.00000  0.00     30.720    0
