# Olympus M.Zuiko 12mm F2.0
#
# Patent: US008248716
# Converted from photonstophotos.net Optical Bench data
# 21 surfaces, 11 glass elements, f/2.1

name: Olympus M.Zuiko 12mm F2.0
focal_length: 12.19

surfaces:
# radius       thickness    ior      abbe     semi_ap   coating
  33.6890        1.7500       1.78590  44.20    26.820    1
  14.0860        2.4760       1.00000  0.00     22.120    0
  17.1660        1.7000       1.67790  55.34    21.140    1
  9.4450         4.9470       1.00000  0.00     18.400    0
  92.6750        2.7400       1.88300  40.80    17.760    1
  -40.3810       0.6350       1.00000  0.00     17.760    0
  -27.8360       1.2000       1.48749  70.23    16.880    1
  13.6490        3.4370       1.72151  29.23    14.800    1
  82.7510        1.6450       1.00000  0.00     14.800    0
  52.0050        0.9000       1.76182  26.52    12.840    1
  17.0760        0.1890       1.00000  0.00     12.840    0
  12.0540        3.3820       1.69700  48.52    12.080    1
  -43.2110       1.1340       1.00000  0.00     12.080    0
  stop           4.7300       1.00000  0.00     9.419     0
  -8.9810        0.8000       1.80518  25.42    10.540    1
  28.1240        2.2840       1.88300  40.80    12.940    1
  -41.2310       0.1500       1.00000  0.00     13.280    0
  56.2950        4.9210       1.74320  49.34    16.120    1
  -14.4560       3.0348       1.00000  0.00     16.120    0
  25.5190        3.5710       1.51742  52.43    20.260    1
  -1000.0000     15.0407      1.00000  0.00     20.260    0
