# Olympus 24mm f2 J Zuiko Auto-W
#
# Patent: US003830559
# Converted from photonstophotos.net Optical Bench data
# 19 surfaces, 10 glass elements, f/2.0

name: Olympus 24mm f2 J Zuiko Auto-W
focal_length: 24.00

surfaces:
# radius       thickness    ior      abbe     semi_ap   coating
  41.2360        4.9000       1.75700  47.90    36.320    1
  127.1890       0.2000       1.00000  0.00     36.320    0
  49.4790        1.7600       1.62000  60.30    29.060    1
  17.7100        1.9600       1.00000  0.00     22.600    0
  28.6480        1.4700       1.62000  60.30    24.180    1
  13.0350        2.8400       1.00000  0.00     19.360    0
  22.0140        1.4700       1.67000  57.30    21.460    1
  14.6010        3.4300       1.00000  0.00     17.440    0
  23.1680        1.4700       1.77300  49.60    19.540    1
  13.5640        11.2700      1.59600  39.20    19.540    1
  -56.9470       0.9000       1.00000  0.00     19.540    0
  stop           1.4500       1.00000  0.00     17.556    0
  -106.2550      10.2900      1.77300  49.60    19.620    1
  -12.4760       1.5700       1.68900  31.10    21.380    1
  55.1020        2.2000       1.00000  0.00     21.380    0
  -68.0160       2.6900       1.69700  55.60    21.560    1
  -21.2570       0.2000       1.00000  0.00     21.560    0
  89.9770        3.7200       1.69700  55.60    24.340    1
  -55.0140       37.5100      1.00000  0.00     24.340    0
