# Olympus Zuiko Auto-T 350mm F2.8
#
# Patent: JP1983-014810
# Converted from photonstophotos.net Optical Bench data
# 15 surfaces, 8 glass elements, f/2.8

name: Olympus Zuiko Auto-T 350mm F2.8
focal_length: 350.00

surfaces:
# radius       thickness    ior      abbe     semi_ap   coating
  198.8770       17.5040      1.49700  81.60    129.280   1
  -557.6940      1.2360       1.00000  0.00     129.280   0
  145.0580       18.5330      1.49700  81.60    121.240   1
  -672.5320      4.0150       1.00000  0.00     121.240   0
  -467.1660      8.2360       1.68895  31.10    111.350   1
  346.5630       73.9870      1.00000  0.00     111.350   0
  -340.9700      7.2070       1.72151  29.20    68.380    1
  -94.7070       4.1200       1.55963  71.20    68.380    1
  241.3320       2.7070       1.00000  0.00     61.040    0
  stop           4.5000       1.00000  0.00     59.847    0
  0              4.1200       1.55963  61.20    62.270    1
  90.9200        22.7430      1.00000  0.00     62.270    0
  327.4710       4.1200       1.68895  31.10    59.050    1
  101.1050       8.2360       1.69100  54.80    59.050    1
  -189.0910      105.8700     1.00000  0.00     59.050    0
