# Olympus Zuiko Auto-T 100mm F2.8
#
# Patent: US003749478
# Converted from photonstophotos.net Optical Bench data
# 11 surfaces, 5 glass elements, f/2.8

name: Olympus Zuiko Auto-T 100mm F2.8
focal_length: 100.00

surfaces:
# radius       thickness    ior      abbe     semi_ap   coating
  40.1100        4.7200       1.58913  61.11    36.620    1
  232.3100       0.4200       1.00000  0.00     36.620    0
  32.1300        3.3600       1.56873  63.16    34.520    1
  50.1600        0.2500       1.00000  0.00     34.520    0
  34.0600        6.3900       1.70154  41.10    31.960    1
  41.5900        2.6100       1.00000  0.00     27.860    0
  84.5000        3.8900       1.78470  26.22    26.370    1
  19.6000        11.2700      1.00000  0.00     22.250    0
  stop           14.5100      1.00000  0.00     19.538    0
  64.8600        2.5500       1.78470  26.22    26.300    1
  179.9500       42.8700      1.00000  0.00     24.010    0
