# Olympus M.Zuiko 14-42mm F3.5-5.6 II
#
# Patent: US008767310
# Converted from photonstophotos.net Optical Bench data
# 18 surfaces, 9 glass elements, f/3.6

name: Olympus M.Zuiko 14-42mm F3.5-5.6 II
focal_length: 14.28

surfaces:
# radius       thickness    ior      abbe     semi_ap   coating
  65.9780        1.8000       1.78800  47.37    23.160    1
  12.4500        3.9810       1.00000  0.00     18.460    0
  90.0000        2.0000       1.52542  55.78    18.380    1
  20.1800        3.5240       1.00000  0.00     18.380    0
  22.9240        2.6070       1.84666  23.78    17.220    1
  49.6580        26.8740      1.00000  0.00     17.220    0
  stop           1.0000       1.00000  0.00     11.015    0
  13.8460        4.3390       1.58313  59.46    14.200    1
  -30.9110       3.9370       1.00000  0.00     14.200    0
  -49.0290       1.0000       1.80440  39.59    11.940    1
  9.8210         4.8130       1.49700  81.54    11.940    1
  -14.6050       1.7000       1.00000  0.00     12.280    0
  31.4730        1.9910       1.52542  55.78    13.080    1
  14.1650        8.5870       1.00000  0.00     13.080    0
  -74.6400       2.8000       1.80100  34.97    19.740    1
  -37.2830       12.9930      1.00000  0.00     19.740    0
  0              4.0000       1.51633  64.14    24.780    1
  0              0.8000       1.00000  0.00     24.780    0
