# Olympus Zuiko Auto-Zoom 65-200mm F4
#
# Patent: US004568150
# Converted from photonstophotos.net Optical Bench data
# 26 surfaces, 14 glass elements, f/4.2

name: Olympus Zuiko Auto-Zoom 65-200mm F4
focal_length: 66.92

surfaces:
# radius       thickness    ior      abbe     semi_ap   coating
  125.0059       2.6000       1.78472  25.68    53.500    1
  58.4160        6.8000       1.62299  58.14    53.500    1
  0              0.1500       1.00000  0.00     53.500    0
  88.0510        4.6000       1.62299  58.14    48.380    1
  0              2.1280       1.00000  0.00     48.380    0
  -212.4540      1.7000       1.74320  49.31    34.040    1
  24.1010        3.4000       1.78472  25.68    29.940    1
  35.6490        4.0000       1.00000  0.00     27.560    0
  -53.1720       1.6000       1.77250  49.66    25.680    1
  95.6530        0.6400       1.00000  0.00     26.540    0
  68.3100        3.2000       1.78472  25.68    28.760    1
  -233.9318      36.3550      1.00000  0.00     28.760    0
  117.3390       5.8000       1.51112  60.48    29.600    1
  -30.7220       2.0000       1.78472  25.68    29.600    1
  -52.8370       10.9820      1.00000  0.00     29.600    0
  stop           1.7000       1.00000  0.00     27.645    0
  26.4827        5.6000       1.50048  65.99    28.580    1
  0              2.2000       1.00000  0.00     28.580    0
  -128.0029      2.0000       1.80610  40.95    28.580    1
  199.5243       19.9834      1.00000  0.00     28.580    0
  100.7291       3.6000       1.51742  52.41    24.400    1
  -63.4132       10.9209      1.00000  0.00     24.400    0
  -19.6359       1.8000       1.77250  49.66    22.380    1
  -81.8964       8.5646       1.00000  0.00     24.300    0
  113.1923       4.0000       1.51112  60.48    32.780    1
  -132.6134      43.6600      1.00000  0.00     32.780    0
