# JP 2016-038418 Example 2
#
# Patent: JP2016-038418
# Converted from photonstophotos.net Optical Bench data
# 27 surfaces, 15 glass elements, f/1.4

name: JP 2016-038418 Example 2
focal_length: 49.00

surfaces:
# radius       thickness    ior      abbe     semi_ap   coating
  72.8320        2.0600       1.51633  64.14    53.720    1
  33.4390        16.3800      1.00000  0.00     47.840    0
  -53.9190       2.0000       1.64769  33.79    47.840    1
  83.9790        8.1100       2.00069  25.46    48.980    1
  -107.1530      1.9700       1.00000  0.00     48.980    0
  58.3910        11.8200      1.69680  55.53    44.380    1
  -43.4270       1.5000       1.74077  27.79    44.060    1
  97.4920        10.1200      1.00000  0.00     44.060    0
  -40.4730       1.5000       1.69895  30.13    43.500    1
  82.6970        8.7400       1.43875  94.93    48.360    1
  -70.8210       0.7600       1.00000  0.00     48.360    0
  221.8160       8.6300       1.84666  23.78    54.040    1
  -65.8440       1.2000       1.00000  0.00     54.040    0
  stop           12.6700      1.00000  0.00     51.614    0
  35.1870        12.0000      1.49700  81.61    48.580    1
  157.3380       0.4400       1.00000  0.00     48.580    0
  32.0950        12.0000      1.43875  94.93    40.780    1
  -270.5550      2.5900       1.64769  33.79    36.350    1
  37.1080        4.2900       1.00000  0.00     31.100    0
  -140.8180      2.0000       1.88202  37.22    31.100    1
  282.5420       4.5000       1.00000  0.00     31.100    0
  178.0920       5.9600       1.65160  58.55    34.840    1
  -63.3200       4.4300       1.00000  0.00     34.840    0
  -50.4200       2.0000       1.84666  23.78    36.680    1
  -126.9170      13.9500      1.00000  0.00     36.680    0
  0              2.4000       1.51633  64.14    45.160    1
  0              1.0000       1.00000  0.00     45.160    0
