# Olympus 24mm F2.8 Zuiko Auto-W
#
# Patent: US003994574
# Converted from photonstophotos.net Optical Bench data
# 16 surfaces, 8 glass elements, f/2.8

name: Olympus 24mm F2.8 Zuiko Auto-W
focal_length: 24.00

surfaces:
# radius       thickness    ior      abbe     semi_ap   coating
  49.1616        2.9400       1.69680  55.60    31.690    1
  147.2808       0.0984       1.00000  0.00     23.800    0
  23.5944        0.9792       1.61290  37.00    23.140    1
  9.0144         3.5688       1.00000  0.00     14.220    0
  51.6384        0.9792       1.63850  55.40    19.320    1
  14.1600        2.3232       1.00000  0.00     14.690    0
  20.4528        13.2312      1.80520  25.40    13.910    1
  403.9752       0.4552       1.00000  0.00     13.910    0
  stop           1.4552       1.00000  0.00     12.324    0
  120.1656       4.2624       1.72920  54.70    14.670    1
  -23.9832       1.6656       1.80520  25.40    14.670    1
  50.6712        0.9792       1.00000  0.00     13.460    0
  -56.7720       1.9608       1.69680  55.60    15.420    1
  -16.8576       0.0984       1.00000  0.00     15.420    0
  -112.8960      1.8816       1.69680  55.60    17.020    1
  -24.0864       36.7512      1.00000  0.00     17.020    0
