# Olympus Zuiko Digital ED 300mm F2.8
#
# Patent: US20040017605
# Converted from photonstophotos.net Optical Bench data
# 23 surfaces, 12 glass elements, f/2.8

name: Olympus Zuiko Digital ED 300mm F2.8
focal_length: 300.00

surfaces:
# radius       thickness    ior      abbe     semi_ap   coating
  248.8583       6.2258       1.74950  35.28    107.660   1
  149.7739       2.1820       1.00000  0.00     107.660   0
  133.6304       18.5000      1.49700  81.54    106.980   1
  -317.0995      0.5859       1.00000  0.00     106.980   0
  130.9539       14.4960      1.49700  81.54    102.980   1
  938.4581       7.4719       1.00000  0.00     102.980   0
  -399.8887      6.0000       1.83400  37.16    97.660    1
  -5911.8564     52.2724      1.00000  0.00     97.660    0
  -1176.4309     9.5252       1.84666  23.78    66.980    1
  -139.4432      3.5880       1.63930  44.87    65.320    1
  -8552.4362     1.2541       1.00000  0.00     65.320    0
  -1073.3817     3.4426       1.69680  55.53    62.980    1
  93.0994        36.8207      1.00000  0.00     62.980    0
  86.4715        3.5687       1.80100  34.97    60.820    1
  57.0560        1.6186       1.00000  0.00     60.820    0
  58.0496        12.1657      1.49700  81.54    58.680    1
  -190.3950      5.2200       1.00000  0.00     58.680    0
  stop           12.0000      1.00000  0.00     49.107    0
  -719.5271      4.5680       1.56732  42.82    47.220    1
  52.1479        10.0933      1.80610  40.92    45.620    1
  529.2439       0.5526       1.00000  0.00     45.620    0
  68.1373        6.3521       1.69680  55.53    43.220    1
  42.0858        96.5000      1.00000  0.00     40.540    0
