# Olympus M.Zuiko ED 14-42mm F3.5-5.6 EZ
#
# Patent: US20140354858
# Converted from photonstophotos.net Optical Bench data
# 16 surfaces, 8 glass elements, f/3.6

name: Olympus M.Zuiko ED 14-42mm F3.5-5.6 EZ
focal_length: 14.32

surfaces:
# radius       thickness    ior      abbe     semi_ap   coating
  44.8460        0.5000       1.77250  49.60    18.120    1
  10.0800        4.1500       1.00000  0.00     14.880    0
  -40.1890       0.7600       1.53071  55.69    15.340    1
  38.5300        0.1900       1.00000  0.00     14.900    0
  17.8210        1.7000       2.00069  25.46    14.720    1
  37.6910        17.9970      1.00000  0.00     13.520    0
  12.1470        2.7110       1.74156  49.21    11.120    1
  -62.7400       1.0000       1.00000  0.00     11.120    0
  stop           1.1200       1.00000  0.00     8.440     0
  136.8520       0.5200       1.74951  35.33    10.120    1
  6.9620         4.2000       1.49700  81.54    9.280     1
  -15.5880       1.2680       1.00000  0.00     9.280     0
  47.3280        0.4000       1.53071  55.69    8.740     1
  10.3520        10.1050      1.00000  0.00     8.740     0
  -99.9290       2.3000       1.83481  42.73    20.820    1
  -26.8500       15.3340      1.00000  0.00     20.820    0
