# Olympus M.Zuiko ED 12-40mm f2.8 Pro
#
# Patent: US20140139720
# Converted from photonstophotos.net Optical Bench data
# 26 surfaces, 15 glass elements, f/2.9

name: Olympus M.Zuiko ED 12-40mm f2.8 Pro
focal_length: 12.25

surfaces:
# radius       thickness    ior      abbe     semi_ap   coating
  55.0572        2.4000       1.92286  18.90    47.880    1
  44.2744        7.1010       1.69680  55.53    45.700    1
  207.8490       0.8433       1.00000  0.00     45.700    0
  159.5696       1.5000       1.74320  49.29    30.820    1
  12.8384        7.3320       1.00000  0.00     20.160    0
  -22.1355       1.2000       1.49700  81.54    20.160    1
  22.1355        4.2410       1.75520  27.51    18.660    1
  -56.8950       1.8070       1.00000  0.00     18.660    0
  -16.7113       1.1000       1.77250  49.60    15.920    1
  -29.9316       19.7674      1.00000  0.00     17.300    0
  stop           1.0000       1.00000  0.00     11.663    0
  29.3834        4.5960       1.58313  59.38    19.760    1
  -148.0986      3.5300       1.00000  0.00     19.760    0
  91.1635        4.6320       1.49700  81.54    22.080    1
  -24.2108       0.1300       1.00000  0.00     22.080    0
  42.3361        1.2000       1.80518  25.42    21.120    1
  15.6885        8.2960       1.49700  81.54    19.880    1
  -32.0641       1.8876       1.00000  0.00     19.880    0
  573.6706       0.9200       1.80610  40.88    14.300    1
  12.8813        2.0410       1.94595  17.98    14.300    1
  17.2342        4.6989       1.00000  0.00     14.300    0
  30.0105        1.3950       2.00069  25.46    23.020    1
  22.6466        7.1730       1.58313  59.38    23.020    1
  -36.2011       12.5585      1.00000  0.00     23.720    0
  0              4.0000       1.51633  64.14    28.640    1
  0              0.8000       1.00000  0.00     28.640    0
