# Olympus OM M. Zuiko Digital ED 90mm F3.5 Macro IS Pro
#
# Patent: JP2024-066164
# Converted from photonstophotos.net Optical Bench data
# 34 surfaces, 19 glass elements, f/3.6

name: Olympus OM M. Zuiko Digital ED 90mm F3.5 Macro IS Pro
focal_length: 88.21

surfaces:
# radius       thickness    ior      abbe     semi_ap   coating
  91.3060        1.5000       1.48749  70.23    32.350    1
  40.9570        1.4600       1.00000  0.00     29.640    0
  75.6420        3.7600       1.59282  68.62    30.980    1
  -124.3170      0.2000       1.00000  0.00     30.980    0
  94.3610        5.5700       1.59282  68.62    29.720    1
  -35.8620       1.3500       2.00100  29.13    29.720    1
  -96.6970       0.1500       1.00000  0.00     30.380    0
  40.3380        4.8000       1.43875  94.66    27.740    1
  -67.7140       1.1931       1.00000  0.00     27.740    0
  -578.5881      2.9900       1.84666  23.78    23.690    1
  -38.6633       0.8000       1.69680  55.53    23.690    1
  48.1594        2.3800       1.00000  0.00     19.400    0
  -53.8124       0.8500       1.49700  81.54    24.350    1
  32.3387        21.6627      1.00000  0.00     20.500    0
  stop           27.7204      1.00000  0.00     18.332    0
  60.7248        1.1000       1.78880  28.43    25.020    1
  31.5673        4.9500       1.43875  94.66    24.360    1
  -52.9997       0.1500       1.00000  0.00     24.360    0
  43.9932        4.0000       1.49700  81.61    24.950    1
  -73.7617       3.5261       1.00000  0.00     24.950    0
  -280.7900      0.8500       1.51742  52.43    23.680    1
  65.8571        3.0288       1.00000  0.00     21.280    0
  44.0764        3.1550       1.85478  24.80    20.380    1
  -90.0110       0.8000       1.53996  59.46    20.380    1
  16.7825        4.3000       1.00000  0.00     18.170    0
  -36.6931       0.8000       1.62004  36.26    21.040    1
  50.4154        2.8736       1.00000  0.00     18.230    0
  80.7376        2.9000       1.90043  37.37    25.150    1
  -140.7367      0.2000       1.00000  0.00     25.150    0
  25.1562        6.6500       1.58913  61.14    24.390    1
  -43.3887       1.0000       1.78880  28.43    24.390    1
  92.4526        30.6490      1.00000  0.00     27.690    0
  0              4.1082       1.51633  64.14    29.400    1
  0              2.0450       1.00000  0.00     29.400    0
