# Olympus M.Zuiko Digital ED 75mm F1.8
#
# Patent: JP2013-161076
# Converted from photonstophotos.net Optical Bench data
# 20 surfaces, 10 glass elements, f/1.8

name: Olympus M.Zuiko Digital ED 75mm F1.8
focal_length: 74.56

surfaces:
# radius       thickness    ior      abbe     semi_ap   coating
  61.9043        7.0200       1.58913  61.25    52.390    1
  2139.6178      0.2000       1.00000  0.00     52.390    0
  38.9573        7.0000       1.49700  81.61    46.120    1
  122.7186       3.6300       1.00000  0.00     40.370    0
  27.5314        5.1000       1.49700  81.61    34.600    1
  52.7129        1.6300       1.00000  0.00     30.560    0
  143.8344       1.2000       1.67270  32.17    31.470    1
  22.6517        5.7600       1.00000  0.00     26.210    0
  stop           3.0200       1.00000  0.00     23.984    0
  39.0179        5.1200       1.49700  81.61    24.900    1
  926.6937       2.6700       1.00000  0.00     24.900    0
  218.7779       0.9000       1.58913  61.25    20.260    1
  21.1087        11.2400      1.00000  0.00     20.260    0
  267.3977       1.0000       1.80518  25.46    22.390    1
  19.0976        7.0700       1.90366  31.32    22.390    1
  -32.6233       2.0400       1.00000  0.00     22.390    0
  -29.2555       1.0000       1.74950  35.04    20.460    1
  39.0008        0.6800       1.00000  0.00     22.070    0
  30.7170        3.5600       1.91082  35.25    22.980    1
  0              17.0008      1.00000  0.00     22.980    0
