# Olympus 400mm f6.3 E Zuiko Auto-T
#
# Patent: US003864027
# Converted from photonstophotos.net Optical Bench data
# 11 surfaces, 5 glass elements, f/6.3

name: Olympus 400mm f6.3 E Zuiko Auto-T
focal_length: 400.00

surfaces:
# radius       thickness    ior      abbe     semi_ap   coating
  88.8200        11.9840      1.48749  70.10    68.520    1
  -164.1960      10.7720      1.00000  0.00     68.520    0
  -127.7560      7.4560       1.74950  35.20    60.320    1
  -437.6400      2.0240       1.00000  0.00     60.320    0
  -689.6080      8.4880       1.59270  35.60    60.500    1
  0              97.4100      1.00000  0.00     60.500    0
  stop           44.9940      1.00000  0.00     27.783    0
  -51.6200       3.6680       1.65100  56.20    36.800    1
  2361.9680      11.7120      1.00000  0.00     36.800    0
  507.0200       5.2200       1.60342  38.00    36.800    1
  -96.5280       96.6300      1.00000  0.00     36.800    0
