# Olympus Zuiko Digital ED 7-14mm F4.0
#
# Patent: US007280284
# Converted from photonstophotos.net Optical Bench data
# 31 surfaces, 18 glass elements, f/4.0

name: Olympus Zuiko Digital ED 7-14mm F4.0
focal_length: 7.10

surfaces:
# radius       thickness    ior      abbe     semi_ap   coating
  42.3800        4.0000       1.78590  44.20    67.420    1
  26.3900        8.3000       1.00000  0.00     50.860    0
  19.4100        4.0000       1.69350  53.18    49.500    1
  9.0300         11.6000      1.00000  0.00     37.560    0
  58.6900        2.7000       1.88300  40.76    34.820    1
  22.8800        10.5000      1.00000  0.00     29.700    0
  -29.4800       2.0000       1.49700  81.54    30.040    1
  -116.0500      0.2000       1.00000  0.00     30.040    0
  31.0800        8.5000       1.54814  45.79    30.220    1
  -53.5500       0.3000       1.00000  0.00     30.220    0
  48.0400        1.6000       1.49700  81.54    25.600    1
  20.0300        1.8000       1.00000  0.00     23.040    0
  34.6800        7.8000       1.55715  40.90    23.040    1
  -19.0400       1.3000       1.88300  40.76    21.340    1
  -52.6700       6.8000       1.00000  0.00     21.520    0
  -37.3300       1.2000       1.71628  54.33    17.240    1
  20.4900        2.4000       1.87753  35.66    16.900    1
  109.3600       16.7000      1.00000  0.00     16.900    0
  stop           3.2000       1.00000  0.00     9.748     0
  13.8600        3.6000       1.51742  52.43    14.860    1
  60.3100        1.0000       1.88300  40.76    14.860    1
  9.9100         4.9000       1.62004  36.26    14.320    1
  -813.0300      0.2000       1.00000  0.00     14.320    0
  29.6400        3.5000       1.49700  81.54    14.320    1
  -22.0100       1.1000       1.71700  47.92    14.320    1
  90.0300        0.2000       1.00000  0.00     14.320    0
  21.3800        4.9000       1.49700  81.54    15.180    1
  -19.6000       0.2000       1.00000  0.00     15.180    0
  -24.0000       1.1000       1.88300  40.76    15.180    1
  21.5200        5.2000       1.48749  70.23    15.620    1
  -15.0600       33.6000      1.00000  0.00     16.600    0
