# Olympus M.Zuiko ED 45mm F1.2 Pro
#
# Patent: JP2019-023693
# Converted from photonstophotos.net Optical Bench data
# 27 surfaces, 15 glass elements, f/1.3

name: Olympus M.Zuiko ED 45mm F1.2 Pro
focal_length: 44.10

surfaces:
# radius       thickness    ior      abbe     semi_ap   coating
  64.8169        5.7367       1.95375  32.32    46.760    1
  0              0.5471       1.00000  0.00     46.760    0
  30.5121        4.3742       1.92286  20.88    37.260    1
  34.7793        3.5949       1.00000  0.00     31.360    0
  97.2682        1.0000       1.64769  33.84    31.990    1
  20.7908        7.1072       1.00000  0.00     26.950    0
  stop           5.6691       1.00000  0.00     24.724    0
  -27.7117       1.0000       1.75211  25.05    25.850    1
  27.7117        7.5177       1.85135  40.10    30.170    1
  -68.5749       0.1629       1.00000  0.00     30.170    0
  80.4340        6.5884       1.59282  68.63    33.790    1
  -41.9887       0.8000       1.85478  24.80    33.790    1
  41.9887        7.3908       1.87070  40.73    33.790    1
  -56.2507       0.1500       1.00000  0.00     33.790    0
  153.3223       4.4981       1.92286  20.88    33.790    1
  -70.6979       1.7000       1.00000  0.00     33.790    0
  80.4673        0.7000       1.56732  42.84    29.470    1
  21.5186        9.5346       1.00000  0.00     25.690    0
  32.2679        5.2311       1.92286  20.88    26.460    1
  -123.4875      0.3677       1.00000  0.00     26.460    0
  1000.0000      3.4186       1.87070  40.73    24.860    1
  -40.1517       0.8000       1.80809  22.76    24.860    1
  23.4881        2.2933       1.00000  0.00     21.470    0
  37.4085        2.5209       1.87070  40.73    23.400    1
  73.6554        13.5159      1.00000  0.00     23.400    0
  0              4.0000       1.51680  64.20    23.380    1
  0              1.0000       1.00000  0.00     23.380    0
