# Olympus Zuiko Auto-S 50mm F1.2
#
# Patent: US004099843
# Converted from photonstophotos.net Optical Bench data
# 14 surfaces, 7 glass elements, f/1.2

name: Olympus Zuiko Auto-S 50mm F1.2
focal_length: 50.00

surfaces:
# radius       thickness    ior      abbe     semi_ap   coating
  41.0855        5.1100       1.83481  42.82    41.820    1
  189.5010       0.0950       1.00000  0.00     41.820    0
  27.4415        5.3900       1.83400  37.19    37.960    1
  40.7050        1.4400       1.00000  0.00     34.220    0
  63.1595        1.6450       1.72825  28.46    34.220    1
  17.1520        8.2680       1.00000  0.00     27.820    0
  stop           8.7070       1.00000  0.00     27.475    0
  -16.4095       1.5550       1.84666  23.90    27.600    1
  -52.8845       5.7450       1.67790  55.33    34.360    1
  -23.8310       0.0950       1.00000  0.00     36.080    0
  -81.7085       5.4750       1.77250  49.60    38.370    1
  -28.7585       0.0950       1.00000  0.00     38.370    0
  87.0250        2.9100       1.79952  42.24    31.840    1
  -217.7490      37.3100      1.00000  0.00     34.870    0
