# US 5,808,808 Example 1
#
# Patent: US005808808
# Converted from photonstophotos.net Optical Bench data
# 10 surfaces, 5 glass elements, f/2.9

name: US 5,808,808 Example 1
focal_length: 16.08

surfaces:
# radius       thickness    ior      abbe     semi_ap   coating
  42.0470        3.8730       1.69680  55.53    44.130    1
  14.3899        12.4600      1.00000  0.00     26.900    0
  108.0948       3.5380       1.84666  23.78    27.140    1
  -653.5641      16.8700      1.00000  0.00     27.140    0
  stop           0.0150       1.00000  0.00     9.529     0
  12.6050        1.0000       1.80518  25.43    10.380    1
  7.5285         7.8770       1.69680  55.53    9.940     1
  -63.6768       10.3660      1.00000  0.00     9.940     0
  -7.9374        2.0000       1.62230  53.20    14.680    1
  -13.4209       7.0200       1.00000  0.00     20.520    0
