# Olympus M.Zuiko ED 300mm F4.0 IS Pro
#
# Patent: US010107992
# Converted from photonstophotos.net Optical Bench data
# 30 surfaces, 18 glass elements, f/4.1

name: Olympus M.Zuiko ED 300mm F4.0 IS Pro
focal_length: 291.00

surfaces:
# radius       thickness    ior      abbe     semi_ap   coating
  84.0420        10.5400      1.48749  70.23    72.980    1
  355.1690       45.9800      1.00000  0.00     72.980    0
  117.3150       3.2000       1.73400  51.47    55.060    1
  50.6250        9.1700       1.43875  94.93    52.000    1
  436.3170       1.0000       1.00000  0.00     52.000    0
  62.9210        10.3700      1.43875  94.93    49.080    1
  -126.9630      3.0600       1.80610  40.92    47.900    1
  220.1010       23.9700      1.00000  0.00     47.900    0
  77.0920        2.6100       1.73400  51.47    36.980    1
  39.0840        7.1800       1.54814  45.79    35.600    1
  -608.5400      3.5300       1.00000  0.00     35.600    0
  stop           20.3000      1.00000  0.00     31.053    0
  785.0480       2.1000       1.80810  22.76    21.100    1
  -97.8840       0.8000       1.71300  53.87    20.480    1
  30.7700        23.9900      1.00000  0.00     19.440    0
  35.0220        5.5200       1.43875  94.93    22.760    1
  -88.5400       3.9400       1.00000  0.00     22.760    0
  272.2760       2.4500       1.92286  20.88    20.580    1
  -57.4820       0.9000       1.61800  63.40    20.400    1
  22.9930        3.9600       1.00000  0.00     20.400    0
  -35.5780       0.9000       1.69680  55.53    20.400    1
  47.7100        3.2800       1.00000  0.00     20.400    0
  55.3250        8.1100       1.74951  35.33    24.280    1
  -23.4820       1.8000       1.92286  20.88    24.280    1
  -79.4580       0.3000       1.00000  0.00     25.480    0
  55.2930        8.4900       1.59551  39.24    26.540    1
  -27.7070       2.3000       1.92286  20.88    26.540    1
  -47.7990       29.4500      1.00000  0.00     27.300    0
  0              4.0000       1.51633  64.14    30.900    1
  0              0.8000       1.00000  0.00     30.900    0
