# US 5,623,371 Example 1
#
# Patent: US005623371
# Converted from photonstophotos.net Optical Bench data
# 18 surfaces, 9 glass elements, f/2.9

name: US 5,623,371 Example 1
focal_length: 51.25

surfaces:
# radius       thickness    ior      abbe     semi_ap   coating
  -39.2667       1.7000       1.74077  27.79    21.120    1
  -78.0650       0.1400       1.00000  0.00     21.120    0
  52.2906        3.3990       1.83481  42.72    19.860    1
  -71.9177       2.0797       1.00000  0.00     19.860    0
  24.7464        2.6940       1.83481  42.72    17.830    1
  49.8603        0.8400       1.00000  0.00     16.390    0
  451.2577       1.1500       1.57501  41.49    16.860    1
  17.4021        3.8711       1.00000  0.00     14.910    0
  stop           5.1400       1.00000  0.00     14.265    0
  -14.4520       1.4500       1.69895  30.12    14.140    1
  -653.4820      4.0940       1.77250  49.60    18.530    1
  -20.0807       0.2980       1.00000  0.00     18.530    0
  -108.7353      2.3820       1.83481  42.72    20.720    1
  -34.3854       0.8300       1.00000  0.00     20.720    0
  -60.7588       4.9770       1.58144  40.77    25.650    1
  -21.6357       0.5540       1.00000  0.00     28.550    0
  -21.4059       1.9000       1.83400  37.17    27.720    1
  -38.0724       38.5000      1.00000  0.00     30.720    0
