# Olympus 16mm f3.5 Zuiko Auto-Fisheye
#
# Patent: US003850509
# Converted from photonstophotos.net Optical Bench data
# 20 surfaces, 10 glass elements, f/3.5

name: Olympus 16mm f3.5 Zuiko Auto-Fisheye
focal_length: 16.00

surfaces:
# radius       thickness    ior      abbe     semi_ap   coating
  88.2944        1.9792       1.58913  61.10    44.560    1
  11.7920        6.6512       1.00000  0.00     22.610    0
  25.7344        2.9696       1.78590  44.20    24.940    1
  54.7744        1.4848       1.00000  0.00     24.940    0
  -1385.7088     1.1872       1.58913  61.10    20.440    1
  11.1440        4.1568       1.00000  0.00     14.300    0
  29.6896        0.9904       1.69680  55.60    12.120    1
  10.8336        2.4544       1.69895  30.10    12.120    1
  747.4816       1.2672       1.00000  0.00     11.220    0
  0              1.1872       1.00000  0.00     12.030    0
  0              1.3264       1.00000  0.00     12.030    0
  35.3360        1.1984       1.78472  25.70    11.490    1
  10.4272        3.2272       1.60342  38.00    11.490    1
  -106.7264      1.0000       1.00000  0.00     11.490    0
  stop           2.3856       1.00000  0.00     10.246    0
  -39.4336       1.9792       1.51728  69.60    12.000    1
  -18.0048       0.0992       1.00000  0.00     12.000    0
  78.6800        0.9904       1.80518  25.40    12.820    1
  20.9392        2.9696       1.51728  69.60    12.820    1
  -17.9040       36.3700      1.00000  0.00     12.820    0
