# Olympus M.Zuiko ED 40-150mm F2.8 Pro
#
# Patent: US20150168697
# Converted from photonstophotos.net Optical Bench data
# 29 surfaces, 17 glass elements, f/2.9

name: Olympus M.Zuiko ED 40-150mm F2.8 Pro
focal_length: 40.81

surfaces:
# radius       thickness    ior      abbe     semi_ap   coating
  137.0268       2.6000       1.78470  26.29    57.540    1
  86.6508        7.7600       1.49700  81.61    56.460    1
  -321.6069      0.1500       1.00000  0.00     56.460    0
  96.8154        5.2600       1.43875  94.93    54.520    1
  624.2467       2.5633       1.00000  0.00     54.520    0
  -227.2066      3.3700       1.80810  22.76    34.100    1
  -59.4074       1.6000       1.48749  70.23    35.420    1
  30.8341        2.7500       1.80000  29.84    30.060    1
  39.2048        4.9900       1.00000  0.00     30.060    0
  -49.6375       1.5000       1.83481  42.73    27.000    1
  458.1191       53.2278      1.00000  0.00     27.000    0
  stop           1.8000       1.00000  0.00     24.567    0
  39.4392        5.7600       1.49700  81.61    30.400    1
  -87.6954       7.9800       1.00000  0.00     30.400    0
  70.3121        1.5000       1.84666  23.78    29.580    1
  32.8253        6.5800       1.59282  68.63    27.560    1
  -51.5148       0.1500       1.00000  0.00     27.560    0
  129.4168       3.1000       1.49700  81.61    27.220    1
  -94.0670       2.5000       1.00000  0.00     27.220    0
  789.7458       2.0000       1.92286  18.90    19.840    1
  -86.5458       1.0000       1.74320  49.29    19.840    1
  21.6608        17.3086      1.00000  0.00     16.200    0
  -356.0768      1.0000       1.62004  36.26    23.260    1
  28.8000        3.0684       1.00000  0.00     20.240    0
  31.6086        9.5800       1.80610  40.88    27.180    1
  -24.0000       1.3000       1.64769  33.79    27.180    1
  0              26.0632      1.00000  0.00     27.180    0
  0              4.0000       1.51633  64.14    28.680    1
  0              0.8000       1.00000  0.00     28.680    0
