# US 2014/0354858 Example 5
#
# Patent: US20140354858
# Converted from photonstophotos.net Optical Bench data
# 14 surfaces, 7 glass elements, f/3.7

name: US 2014/0354858 Example 5
focal_length: 14.37

surfaces:
# radius       thickness    ior      abbe     semi_ap   coating
  -461.3930      0.8000       1.86400  40.58    19.440    1
  11.0630        2.6370       1.00000  0.00     17.140    0
  18.9930        2.2510       1.92286  20.88    16.520    1
  46.1300        19.7930      1.00000  0.00     16.520    0
  11.3420        1.9690       1.75501  51.16    11.260    1
  81.3090        1.2640       1.00000  0.00     11.260    0
  stop           2.0520       1.00000  0.00     7.808     0
  24.1850        0.4000       1.66680  33.05    10.360    1
  6.0530         3.3890       1.55332  71.68    9.380     1
  200.0000       1.8310       1.00000  0.00     9.380     0
  282.8630       0.5000       1.53071  55.69    10.140    1
  13.4020        7.1520       1.00000  0.00     10.140    0
  156.9890       3.4830       1.76802  49.24    22.240    1
  -29.8890       14.0580      1.00000  0.00     22.240    0
