# Olympus M.Zuiko 14-42mm F3.5-5.6 II R
#
# Patent: US008994842
# Converted from photonstophotos.net Optical Bench data
# 18 surfaces, 9 glass elements, f/3.7

name: Olympus M.Zuiko 14-42mm F3.5-5.6 II R
focal_length: 14.27

surfaces:
# radius       thickness    ior      abbe     semi_ap   coating
  68.6600        1.8000       1.78800  47.37    24.420    1
  12.3320        4.0200       1.00000  0.00     19.600    0
  80.0000        2.0100       1.52542  55.78    19.460    1
  19.2840        2.7900       1.00000  0.00     19.460    0
  21.1500        2.8800       1.84666  23.78    18.480    1
  47.9210        27.7900      1.00000  0.00     18.480    0
  stop           1.0000       1.00000  0.00     10.736    0
  14.5670        3.0400       1.58209  59.46    13.380    1
  -35.2550       4.3400       1.00000  0.00     13.380    0
  -98.2060       1.7800       1.80100  34.97    11.800    1
  10.1110        4.2300       1.48749  70.23    11.800    1
  -15.7560       1.9500       1.00000  0.00     11.800    0
  104.2440       1.7800       1.53071  55.69    11.160    1
  22.1120        8.5900       1.00000  0.00     11.160    0
  -46.8010       1.7600       1.80518  25.42    20.580    1
  -29.2940       14.0100      1.00000  0.00     20.580    0
  0              3.5000       1.51633  64.14    24.660    1
  0              0.8000       1.00000  0.00     24.660    0
