# Olympus Zuiko Auto-T 180mm F2.8
#
# Patent: JP1986-112115
# Converted from photonstophotos.net Optical Bench data
# 11 surfaces, 5 glass elements, f/2.8

name: Olympus Zuiko Auto-T 180mm F2.8
focal_length: 180.00

surfaces:
# radius       thickness    ior      abbe     semi_ap   coating
  63.5670        8.1800       1.63854  55.40    64.340    1
  278.8770       0.1800       1.00000  0.00     64.340    0
  63.0230        5.6300       1.63854  55.40    60.320    1
  82.7770        0.1400       1.00000  0.00     60.320    0
  57.4110        10.1300      1.69350  50.80    56.320    1
  78.2230        4.4800       1.00000  0.00     54.460    0
  169.5780       6.5200       1.76182  26.60    47.570    1
  33.7170        48.4300      1.00000  0.00     41.070    0
  stop           3.5900       1.00000  0.00     29.772    0
  94.8590        5.1800       1.72151  29.20    28.540    1
  226.0280       23.0000      1.00000  0.00     28.540    0
