# Olympus M.Zuiko 17mm F1.8
#
# Patent: JP2013-186458
# Converted from photonstophotos.net Optical Bench data
# 18 surfaces, 10 glass elements, f/1.7

name: Olympus M.Zuiko 17mm F1.8
focal_length: 17.30

surfaces:
# radius       thickness    ior      abbe     semi_ap   coating
  670.3920       1.2000       1.58313  59.38    18.600    1
  14.7390        4.9850       1.00000  0.00     15.750    0
  -13.1710       1.1000       1.56732  42.82    15.750    1
  701.5820       3.0310       1.91082  35.25    16.420    1
  -21.6420       0.1870       1.00000  0.00     16.520    0
  22.9310        4.7520       1.81600  46.62    16.080    1
  -19.3430       1.0000       1.75211  25.05    15.680    1
  -67.3310       1.7820       1.00000  0.00     15.680    0
  stop           7.1972       1.00000  0.00     13.176    0
  -12.5180       0.8000       1.68893  31.07    13.260    1
  19.3370        3.2860       1.58313  59.38    13.760    1
  -35.6000       0.2390       1.00000  0.00     14.480    0
  48.5600        5.2520       1.74320  49.34    17.800    1
  -13.1580       2.0857       1.00000  0.00     17.800    0
  -44.2010       1.1000       1.59270  35.31    18.440    1
  -717.6760      10.8320      1.00000  0.00     18.440    0
  0              4.0820       1.51633  64.14    28.940    1
  0              0.7450       1.00000  0.00     28.940    0
