# Olympus M.Zuiko ED 14-150mm F4.0-5.6 II
#
# Patent: US009151939
# Converted from photonstophotos.net Optical Bench data
# 29 surfaces, 16 glass elements, f/4.1

name: Olympus M.Zuiko ED 14-150mm F4.0-5.6 II
focal_length: 14.28

surfaces:
# radius       thickness    ior      abbe     semi_ap   coating
  107.4290       2.1000       1.80000  29.84    44.820    1
  51.9340        0.2000       1.00000  0.00     43.440    0
  51.5860        6.7500       1.49700  81.54    43.440    1
  -350.4560      0.1500       1.00000  0.00     43.440    0
  45.8210        4.6500       1.61800  63.33    40.540    1
  139.8920       0.5000       1.00000  0.00     40.540    0
  92.1270        1.2000       1.80476  40.87    23.480    1
  13.0980        5.1000       1.00000  0.00     17.340    0
  -27.1500       0.9000       1.77250  49.60    17.340    1
  168.7540       0.1500       1.00000  0.00     17.340    0
  25.9910        3.0500       1.80518  25.42    15.960    1
  -57.7010       2.7060       1.00000  0.00     15.960    0
  -16.0730       0.9000       1.78800  47.37    13.740    1
  18.4190        2.7000       1.75520  27.51    13.400    1
  -94.6980       12.7720      1.00000  0.00     13.400    0
  stop           5.0810       1.00000  0.00     8.321     0
  20.0300        4.5000       1.58313  59.38    15.960    1
  -67.4330       0.1500       1.00000  0.00     15.960    0
  16.6330        3.4000       1.61800  63.33    15.960    1
  -236.4370      0.9000       1.90366  31.32    15.620    1
  16.3850        6.4240       1.00000  0.00     15.620    0
  16.8930        8.4990       1.49650  81.53    15.800    1
  -21.9970       6.1530       1.00000  0.00     15.800    0
  -27.9090       1.9000       1.53172  48.84    14.780    1
  -16.0730       1.2000       1.88300  40.76    14.780    1
  32.2840        3.0000       1.69895  30.13    15.460    1
  -48.7810       11.8990      1.00000  0.00     16.140    0
  0              4.0820       1.51633  64.14    24.340    1
  0              0.7450       1.00000  0.00     24.340    0
