# Olympus Zuiko Auto-Macro 38mm f2.8
#
# Patent: US004377326
# Converted from photonstophotos.net Optical Bench data
# 11 surfaces, 6 glass elements, f/2.8

name: Olympus Zuiko Auto-Macro 38mm f2.8
focal_length: 38.00

surfaces:
# radius       thickness    ior      abbe     semi_ap   coating
  16.7450        2.4500       1.72916  54.68    16.680    1
  160.5350       0.1800       1.00000  0.00     11.940    0
  11.8670        3.5100       1.61700  62.79    14.180    1
  116.0300       1.1500       1.74950  35.27    14.180    1
  8.8830         4.0630       1.00000  0.00     11.800    0
  stop           3.6280       1.00000  0.00     7.641     0
  -8.5650        1.1600       1.80400  46.57    11.360    1
  380.8950       3.5010       1.61700  62.79    14.180    1
  -12.7000       0.6700       1.00000  0.00     14.180    0
  -266.7500      2.1500       1.75500  52.33    12.300    1
  -22.0430       81.8800      1.00000  0.00     17.300    0
