# Olympus Zuiko Digital ED 150mm F2.0
#
# Patent: US007408719
# Converted from photonstophotos.net Optical Bench data
# 27 surfaces, 14 glass elements, f/2.0

name: Olympus Zuiko Digital ED 150mm F2.0
focal_length: 149.50

surfaces:
# radius       thickness    ior      abbe     semi_ap   coating
  279.8890       9.1200       1.48749  70.20    81.460    1
  -653.2230      0.2000       1.00000  0.00     81.460    0
  86.7090        10.5300      1.49700  81.50    78.600    1
  672.7620       3.0600       1.00000  0.00     75.380    0
  -372.7730      4.4600       1.78472  25.70    75.380    1
  115.6090       7.8600       1.00000  0.00     69.780    0
  103.0860       11.7000      1.43875  94.90    72.460    1
  -247.8130      1.0000       1.00000  0.00     72.460    0
  89.6280        12.3000      1.78472  25.70    67.120    1
  -137.9070      3.8500       1.74400  44.80    65.780    1
  80.1870        29.7593      1.00000  0.00     57.520    0
  36.9760        9.0000       1.62280  57.10    44.180    1
  548.9690       5.1900       1.71736  29.50    42.060    1
  30.7220        3.1000       1.00000  0.00     35.920    0
  55.9130        4.4000       1.80518  25.40    38.320    1
  148.2540       3.6000       1.00000  0.00     38.320    0
  stop           2.5000       1.00000  0.00     29.232    0
  -672.7620      2.6000       1.60342  38.00    37.780    1
  38.8390        7.3000       1.00000  0.00     29.520    0
  104.6070       4.2000       1.78800  47.40    34.580    1
  -301.3180      39.1500      1.00000  0.00     34.580    0
  0              0.6200       1.51633  64.10    25.300    1
  0              1.2100       1.00000  0.00     25.300    0
  0              3.2500       1.54771  62.80    25.300    1
  0              0.1500       1.00000  0.00     25.300    0
  0              0.7600       1.52310  54.50    25.300    1
  0              1.0600       1.00000  0.00     25.300    0
