# Olympus F.Zuiko 35mm f2.8 (XA)
#
# Patent: US004235521
# Converted from photonstophotos.net Optical Bench data
# 11 surfaces, 5 glass elements, f/2.8

name: Olympus F.Zuiko 35mm f2.8 (XA)
focal_length: 35.00

surfaces:
# radius       thickness    ior      abbe     semi_ap   coating
  9.8920         2.5730       1.78800  47.43    13.020    1
  20.0060        1.0820       1.00000  0.00     12.580    0
  -97.1000       1.0290       1.78472  25.71    11.860    1
  18.9800        1.5650       1.00000  0.00     11.860    0
  15.9030        1.1870       1.80440  39.62    11.440    1
  -65.0940       0.5960       1.00000  0.00     11.360    0
  stop           5.2000       1.00000  0.00     8.873     0
  -6.4720        1.0290       1.80400  46.57    10.280    1
  -11.3870       1.0430       1.00000  0.00     13.000    0
  -65.9720       1.7500       1.74950  35.27    19.480    1
  -29.6350       13.6000      1.00000  0.00     19.480    0
