# Olympus 28mm f2 I Zuiko Auto-W
#
# Patent: US003862794
# Converted from photonstophotos.net Optical Bench data
# 17 surfaces, 8 glass elements, f/2.0

name: Olympus 28mm f2 I Zuiko Auto-W
focal_length: 28.00

surfaces:
# radius       thickness    ior      abbe     semi_ap   coating
  42.7850        4.4100       1.64000  60.30    39.610    1
  182.4770       0.1500       1.00000  0.00     39.610    0
  51.6580        1.4000       1.50378  66.80    31.820    1
  12.0760        3.7200       1.00000  0.00     21.500    0
  22.5420        2.0500       1.50378  66.80    24.160    1
  15.5410        7.7600       1.00000  0.00     19.960    0
  92.2220        1.0400       1.50378  66.80    22.360    1
  18.9370        8.8500       1.72000  46.00    22.360    1
  0              1.0000       1.00000  0.00     22.360    0
  stop           2.8500       1.00000  0.00     19.587    0
  894.4310       6.1000       1.78800  47.50    22.630    1
  -22.9690       1.2800       1.00000  0.00     22.630    0
  62.5760        1.8600       1.00000  0.00     21.530    0
  -65.5170       2.9200       1.69680  55.60    22.360    1
  -20.7910       0.1500       1.00000  0.00     22.360    0
  125.4120       2.9800       1.69680  55.60    25.160    1
  -52.5570       37.6900      1.00000  0.00     25.160    0
