# US 4,786,153 Example 1
#
# Patent: US004786153
# Converted from photonstophotos.net Optical Bench data
# 16 surfaces, 8 glass elements, f/2.8

name: US 4,786,153 Example 1
focal_length: 51.50

surfaces:
# radius       thickness    ior      abbe     semi_ap   coating
  71.9126        2.5631       1.72916  54.68    19.900    1
  -171.0158      0.1350       1.00000  0.00     19.900    0
  19.7855        3.1449       1.77250  49.66    19.200    1
  34.9886        0.7600       1.00000  0.00     18.100    0
  93.2117        1.2822       1.58267  46.33    18.100    1
  16.3528        6.2910       1.00000  0.00     15.600    0
  stop           3.0000       1.00000  0.00     14.337    0
  -18.8909       3.0858       1.75520  27.51    14.600    1
  206.0456       5.0491       1.77250  49.66    19.900    1
  -23.1076       0.1650       1.00000  0.00     19.900    0
  47.7170        3.2747       1.77250  49.66    20.000    1
  -139.1554      0.9900       1.00000  0.00     20.000    0
  -377.3011      1.5000       1.51633  64.15    20.800    1
  31.4655        1.6000       1.00000  0.00     20.800    0
  315.7777       2.6094       1.58267  46.33    22.100    1
  -73.0544       37.8700      1.00000  0.00     22.100    0
