# Olympus Zuiko Auto-Zoom 85-250mm F5
#
# Patent: US004025167
# Converted from photonstophotos.net Optical Bench data
# 27 surfaces, 15 glass elements, f/5.0

name: Olympus Zuiko Auto-Zoom 85-250mm F5
focal_length: 85.00

surfaces:
# radius       thickness    ior      abbe     semi_ap   coating
  152.5150       6.2700       1.48749  70.20    58.640    1
  -291.3070      0.5900       1.00000  0.00     58.640    0
  121.6740       5.8000       1.62041  60.30    55.080    1
  -222.3150      2.4100       1.78472  25.70    55.080    1
  583.0520       1.0300       1.00000  0.00     55.080    0
  -569.4300      1.7000       1.56873  63.20    31.380    1
  83.3520        2.0000       1.00000  0.00     31.380    0
  0              4.0000       1.76182  26.60    28.700    1
  -52.4500       1.5000       1.61800  63.40    28.700    1
  69.0880        4.5100       1.00000  0.00     28.700    0
  -47.8310       1.7000       1.56873  63.20    28.700    1
  -267.4380      45.0000      1.00000  0.00     28.700    0
  158.2340       5.5200       1.62012  49.70    28.540    1
  -35.4380       1.5100       1.72151  29.20    28.540    1
  -94.0920       15.2100      1.00000  0.00     28.540    0
  stop           1.5000       1.00000  0.00     27.775    0
  42.0420        5.6700       1.49831  65.00    29.160    1
  -325.2170      0.6000       1.00000  0.00     29.160    0
  37.1230        10.6000      1.54739  53.60    29.260    1
  -107.7940      2.5200       1.80610  40.90    29.260    1
  28.6630        39.0000      1.00000  0.00     24.340    0
  100.3830       7.1700       1.59551  39.20    35.000    1
  -43.6500       3.0000       1.00000  0.00     35.000    0
  -38.7400       2.0500       1.72000  43.70    34.840    1
  91.9220        7.5000       1.00000  0.00     34.840    0
  78.9640        6.0000       1.56384  60.80    38.940    1
  -200.3250      54.3600      1.00000  0.00     32.600    0
