# Olympus M.Zuiko ED 8mm F1.8 Fisheye
#
# Patent: JP2016-184136
# Converted from photonstophotos.net Optical Bench data
# 35 surfaces, 18 glass elements, f/1.8

name: Olympus M.Zuiko ED 8mm F1.8 Fisheye
focal_length: 7.90

surfaces:
# radius       thickness    ior      abbe     semi_ap   coating
  48.0181        2.0000       2.00100  29.12    53.680    1
  16.1496        11.7878      1.00000  0.00     31.560    0
  130.0628       1.0000       1.77250  49.60    31.560    1
  22.9172        4.5849       1.00000  0.00     26.340    0
  726.7039       3.0085       1.84666  23.77    24.800    1
  -49.4026       2.5549       1.00000  0.00     24.800    0
  -23.4133       0.8000       1.77250  49.60    24.240    1
  -1084.3029     3.2000       1.00000  0.00     25.080    0
  104.7520       2.4840       1.80610  40.71    22.220    1
  -69.9013       0.8000       1.84666  23.77    22.220    1
  1000.0000      10.3358      1.00000  0.00     22.220    0
  80.3861        2.5949       1.95374  32.31    20.680    1
  -61.7239       0.1500       1.00000  0.00     20.680    0
  28.8747        2.0551       2.00100  29.12    18.080    1
  76.5246        1.7481       1.00000  0.00     18.080    0
  166.6079       0.8000       1.48749  70.41    18.640    1
  17.4628        4.1322       1.00000  0.00     17.460    0
  stop           0.8540       1.00000  0.00     14.905    0
  30.0108        2.7674       1.43700  95.06    17.060    1
  -395.6973      0.1500       1.00000  0.00     17.060    0
  17.5728        3.7649       1.43700  95.06    15.100    1
  -65.4343       0.8000       1.92118  23.95    16.500    1
  29.9433        1.8692       1.00000  0.00     16.500    0
  48.5854        2.1908       1.59282  68.60    14.900    1
  -76.4819       0.6275       1.00000  0.00     14.900    0
  679.7559       0.8000       1.84666  23.77    18.920    1
  22.7381        1.1944       1.00000  0.00     15.710    0
  149.1524       2.2243       1.80420  46.48    15.710    1
  -49.9777       0.1500       1.00000  0.00     18.920    0
  21.0582        3.8827       1.43700  95.06    21.560    1
  120.0000       0.1500       1.00000  0.00     21.560    0
  28.4961        3.3685       1.43700  95.06    21.920    1
  0              12.7099      1.00000  0.00     21.920    0
  0              4.0000       1.51633  64.12    25.220    1
  0              1.0000       1.00000  0.00     25.220    0
