# Olympus Zuiko Auto-Macro 90mm F2
#
# Patent: US004792219
# Converted from photonstophotos.net Optical Bench data
# 19 surfaces, 9 glass elements, f/2.1

name: Olympus Zuiko Auto-Macro 90mm F2
focal_length: 90.00

surfaces:
# radius       thickness    ior      abbe     semi_ap   coating
  52.9054        7.0196       1.69680  55.52    46.600    1
  937.7599       0.1050       1.00000  0.00     46.600    0
  38.4558        12.6093      1.71300  53.84    42.120    1
  68.5212        1.0899       1.00000  0.00     33.580    0
  140.9332       3.4398       1.74000  28.29    37.200    1
  24.4227        10.6994      1.00000  0.00     28.880    0
  stop           4.2998       1.00000  0.00     25.328    0
  -38.1969       1.9099       1.56732  42.83    27.820    1
  -479.3534      1.8199       1.00000  0.00     30.160    0
  -101.1484      4.4997       1.74400  44.73    28.880    1
  -57.0228       0.1500       1.00000  0.00     28.880    0
  77.0067        4.3498       1.77250  49.66    32.080    1
  -137.7023      0.7999       1.00000  0.00     32.080    0
  -978.3947      1.8999       1.51742  52.41    28.680    1
  48.0003        3.2899       1.00000  0.00     28.680    0
  94.8587        2.9998       1.69895  30.12    29.740    1
  63.5725        3.0199       1.00000  0.00     29.740    0
  63.4745        7.6496       1.65160  58.52    32.940    1
  -106.2051      39.8600      1.00000  0.00     32.940    0
