# Olympus M.Zuiko 17mm F2.8
#
# Patent: US008755132
# Converted from photonstophotos.net Optical Bench data
# 13 surfaces, 7 glass elements, f/2.9

name: Olympus M.Zuiko 17mm F2.8
focal_length: 17.30

surfaces:
# radius       thickness    ior      abbe     semi_ap   coating
  58.5850        0.9320       1.48749  70.23    17.900    1
  9.0040         2.4780       1.00000  0.00     11.780    0
  18.0880        3.0460       1.83400  37.16    10.880    1
  -18.0880       0.8040       1.57501  41.50    12.540    1
  47.9640        1.8410       1.00000  0.00     11.240    0
  stop           4.2120       1.00000  0.00     6.441     0
  -10.2110       0.7520       1.75211  25.05    8.420     1
  35.4010        4.8990       1.72916  54.68    12.960    1
  -10.8100       0.1500       1.00000  0.00     12.960    0
  44.5880        3.0000       1.80610  40.88    16.940    1
  -51.2560       17.2290      1.00000  0.00     16.940    0
  0              4.0820       1.51633  64.14    24.480    1
  0              0.7450       1.00000  0.00     24.480    0
