# Olympus 300mm f4.5 F Zuiko Auto-T
#
# Patent: US003819253
# Converted from photonstophotos.net Optical Bench data
# 11 surfaces, 6 glass elements, f/4.5

name: Olympus 300mm f4.5 F Zuiko Auto-T
focal_length: 300.00

surfaces:
# radius       thickness    ior      abbe     semi_ap   coating
  89.9440        13.0000      1.48749  70.10    71.460    1
  -240.5230      4.0000       1.00000  0.00     71.460    0
  -234.1620      3.0000       1.69350  53.30    71.900    1
  427.7600       0.1000       1.00000  0.00     65.920    0
  95.4500        11.0000      1.61800  63.40    66.780    1
  -613.8270      3.0000       1.73980  31.70    66.780    1
  184.8170       50.0000      1.00000  0.00     62.080    0
  stop           50.0000      1.00000  0.00     38.379    0
  -41.8680       2.0000       1.71300  54.00    27.520    1
  126.5910       4.0000       1.59270  35.60    29.660    1
  -57.4110       84.7900      1.00000  0.00     29.660    0
