# Olympus Zuiko Digital ED 90-250mm F2.8
#
# Patent: JP2006-201524
# Converted from photonstophotos.net Optical Bench data
# 30 surfaces, 17 glass elements, f/2.9

name: Olympus Zuiko Digital ED 90-250mm F2.8
focal_length: 90.95

surfaces:
# radius       thickness    ior      abbe     semi_ap   coating
  303.0303       3.6000       1.80518  25.40    92.600    1
  158.2278       0.4000       1.00000  0.00     91.800    0
  165.3294       12.9075      1.49700  79.30    91.800    1
  -342.6515      0.5000       1.00000  0.00     91.800    0
  114.4800       10.6099      1.49700  79.30    88.880    1
  514.0033       19.6268      1.00000  0.00     87.800    0
  126.5572       7.2777       1.80518  25.50    48.600    1
  -97.3517       4.0000       1.58144  40.90    48.600    1
  97.3517        2.7247       1.00000  0.00     43.570    0
  -1000.0000     2.0000       1.83481  42.70    43.570    1
  44.1278        4.6360       1.80518  25.50    41.680    1
  91.7111        4.6949       1.00000  0.00     37.360    0
  -64.7005       1.8000       1.80610  40.70    37.360    1
  250.5384       45.2255      1.00000  0.00     39.280    0
  185.7807       8.7278       1.48749  70.40    45.140    1
  -42.2040       1.9164       1.80610  40.70    45.140    1
  -66.1154       43.8896      1.00000  0.00     45.140    0
  125.3059       5.6671       1.69680  55.50    44.840    1
  -125.3059      0.3614       1.00000  0.00     44.840    0
  39.3540        7.7928       1.49700  81.60    41.420    1
  -555.6497      1.8647       1.80610  33.30    41.420    1
  75.6659        7.2000       1.00000  0.00     40.400    0
  stop           10.9938      1.00000  0.00     32.292    0
  -185.2456      3.0000       1.77250  49.60    28.440    1
  142.4966       14.2983      1.00000  0.00     28.440    0
  67.5773        6.1449       1.84666  23.80    26.400    1
  -27.8177       3.6728       1.80518  25.50    26.400    1
  27.8177        19.7241      1.00000  0.00     24.180    0
  49.0535        5.6750       1.70154  41.10    31.860    1
  -250.0000      42.7200      1.00000  0.00     31.860    0
