# Olympus M.Zuiko ED 17mm F1.2 Pro
#
# Patent: US010073255
# Converted from photonstophotos.net Optical Bench data
# 29 surfaces, 16 glass elements, f/1.2

name: Olympus M.Zuiko ED 17mm F1.2 Pro
focal_length: 16.67

surfaces:
# radius       thickness    ior      abbe     semi_ap   coating
  34.0600        2.4800       1.48749  70.23    36.840    1
  15.8900        6.2700       1.00000  0.00     28.800    0
  36.5260        2.5000       1.49700  81.61    28.640    1
  14.4210        4.1300       1.00000  0.00     24.620    0
  40.4890        5.5900       2.00100  29.13    24.880    1
  -40.4890       1.3000       1.60342  38.03    24.080    1
  21.3270        5.9400       1.00000  0.00     20.340    0
  -18.1520       1.5000       1.67300  38.15    20.240    1
  51.2770        4.8100       1.59282  68.63    23.740    1
  -51.2770       0.2400       1.00000  0.00     25.580    0
  -86.3190       4.0200       1.76200  40.10    27.580    1
  -27.6800       1.0000       1.00000  0.00     27.580    0
  stop           1.5000       1.00000  0.00     28.980    0
  48.6180        7.3700       1.59282  68.63    32.220    1
  -48.6180       0.2000       1.00000  0.00     32.220    0
  76.6950        1.5900       1.84666  23.78    31.020    1
  45.6530        5.5400       1.43700  95.10    30.260    1
  -94.3300       0.2000       1.00000  0.00     30.260    0
  81.0290        2.4900       1.74320  49.34    28.500    1
  38.2570        2.6600       1.00000  0.00     26.760    0
  51.3080        8.6300       1.49700  81.61    27.080    1
  -26.6550       1.9800       1.00000  0.00     27.080    0
  247.9230       2.1400       1.85025  30.05    21.840    1
  -99.4470       1.0000       1.66680  33.05    21.200    1
  19.8000        7.5700       1.00000  0.00     19.220    0
  29.8830        5.1800       1.59282  68.63    23.160    1
  -53.4770       11.0000      1.00000  0.00     23.160    0
  0              4.1100       1.51633  64.14    22.900    1
  0              2.0500       1.00000  0.00     22.900    0
