# Olympus Zuiko Auto-T 100mm F2
#
# Patent: US004435049
# Converted from photonstophotos.net Optical Bench data
# 14 surfaces, 7 glass elements, f/2.0

name: Olympus Zuiko Auto-T 100mm F2
focal_length: 100.00

surfaces:
# radius       thickness    ior      abbe     semi_ap   coating
  64.3600        7.4400       1.61700  62.80    50.540    1
  348.7300       0.1100       1.00000  0.00     47.750    0
  47.0800        6.0100       1.49700  81.60    47.350    1
  90.4200        0.4100       1.00000  0.00     47.350    0
  38.4700        11.7100      1.64250  58.40    42.460    1
  43.8500        3.9300       1.00000  0.00     37.180    0
  71.6800        2.3100       1.76180  26.50    33.460    1
  23.2600        14.1400      1.00000  0.00     28.080    0
  stop           6.5600       1.00000  0.00     25.243    0
  -35.9200       4.5500       1.58140  40.80    28.400    1
  59.5900        7.5000       1.72000  42.00    31.980    1
  -53.8000       0.6000       1.00000  0.00     31.980    0
  180.8800       5.8200       1.69680  55.50    36.380    1
  -109.7000      44.9100      1.00000  0.00     34.010    0
