# Olympus M.Zuiko Digital ED 8-25mm F4.0 Pro
#
# Patent: WO2022-137385
# Converted from photonstophotos.net Optical Bench data
# 27 surfaces, 16 glass elements, f/4.1

name: Olympus M.Zuiko Digital ED 8-25mm F4.0 Pro
focal_length: 8.16

surfaces:
# radius       thickness    ior      abbe     semi_ap   coating
  46.3270        2.5000       1.87070  40.73    39.920    1
  17.9000        4.0000       1.00000  0.00     30.020    0
  19.9260        2.5000       1.58253  59.32    28.750    1
  9.3320         10.0000      1.00000  0.00     23.090    0
  -33.7340       1.5000       1.43875  94.66    22.800    1
  23.6140        4.0700       1.95375  32.32    21.540    1
  97.6900        24.1000      1.00000  0.00     21.540    0
  110.9720       3.9400       1.65412  39.68    14.280    1
  -17.5830       0.8200       1.87070  40.73    14.280    1
  -86.4830       1.2000       1.00000  0.00     14.280    0
  stop           15.0900      1.00000  0.00     7.474     0
  36.8320        5.0000       1.51633  64.14    15.960    1
  -15.1430       0.8000       1.87070  40.73    15.960    1
  -419.4570      0.2000       1.00000  0.00     16.960    0
  46.7490        3.7000       1.85150  40.78    18.400    1
  -46.7490       2.8700       1.00000  0.00     18.400    0
  38.5450        1.1000       1.91082  35.25    18.710    1
  14.3920        8.3000       1.49650  81.53    18.710    1
  -28.8620       2.8500       1.00000  0.00     18.830    0
  160.9810       2.3000       1.94595  17.98    18.340    1
  -55.5200       0.8500       1.72916  54.09    18.340    1
  21.0350        3.7500       1.00000  0.00     18.340    0
  18.4000        7.6000       1.49650  81.53    21.820    1
  -35.4830       0.2000       1.00000  0.00     21.820    0
  600.0000       1.3000       2.00100  29.13    21.070    1
  19.2570        5.9800       1.49700  81.54    20.790    1
  -71.5840       14.8800      1.00000  0.00     20.790    0
