# Olympus Zuiko Digital ED 12-60mm F2.8-4.0 SWD
#
# Patent: US007583450
# Converted from photonstophotos.net Optical Bench data
# 28 surfaces, 16 glass elements, f/2.9

name: Olympus Zuiko Digital ED 12-60mm F2.8-4.0 SWD
focal_length: 12.33

surfaces:
# radius       thickness    ior      abbe     semi_ap   coating
  144.2266       2.5500       1.84666  23.78    60.120    1
  80.6172        6.2616       1.56384  60.67    54.580    1
  0              0.1000       1.00000  0.00     54.580    0
  52.3050        5.2077       1.60311  60.64    50.300    1
  116.6412       0.8422       1.00000  0.00     50.300    0
  113.5593       0.0880       1.51940  51.94    32.850    1
  56.8420        1.5000       1.88300  40.76    32.850    1
  12.0420        8.7845       1.00000  0.00     20.440    0
  -23.6760       1.2000       1.49700  81.54    23.320    1
  18.7895        6.6093       1.64769  33.79    21.500    1
  -29.8761       3.1884       1.00000  0.00     21.500    0
  -23.7859       1.3635       1.69300  53.14    20.440    1
  -60.9085       24.0852      1.00000  0.00     20.440    0
  stop           1.7000       1.00000  0.00     13.978    0
  50.0908        2.2951       1.58913  61.14    19.380    1
  -140.7841      0.1500       1.00000  0.00     19.380    0
  22.8280        4.6397       1.54814  45.79    20.020    1
  -44.0128       1.0008       1.80400  46.57    20.020    1
  27.3163        8.0955       1.00000  0.00     21.940    0
  24.8862        6.5073       1.49650  81.53    23.420    1
  -50.5293       0.1500       1.00000  0.00     23.420    0
  135.3961       3.7881       1.43875  94.93    23.420    1
  -44.8085       0.1500       1.00000  0.00     23.420    0
  -180.8473      1.2340       1.88300  40.76    23.640    1
  19.4304        11.2743      1.49700  81.54    23.640    1
  -27.2992       29.5805      1.00000  0.00     24.500    0
  0              4.6000       1.51633  64.14    29.180    1
  0              1.0586       1.00000  0.00     29.180    0
