# Olympus Zuiko Auto-Macro 50mm F2
#
# Patent: US004708445
# Converted from photonstophotos.net Optical Bench data
# 17 surfaces, 9 glass elements, f/2.1

name: Olympus Zuiko Auto-Macro 50mm F2
focal_length: 50.00

surfaces:
# radius       thickness    ior      abbe     semi_ap   coating
  60.3000        1.3900       1.60342  38.01    27.260    1
  29.4700        2.0100       1.00000  0.00     25.000    0
  91.0050        3.3800       1.72916  54.68    25.000    1
  -86.9150       0.1200       1.00000  0.00     26.910    0
  20.4950        6.0800       1.77250  49.66    24.880    1
  37.7000        1.5200       1.00000  0.00     22.540    0
  248.8600       1.1650       1.58144  40.75    22.540    1
  19.2800        5.1800       1.00000  0.00     20.440    0
  stop           4.9800       1.00000  0.00     19.165    0
  -23.6500       1.0800       1.68250  44.65    19.910    1
  233.5450       4.6450       1.72000  46.03    22.480    1
  -35.5100       0.1000       1.00000  0.00     22.480    0
  -82.5250       2.8650       1.77250  49.66    22.480    1
  -29.7100       0.1000       1.00000  0.00     22.480    0
  177.2200       4.2250       1.77250  49.66    21.800    1
  -33.2050       1.2750       1.75520  27.51    25.100    1
  -215.6300      38.3500      1.00000  0.00     25.100    0
