# Olympus Zuiko Auto-W 21mm F2
#
# Patent: US004210388
# Converted from photonstophotos.net Optical Bench data
# 21 surfaces, 11 glass elements, f/2.0

name: Olympus Zuiko Auto-W 21mm F2
focal_length: 21.00

surfaces:
# radius       thickness    ior      abbe     semi_ap   coating
  43.1907        3.9060       1.63900  44.90    37.260    1
  111.1530       0.1260       1.00000  0.00     37.260    0
  21.3213        1.3190       1.73400  51.50    26.520    1
  11.1252        4.8850       1.00000  0.00     19.640    0
  47.8695        1.1820       1.77250  49.60    22.840    1
  13.0689        2.2470       1.00000  0.00     14.940    0
  134.4987       3.3310       1.61659  36.60    20.920    1
  0              0.6850       1.00000  0.00     20.920    0
  0              4.8850       1.61659  36.60    20.860    1
  -423.2130      0.0990       1.00000  0.00     20.860    0
  23.2365        1.4660       1.69680  55.50    20.780    1
  14.3680        7.6190       1.59340  34.80    20.780    1
  -35.7399       0.4640       1.00000  0.00     20.780    0
  stop           3.2470       1.00000  0.00     18.952    0
  -219.7650      3.6920       1.72000  43.70    21.000    1
  -18.5581       1.4660       1.84666  23.90    21.000    1
  44.6187        2.1000       1.00000  0.00     19.670    0
  -48.8187       2.9300       1.71300  53.90    19.670    1
  -18.4995       0.0990       1.00000  0.00     20.440    0
  96.5895        2.9300       1.72000  50.20    21.700    1
  -41.9706       37.2400      1.00000  0.00     21.700    0
