# Olympus 24mm f2.8 I Zuiko Auto-W
#
# Patent: US003884556
# Converted from photonstophotos.net Optical Bench data
# 16 surfaces, 8 glass elements, f/2.8

name: Olympus 24mm f2.8 I Zuiko Auto-W
focal_length: 24.00

surfaces:
# radius       thickness    ior      abbe     semi_ap   coating
  23.8296        4.8768       1.72340  38.00    31.960    1
  70.7160        0.0984       1.00000  0.00     31.960    0
  41.0016        1.4640       1.62280  57.10    27.740    1
  9.9768         3.7368       1.00000  0.00     17.090    0
  32.2488        1.4640       1.71300  54.00    19.680    1
  11.0736        3.9408       1.00000  0.00     14.220    0
  20.2008        8.9064       1.61410  55.00    12.840    1
  -43.9752       0.6810       1.00000  0.00     12.840    0
  stop           1.7862       1.00000  0.00     12.023    0
  -108.6696      6.0864       1.76180  27.10    12.980    1
  -9.8352        1.3176       1.80520  25.40    15.980    1
  57.0720        1.2000       1.00000  0.00     15.980    0
  -55.3488       2.4384       1.61800  63.40    15.980    1
  -14.8848       0.1464       1.00000  0.00     15.980    0
  953.1336       2.3424       1.61800  63.40    20.360    1
  -27.9072       36.7632      1.00000  0.00     20.360    0
