# Olympus 18mm f3.5 Zuiko MC Auto-W
#
# Patent: US004029397
# Converted from photonstophotos.net Optical Bench data
# 23 surfaces, 12 glass elements, f/3.5

name: Olympus 18mm f3.5 Zuiko MC Auto-W
focal_length: 18.30

surfaces:
# radius       thickness    ior      abbe     semi_ap   coating
  104.2500       3.4100       1.83400  37.19    51.560    1
  240.2600       0.2000       1.00000  0.00     51.560    0
  31.5100        1.6100       1.67000  57.33    34.780    1
  12.7200        4.9200       1.00000  0.00     22.520    0
  32.6700        1.5900       1.67000  57.33    25.390    1
  18.2500        4.2600       1.00000  0.00     20.510    0
  78.0600        4.2700       1.80400  46.57    20.220    1
  -368.4900      0.2000       1.00000  0.00     20.220    0
  19.4600        1.0000       1.69680  55.62    14.160    1
  10.2600        1.8200       1.00000  0.00     11.040    0
  27.3100        1.0000       1.69680  55.62    11.040    1
  9.6700         8.3100       1.59270  35.24    11.040    1
  398.1500       1.4200       1.00000  0.00     11.040    0
  stop           1.4200       1.00000  0.00     9.709     0
  159.9400       6.0300       1.64000  60.25    11.180    1
  -13.7800       1.0000       1.51454  54.69    11.180    1
  -19.8500       2.2100       1.00000  0.00     11.180    0
  -34.1500       1.0000       1.80518  25.43    14.070    1
  41.9900        1.0000       1.00000  0.00     14.070    0
  -960.1300      2.5100       1.61800  63.38    16.250    1
  -17.9400       0.1500       1.00000  0.00     16.250    0
  -47.5900       2.2600       1.61800  63.38    18.560    1
  -20.1200       39.6000      1.00000  0.00     18.560    0
