# Panasonic Leica DG Summilux 25mm F1.4 II Asph
#
# Patent: JP2013-003324
# Converted from photonstophotos.net Optical Bench data
# 17 surfaces, 9 glass elements, f/1.4

name: Panasonic Leica DG Summilux 25mm F1.4 II Asph
focal_length: 25.00

surfaces:
# radius       thickness    ior      abbe     semi_ap   coating
  21.1770        5.4840       2.00060  25.46    29.140    1
  63.5320        2.2600       1.00000  0.00     24.740    0
  58.3540        0.8500       1.83481  42.72    20.960    1
  10.9800        8.2670       1.00000  0.00     15.020    0
  -15.2930       0.8500       1.84666  23.78    14.680    1
  24.9690        5.7020       1.88300  40.80    20.820    1
  -23.5990       0.1500       1.00000  0.00     20.820    0
  -54.3320       1.8520       1.88300  40.80    20.480    1
  -35.3000       0.1500       1.00000  0.00     22.080    0
  37.6310        0.8500       1.84666  23.78    23.000    1
  21.4340        5.1650       1.88300  40.80    22.920    1
  -76.6690       1.0180       1.00000  0.00     22.920    0
  stop           2.8000       1.00000  0.00     19.427    0
  178.9460       1.0000       1.73077  40.50    19.720    1
  25.2500        10.2190      1.00000  0.00     17.900    0
  75.9590        4.2220       1.77250  49.62    20.000    1
  -27.0950       21.1597      1.00000  0.00     20.000    0
