# Panasonic Leica DG Vario-Elmarit 12-60mm F2.8-4.0 Asph Power OIS
#
# Patent: US20190312999
# Converted from photonstophotos.net Optical Bench data
# 29 surfaces, 15 glass elements, f/2.9

name: Panasonic Leica DG Vario-Elmarit 12-60mm F2.8-4.0 Asph Power OIS
focal_length: 12.47

surfaces:
# radius       thickness    ior      abbe     semi_ap   coating
  140.1169       1.5000       1.71736  29.50    44.106    1
  76.0759        4.1950       1.59349  67.00    43.098    1
  870.2592       0.2000       1.00000  0.00     42.652    0
  50.7004        4.2988       1.61800  63.40    40.668    1
  160.5186       0.5517       1.00000  0.00     39.870    0
  135.9040       0.9000       1.80420  46.50    24.842    1
  10.9399        4.5386       1.00000  0.00     18.888    0
  65.3321        2.0000       1.80569  40.50    18.144    1
  46.6925        5.4214       1.00000  0.00     17.242    0
  -12.8828       0.7500       1.59282  68.60    16.178    1
  -22.4882       0.2000       1.00000  0.00     16.696    0
  45835.4410     2.0413       1.92286  20.90    16.598    1
  -47.0583       24.2114      1.00000  0.00     16.712    0
  stop           2.3000       1.00000  0.00     12.840    0
  21.3117        3.7208       1.68823  31.10    15.432    1
  68.9966        3.2622       1.00000  0.00     15.784    0
  22.9564        4.2000       1.60801  46.20    15.996    1
  -38.4734       0.5000       1.00000  0.00     15.586    0
  198.7881       0.7000       2.00100  29.10    14.682    1
  11.3508        4.9093       1.49700  81.60    13.712    1
  -80.5918       0.4000       1.00000  0.00     13.818    0
  28.6673        3.0283       1.55332  71.70    13.804    1
  -55.7409       2.7529       1.00000  0.00     13.644    0
  90.8791        1.0000       1.80569  40.50    12.094    1
  19.3505        7.7397       1.00000  0.00     12.010    0
  28.7855        1.7458       1.92286  20.90    17.782    1
  46.7611        11.9411      1.00000  0.00     17.650    0
  0              4.2000       1.51680  64.20    22.250    1
  0              1.0000       1.00000  0.00     22.250    0
