# Panasonic Lumix S Pro 50mm F1.4
#
# Patent: WO2020-158622
# Converted from photonstophotos.net Optical Bench data
# 27 surfaces, 14 glass elements, f/1.5

name: Panasonic Lumix S Pro 50mm F1.4
focal_length: 49.00

surfaces:
# radius       thickness    ior      abbe     semi_ap   coating
  66.0605        9.2236       1.92286  20.90    65.660    1
  485.5991       3.5225       1.00000  0.00     65.660    0
  -5608.8306     1.5000       1.51680  64.20    55.200    1
  24.4639        16.1084      1.00000  0.00     40.220    0
  -42.3161       1.5000       1.58144  40.90    41.120    1
  200.3230       3.6265       1.00000  0.00     46.140    0
  249.4497       9.0000       1.80755  40.90    42.960    1
  -75.2160       0.2000       1.00000  0.00     42.960    0
  81.9815        10.7154      1.59282  68.60    48.850    1
  -53.4384       0.3000       1.00000  0.00     48.850    0
  114.3470       7.7332       1.59282  68.60    42.120    1
  -52.0541       1.5100       1.85478  24.80    42.120    1
  41.4126        6.6853       1.00000  0.00     46.050    0
  65.4872        10.0635      1.80420  46.50    41.960    1
  -53.8185       1.0000       1.00000  0.00     41.820    0
  stop           1.5000       1.00000  0.00     37.302    0
  64.1418        1.4000       1.71736  29.50    35.680    1
  29.2025        19.6870      1.00000  0.00     32.800    0
  147.4207       5.1000       1.94595  18.00    35.400    1
  -72.6539       2.0000       1.00000  0.00     35.400    0
  -154.2306      1.5100       1.56732  42.80    38.150    1
  45.8027        9.0554       1.55032  75.50    38.150    1
  -55.2867       6.5390       1.00000  0.00     38.150    0
  -30.7259       2.0000       1.68822  31.10    33.900    1
  -215.5886      13.4200      1.00000  0.00     36.930    0
  0              2.1000       1.51680  64.20    43.460    1
  0              1.0042       1.00000  0.00     43.460    0
