# Panasonic Lumix S 35mm F1.8
#
# Patent: CN216772097
# Converted from photonstophotos.net Optical Bench data
# 29 surfaces, 14 glass elements, f/1.9

name: Panasonic Lumix S 35mm F1.8
focal_length: 33.84

surfaces:
# radius       thickness    ior      abbe     semi_ap   coating
  66.5499        3.4100       1.94595  18.00    36.620    1
  313.0913       0.3000       1.00000  0.00     33.660    0
  157.8254       0.9000       1.49700  81.60    29.860    1
  15.7038        7.9800       1.00000  0.00     23.260    0
  0              5.8500       1.00000  0.00     20.530    0
  -18.2918       0.9000       1.68893  31.20    24.690    1
  -318.0662      0.0100       1.56732  42.80    27.530    1
  -318.0662      5.1300       1.49700  81.60    27.530    1
  -25.7001       0.3000       1.00000  0.00     27.530    0
  102.2234       5.4200       1.72916  54.70    31.940    1
  -43.2435       0.7000       1.00000  0.00     31.940    0
  stop           4.0500       1.00000  0.00     29.015    0
  0              0.3000       1.00000  0.00     29.240    0
  67.6048        7.7700       1.59282  68.60    30.760    1
  -26.1852       0.0100       1.56732  42.80    30.760    1
  -26.1852       1.2000       1.80610  33.30    30.760    1
  -64.4895       2.1100       1.00000  0.00     32.260    0
  -72.2364       4.3500       1.51602  56.50    29.540    1
  -26.0047       1.8000       1.00000  0.00     29.540    0
  214.2128       2.7000       1.51602  56.50    24.480    1
  30.5085        4.2000       1.00000  0.00     21.820    0
  0              7.8560       1.00000  0.00     24.580    0
  0              0.0000       1.00000  0.00     25.340    0
  300.0000       7.0000       1.51602  56.50    30.480    1
  -31.6485       9.0700       1.00000  0.00     30.480    0
  -26.1426       2.1600       1.51680  64.20    30.880    1
  -96.5349       12.4200      1.00000  0.00     35.190    0
  0              2.1000       1.51680  64.20    46.380    1
  0              1.0000       1.00000  0.00     46.380    0
