# Panasonic Lumix S 14-28mm F4-5.6 Macro
#
# Patent: US20240192475
# Converted from photonstophotos.net Optical Bench data
# 31 surfaces, 19 glass elements, f/4.1

name: Panasonic Lumix S 14-28mm F4-5.6 Macro
focal_length: 14.56

surfaces:
# radius       thickness    ior      abbe     semi_ap   coating
  45.7963        1.5000       1.80420  46.50    42.140    1
  16.0870        5.1028       1.00000  0.00     29.610    0
  23.2364        3.4000       1.53380  55.60    29.980    1
  10.7692        9.0826       1.00000  0.00     23.930    0
  -59.5333       1.2000       1.59283  68.60    24.040    1
  43.4044        0.4646       1.00000  0.00     24.040    0
  28.0987        5.1922       1.67196  31.50    23.200    1
  -70.6255       20.3915      1.00000  0.00     23.200    0
  stop           1.4000       1.00000  0.00     10.161    0
  16.9182        1.5000       1.77319  49.60    11.500    1
  7.3307         0.0100       1.56732  42.80    10.880    1
  7.3307         6.4380       1.70147  40.90    10.880    1
  -21.1683       0.6751       1.00000  0.00     10.880    0
  -16.1812       0.6000       2.00100  29.10    12.020    1
  15.9710        0.0100       1.56732  42.80    12.020    1
  15.9710        3.4350       1.49700  81.60    12.020    1
  -77.8886       0.2000       1.00000  0.00     13.900    0
  46.0805        5.9482       1.55332  71.70    17.220    1
  -13.0235       0.2000       1.00000  0.00     17.220    0
  -344.2959      1.9700       1.81012  21.20    18.440    1
  -45.0789       2.8898       1.00000  0.00     18.440    0
  69.4141        3.8658       1.94595  18.00    18.420    1
  -31.1606       0.0100       1.56732  42.80    18.420    1
  -31.1606       0.6000       1.92119  24.00    18.420    1
  21.2612        6.6091       1.00000  0.00     18.420    0
  -74.0870       7.7974       1.49700  81.60    22.380    1
  -13.4317       0.0100       1.56732  42.80    22.380    1
  -13.4317       1.2000       1.80309  35.20    22.380    1
  -32.9843       13.4000      1.00000  0.00     25.900    0
  0              2.1000       1.51680  64.20    42.420    1
  0              1.0000       1.00000  0.00     42.420    0
