# Panasonic Leica DG Vario-Elmar 100-400mm F4.0-6.3 Asph Power OIS
#
# Patent: US20180284478
# Converted from photonstophotos.net Optical Bench data
# 43 surfaces, 28 glass elements, f/4.1

name: Panasonic Leica DG Vario-Elmar 100-400mm F4.0-6.3 Asph Power OIS
focal_length: 103.01

surfaces:
# radius       thickness    ior      abbe     semi_ap   coating
  100.0616       2.2000       1.80610  33.30    60.540    1
  67.5020        0.5000       1.00000  0.00     59.680    0
  67.1971        8.2300       1.49700  81.60    59.680    1
  894.4175       0.2000       1.00000  0.00     59.680    0
  187.1693       3.6043       1.43700  95.00    58.980    1
  10935.1513     1.0000       1.00000  0.00     58.980    0
  66.6848        3.7416       1.78472  25.70    33.740    1
  -239.6911      0.0100       1.56732  42.80    33.740    1
  -239.6911      1.3000       1.54814  45.80    33.740    1
  53.0134        19.1840      1.00000  0.00     33.740    0
  stop           1.8000       1.00000  0.00     18.718    0
  -269.0192      0.8000       1.84666  23.80    23.760    1
  49.4185        0.0100       1.56732  42.80    23.760    1
  49.4185        2.2056       1.51742  52.10    23.760    1
  817.6637       2.9690       1.00000  0.00     23.760    0
  -45.5655       1.7535       1.80610  33.30    22.560    1
  -29.4118       0.0100       1.56732  42.80    22.560    1
  -29.4118       0.8000       1.51823  59.00    22.560    1
  82.2355        19.4767      1.00000  0.00     22.560    0
  37.0822        5.0273       1.49700  81.60    24.460    1
  -47.1614       0.4000       1.00000  0.00     24.980    0
  61.0564        4.7580       1.56732  42.80    23.420    1
  -30.5490       0.0100       1.56732  42.80    23.420    1
  -30.5490       0.8000       1.90366  31.30    23.420    1
  1854.0849      2.0000       1.00000  0.00     23.420    0
  -55.9984       0.8000       1.83481  42.70    22.560    1
  21.4670        0.0100       1.56732  42.80    22.560    1
  21.4670        5.0902       1.69895  30.00    22.560    1
  -121.9845      23.1416      1.00000  0.00     22.560    0
  151.9625       4.3715       1.51742  52.10    25.080    1
  -30.7129       0.2000       1.00000  0.00     25.080    0
  48.5219        4.9539       1.51823  59.00    23.440    1
  -30.6232       0.0100       1.56732  42.80    23.440    1
  -30.6232       0.8000       1.90366  31.30    23.440    1
  -172.1256      17.5845      1.00000  0.00     23.440    0
  63.9012        0.8000       1.49710  81.60    16.060    1
  18.3641        22.1439      1.00000  0.00     14.740    0
  -46.4624       0.8000       1.61800  63.40    18.160    1
  18.7815        0.0100       1.56732  42.80    18.160    1
  18.7815        3.5948       1.67270  32.20    18.160    1
  1456.4843      11.7000      1.00000  0.00     18.160    0
  0              4.2000       1.51680  64.20    22.400    1
  0              1.0000       1.00000  0.00     22.400    0
