# Panasonic Leica DG Vario-Elmarit 8-18mm F2.8-4.0 Asph
#
# Patent: JP2018-180348
# Converted from photonstophotos.net Optical Bench data
# 26 surfaces, 15 glass elements, f/2.9

name: Panasonic Leica DG Vario-Elmarit 8-18mm F2.8-4.0 Asph
focal_length: 8.27

surfaces:
# radius       thickness    ior      abbe     semi_ap   coating
  47.2871        1.5000       1.80420  46.50    36.560    1
  16.1336        3.9388       1.00000  0.00     27.910    0
  20.0000        2.2000       1.58699  59.50    27.910    1
  9.1290         8.3675       1.00000  0.00     23.160    0
  -54.5660       1.0000       1.55032  75.50    23.160    1
  16.1918        4.8000       1.83481  42.70    23.150    1
  169.0148       22.8204      1.00000  0.00     23.150    0
  -23.0610       2.8500       1.58699  59.50    11.340    1
  -14.4260       3.1066       1.00000  0.00     11.340    0
  stop           1.6636       1.00000  0.00     10.766    0
  -486.4765      2.8900       1.84666  23.80    12.660    1
  -9.1389        1.2385       2.00100  29.10    12.660    1
  15.3236        4.1500       1.65412  39.70    14.060    1
  -20.5805       0.3000       1.00000  0.00     14.060    0
  32.4510        4.1583       1.49700  81.60    16.290    1
  -14.5770       1.3000       1.00000  0.00     16.290    0
  459.5196       2.3120       1.94595  18.00    14.980    1
  -18.5608       0.5000       1.84666  23.80    14.980    1
  22.9565        6.8084       1.00000  0.00     16.750    0
  18.6950        6.2300       1.49700  81.50    17.750    1
  -15.9190       0.4995       1.00000  0.00     17.750    0
  -23.7695       0.7000       1.80610  33.30    16.680    1
  11.8685        2.9100       1.62041  60.30    17.390    1
  27.7836        0.9372       1.00000  0.00     17.390    0
  38.8500        4.1900       1.68893  31.10    22.720    1
  -82.3340       14.1608      1.00000  0.00     22.720    0
