# Panasonic Leica DG Vario-Summilux 25-50mm F1.7 Asph
#
# Patent: US20220365327
# Converted from photonstophotos.net Optical Bench data
# 28 surfaces, 16 glass elements, f/2.0

name: Panasonic Leica DG Vario-Summilux 25-50mm F1.7 Asph
focal_length: 25.61

surfaces:
# radius       thickness    ior      abbe     semi_ap   coating
  77.5740        6.9680       1.58913  61.25    56.070    1
  -961.3650      1.4680       1.00000  0.00     56.070    0
  728.0720       1.6010       1.80610  40.73    35.970    1
  27.2270        7.0440       1.00000  0.00     29.480    0
  -218.0210      1.4100       1.68893  31.16    31.730    1
  26.4430        4.1960       2.00100  29.13    28.710    1
  76.0060        12.5500      1.00000  0.00     28.710    0
  241.6460       1.3110       1.48749  70.44    31.070    1
  35.8140        3.8260       1.84666  23.78    28.250    1
  347.3680       23.4550      1.00000  0.00     28.250    0
  186.4130       3.5130       1.58313  59.46    29.550    1
  -63.8180       2.4010       1.00000  0.00     28.550    0
  stop           5.2970       1.00000  0.00     21.614    0
  -34.2170       1.5000       1.64769  33.84    28.930    1
  94.8530        6.6900       1.49700  81.61    33.450    1
  -37.8910       0.1500       1.00000  0.00     33.450    0
  195.4020       6.1810       1.59282  68.62    34.650    1
  -39.8390       0.1500       1.00000  0.00     34.650    0
  67.2230        1.5000       1.71736  29.50    33.220    1
  23.5770        9.0460       1.59282  68.62    31.290    1
  -82.1430       2.7000       1.00000  0.00     31.290    0
  395.8810       2.0820       1.84666  23.78    24.370    1
  -100.0420      0.9110       1.58144  40.89    24.370    1
  19.7620        12.8670      1.00000  0.00     19.450    0
  33.9620        5.3000       1.80610  40.73    24.770    1
  -39.4180       1.5730       1.00000  0.00     24.770    0
  -36.8280       1.1000       1.65844  50.85    25.270    1
  54.4730        17.4490      1.00000  0.00     22.360    0
