# Panasonic Lumix G Fisheye 8mm F3.5
#
# Patent: US20120147254
# Converted from photonstophotos.net Optical Bench data
# 20 surfaces, 10 glass elements, f/3.0

name: Panasonic Lumix G Fisheye 8mm F3.5
focal_length: 7.85

surfaces:
# radius       thickness    ior      abbe     semi_ap   coating
  48.2540        1.7000       1.69680  55.50    38.540    1
  14.2990        7.1800       1.00000  0.00     25.400    0
  142.5000       1.5000       1.69680  55.50    23.160    1
  11.2570        6.2700       1.00000  0.00     17.280    0
  -47.6210       2.9000       1.80518  25.50    16.040    1
  -19.3910       0.5600       1.00000  0.00     15.260    0
  -17.2390       0.8000       1.49700  81.60    14.640    1
  750.0000       3.0600       1.00000  0.00     14.640    0
  14.5050        2.2000       1.80610  33.30    11.140    1
  52.4230        4.6080       1.00000  0.00     11.140    0
  stop           2.4020       1.00000  0.00     6.939     0
  -86.5230       1.6000       1.77250  49.60    8.840     1
  -16.6970       0.2300       1.00000  0.00     8.840     0
  -16.0360       3.0000       1.58913  61.30    8.840     1
  -6.0870        1.8200       1.84666  23.80    10.220    1
  -14.7190       4.5130       1.00000  0.00     12.320    0
  500.0000       2.8000       1.61800  63.40    18.400    1
  -24.0600       2.1050       1.00000  0.00     18.400    0
  106.2400       2.4000       1.51680  64.20    19.740    1
  -106.2400      16.1690      1.00000  0.00     19.740    0
