# Panasonic Lumix G 14mm F2.5 II Asph
#
# Patent: US20130148006
# Converted from photonstophotos.net Optical Bench data
# 14 surfaces, 7 glass elements, f/2.5

name: Panasonic Lumix G 14mm F2.5 II Asph
focal_length: 14.55

surfaces:
# radius       thickness    ior      abbe     semi_ap   coating
  150.1369       0.7000       1.58332  59.10    12.138    1
  9.1393         1.5825       1.00000  0.00     10.320    0
  14.9173        1.7300       1.91082  35.20    9.658     1
  408.0238       1.8630       1.00000  0.00     10.072    0
  stop           3.2838       1.00000  0.00     6.220     0
  0              1.6496       1.00000  0.00     6.200     0
  -5.7312        0.5000       1.84666  23.80    6.792     1
  -35.0000       0.0100       1.56732  42.80    8.692     1
  -35.0000       2.8300       1.88300  40.80    8.706     1
  -8.3519        0.2000       1.00000  0.00     10.454    0
  25.0833        4.5800       1.58250  59.40    14.146    1
  -10.8600       1.4500       1.00000  0.00     14.742    0
  -611.6969      0.8000       1.68400  31.30    14.980    1
  44.6801        16.1399      1.00000  0.00     15.052    0
