# Panasonic Lumix S 70-300mm F4.5-5.6 Macro OIS
#
# Patent: JP2022-125453
# Converted from photonstophotos.net Optical Bench data
# 35 surfaces, 23 glass elements, f/4.5

name: Panasonic Lumix S 70-300mm F4.5-5.6 Macro OIS
focal_length: 72.80

surfaces:
# radius       thickness    ior      abbe     semi_ap   coating
  149.0293       1.7000       1.90366  31.30    58.260    1
  90.2201        0.2000       1.00000  0.00     52.740    0
  94.6947        5.4700       1.49700  81.60    52.740    1
  -1397.9052     0.1500       1.00000  0.00     56.130    0
  71.4589        5.8600       1.43700  95.10    53.140    1
  960.2480       3.2665       1.00000  0.00     53.140    0
  -150.7398      1.1000       1.58913  61.30    27.830    1
  61.4845        1.5325       1.00000  0.00     26.980    0
  4030.4763      1.0000       1.59349  67.00    26.980    1
  30.7258        0.0100       1.56732  42.80    26.980    1
  30.7258        2.9400       1.84666  23.80    26.980    1
  59.5523        35.1758      1.00000  0.00     25.620    0
  219.4495       2.6200       1.87071  40.70    26.980    1
  -69.3302       0.2000       1.00000  0.00     26.980    0
  36.1872        5.2900       1.49700  81.60    25.110    1
  -38.6611       0.0100       1.56732  42.80    25.110    1
  -38.6611       1.0000       2.00100  29.10    25.110    1
  262.0546       3.0000       1.00000  0.00     25.110    0
  stop           9.6870       1.00000  0.00     19.379    0
  -127.3572      0.8000       1.84666  23.80    18.720    1
  226.5087       0.0100       1.56732  42.80    22.590    1
  226.5087       2.7900       1.80610  33.30    22.590    1
  -44.7184       4.2909       1.00000  0.00     22.590    0
  342.1455       2.4500       1.86966  20.00    19.870    1
  -38.6393       0.0100       1.56732  42.80    19.870    1
  -38.6393       0.6000       1.80610  33.30    19.870    1
  32.1349        11.3199      1.00000  0.00     19.870    0
  67.7460        5.6400       1.65844  50.90    27.130    1
  -34.5895       0.0100       1.56732  42.80    27.130    1
  -34.5895       1.2000       1.92286  20.90    27.130    1
  -51.3411       28.6871      1.00000  0.00     27.790    0
  -69.6444       3.8700       1.85883  30.00    31.050    1
  -28.1286       0.0100       1.56732  42.80    31.050    1
  -28.1286       1.3000       1.80420  46.50    31.050    1
  110.5423       22.6346      1.00000  0.00     33.770    0
