# Panasonic Lumix S Pro 16-35mm F4
#
# Patent: JP2021-076829
# Converted from photonstophotos.net Optical Bench data
# 23 surfaces, 13 glass elements, f/4.1

name: Panasonic Lumix S Pro 16-35mm F4
focal_length: 16.55

surfaces:
# radius       thickness    ior      abbe     semi_ap   coating
  61.3031        2.3000       1.69144  53.60    48.500    1
  18.8849        9.3000       1.00000  0.00     34.980    0
  41.1500        1.7500       1.71181  52.50    33.340    1
  20.2786        0.0700       1.51122  59.60    29.660    1
  14.4370        11.0400      1.00000  0.00     29.660    0
  -30.4617       1.2000       1.48749  70.40    29.380    1
  -42.8307       0.2300       1.00000  0.00     29.380    0
  49.2480        3.9000       1.72960  26.20    28.840    1
  -2541.0738     27.6237      1.00000  0.00     28.840    0
  22.9021        5.8000       1.57469  56.00    20.500    1
  -51.3183       2.8300       1.00000  0.00     20.500    0
  stop           4.7500       1.00000  0.00     11.152    0
  64.0609        0.8000       1.90698  30.30    16.420    1
  10.5553        5.0000       1.49700  81.60    15.740    1
  96.1258        3.5500       1.00000  0.00     15.740    0
  269.4121       4.2000       1.58133  46.50    17.640    1
  -16.9007       1.0000       1.00000  0.00     17.640    0
  57.2983        3.2500       1.84666  23.80    19.700    1
  -39.6961       1.0000       1.81040  33.10    19.700    1
  24.8695        8.0528       1.00000  0.00     19.700    0
  35.8528        6.0000       1.48749  70.40    26.340    1
  -47.9156       1.2000       1.91082  35.20    26.340    1
  132.4575       17.5094      1.00000  0.00     28.200    0
