# Panasonic Leica DG Nocticron 42.5mm F1.2 Asph Power OIS
#
# Patent: US20150192839
# Converted from photonstophotos.net Optical Bench data
# 28 surfaces, 15 glass elements, f/1.3

name: Panasonic Leica DG Nocticron 42.5mm F1.2 Asph Power OIS
focal_length: 41.65

surfaces:
# radius       thickness    ior      abbe     semi_ap   coating
  77.5508        5.7078       2.00069  25.50    46.560    1
  -407.4695      0.4000       1.00000  0.00     46.560    0
  23.7493        4.0893       1.91082  35.20    30.920    1
  26.6173        3.1943       1.00000  0.00     28.120    0
  104.0316       0.8500       1.71736  29.50    30.300    1
  21.7306        6.8715       1.00000  0.00     25.400    0
  -41.7509       0.8500       1.74077  27.80    26.460    1
  32.1161        6.0810       1.72916  54.70    25.160    1
  -44.9242       2.1267       1.00000  0.00     25.160    0
  -23.7707       1.1332       1.73800  32.30    25.440    1
  555.7835       5.7337       1.91082  35.20    29.440    1
  -32.9039       0.7000       1.00000  0.00     29.440    0
  stop           1.2000       1.00000  0.00     28.124    0
  35.5272        4.8570       1.77010  49.70    29.740    1
  -251.6466      1.6489       1.00000  0.00     29.740    0
  357.6009       0.8000       1.64769  33.80    26.740    1
  24.4410        7.2205       1.00000  0.00     24.860    0
  21.8767        2.3888       1.49700  81.60    24.780    1
  26.4049        2.4748       1.00000  0.00     24.780    0
  31.6608        3.2800       1.77010  49.70    22.460    1
  350.8878       0.6781       1.00000  0.00     22.460    0
  41.3662        1.0176       1.58144  40.90    23.540    1
  19.2335        3.2914       1.00000  0.00     21.900    0
  48.2590        4.9831       1.91082  35.20    22.380    1
  -29.5653       0.9000       1.72047  34.70    22.380    1
  125.0004       14.8222      1.00000  0.00     23.960    0
  0              4.2000       1.51680  64.20    22.460    1
  0              1.0000       1.00000  0.00     22.460    0
