# Panasonic Lumix S Pro 70-200mm F4 OIS
#
# Patent: JP2020-086133
# Converted from photonstophotos.net Optical Bench data
# 43 surfaces, 24 glass elements, f/4.2

name: Panasonic Lumix S Pro 70-200mm F4 OIS
focal_length: 72.50

surfaces:
# radius       thickness    ior      abbe     semi_ap   coating
  110.8869       1.7013       1.75520  27.53    64.860    1
  72.9872        10.5583      1.49700  81.61    65.000    1
  -345.8710      0.1501       1.00000  0.00     65.000    0
  59.1964        6.4050       1.43700  95.10    56.540    1
  156.1623       0.7606       1.00000  0.00     53.940    0
  40.1615        0.9007       1.80610  33.27    34.420    1
  24.9996        11.3089      1.00000  0.00     31.540    0
  -148.1160      0.9007       1.48749  70.44    29.220    1
  26.6008        4.0532       1.84666  23.78    29.220    1
  71.2058        3.3026       1.00000  0.00     25.960    0
  -49.5188       0.9007       1.77250  49.62    25.960    1
  -679.5324      33.3561      1.00000  0.00     27.460    0
  224.6760       2.3518       1.80450  39.64    26.640    1
  -109.9862      1.0008       1.00000  0.00     26.640    0
  stop           3.8230       1.00000  0.00     25.526    0
  39.7929        0.9007       2.00100  29.13    27.560    1
  25.4554        5.1040       1.59282  68.62    27.400    1
  -200.5164      3.9631       1.00000  0.00     27.400    0
  66.9425        1.9938       1.91082  35.25    26.700    1
  321.3737       0.6288       1.00000  0.00     24.050    0
  -180.7817      0.9007       1.80000  29.84    24.050    1
  69.2506        19.1453      1.00000  0.00     23.020    0
  70.2323        5.4543       1.48749  70.44    24.160    1
  -37.6316       0.8006       1.69895  30.05    24.160    1
  -64.6406       3.0024       1.00000  0.00     24.160    0
  -386.1025      2.8022       1.84666  23.78    23.640    1
  -38.4401       0.8006       1.59349  67.00    23.640    1
  29.5732        2.9623       1.00000  0.00     22.420    0
  -131.0627      0.8006       1.80100  34.97    22.420    1
  77.3006        1.4411       1.00000  0.00     23.820    0
  35.1776        7.0555       1.49700  81.61    26.340    1
  -35.1776       0.1501       1.00000  0.00     26.340    0
  192.8511       7.5559       1.69895  30.05    26.420    1
  -19.9656       0.9007       1.84666  23.78    26.420    1
  -41.9128       0.1501       1.00000  0.00     26.420    0
  -68.4736       0.9007       1.72916  54.67    26.420    1
  229.0294       6.0247       1.00000  0.00     26.420    0
  -24.1789       0.9007       1.83481  42.72    26.160    1
  -258.1522      0.1501       1.00000  0.00     27.640    0
  33.5263        4.9539       1.58913  61.25    31.760    1
  213.1670       30.3551      1.00000  0.00     31.760    0
  0              2.1074       1.51680  64.17    44.600    1
  0              0.3481       1.00000  0.00     44.600    0
