# Panasonic Lumix G X Vario PZ 45-175mm F4.0-5.6 Asph Power OIS
#
# Patent: US20140132830
# Converted from photonstophotos.net Optical Bench data
# 25 surfaces, 14 glass elements, f/4.2

name: Panasonic Lumix G X Vario PZ 45-175mm F4.0-5.6 Asph Power OIS
focal_length: 45.17

surfaces:
# radius       thickness    ior      abbe     semi_ap   coating
  44.2770        4.2000       1.48749  70.40    31.760    1
  0              0.2000       1.00000  0.00     31.760    0
  38.4260        1.2000       1.80100  35.00    29.660    1
  23.0930        6.0000       1.49700  81.60    27.380    1
  139.1120       1.9704       1.00000  0.00     27.380    0
  400.0000       0.6000       1.80450  39.60    15.240    1
  12.1420        2.0000       1.92286  20.90    13.940    1
  25.5000        1.8100       1.00000  0.00     13.940    0
  -43.7750       0.6000       1.80420  46.50    13.400    1
  67.7730        25.7814      1.00000  0.00     13.320    0
  17.7350        4.2000       1.80755  40.90    18.560    1
  -396.2740      2.0000       1.00000  0.00     18.560    0
  stop           1.7000       1.00000  0.00     16.008    0
  75.4770        0.6000       1.90366  31.30    15.860    1
  11.8350        3.2000       1.49700  81.60    15.060    1
  55.7160        0.7600       1.00000  0.00     15.060    0
  21.3530        3.6000       1.58250  59.40    14.800    1
  -21.3530       0.6000       1.75520  27.50    14.460    1
  -34.7270       2.9764       1.00000  0.00     14.460    0
  44.2460        0.5000       1.72916  54.70    11.900    1
  15.0830        23.0885      1.00000  0.00     11.900    0
  -16.2740       0.7000       1.72916  54.70    16.920    1
  -74.5340       1.6369       1.00000  0.00     16.920    0
  -147.9710      3.0000       1.84666  23.80    20.640    1
  -23.4250       14.6033      1.00000  0.00     20.640    0
