# Panasonic Lumix G Vario 12-60mm F3.5-5.6 Asph Power OIS
#
# Patent: US20170242227
# Converted from photonstophotos.net Optical Bench data
# 21 surfaces, 11 glass elements, f/3.6

name: Panasonic Lumix G Vario 12-60mm F3.5-5.6 Asph Power OIS
focal_length: 12.46

surfaces:
# radius       thickness    ior      abbe     semi_ap   coating
  36.9439        1.2000       1.80610  33.30    38.540    1
  26.9180        8.0000       1.51680  64.20    36.820    1
  268.0757       0.7565       1.00000  0.00     36.820    0
  74.5610        1.1000       1.90366  31.30    24.280    1
  11.9000        5.7413       1.00000  0.00     18.440    0
  -55.5930       0.8000       1.62041  60.30    18.440    1
  27.7280        1.7927       1.00000  0.00     18.440    0
  22.8240        2.1000       1.94595  18.00    18.440    1
  66.8330        26.1000      1.00000  0.00     18.440    0
  stop           1.0000       1.00000  0.00     9.532     0
  24.8590        2.5000       1.58699  59.50    11.220    1
  -37.1350       5.8893       1.00000  0.00     11.220    0
  26.5410        1.6600       1.53380  55.60    11.740    1
  -95.2529       1.0000       1.00000  0.00     11.740    0
  117.8516       0.6000       1.73800  32.30    10.720    1
  9.7910         3.2500       1.49700  81.60    10.720    1
  -18.0607       1.8729       1.00000  0.00     10.720    0
  -215.4600      1.2143       1.53380  55.60    10.380    1
  11.6230        5.7284       1.00000  0.00     10.380    0
  -1000.0000     4.0445       1.51742  52.10    21.880    1
  -25.0079       14.2360      1.00000  0.00     21.880    0
