# Panasonic Leica DG Summilux 12mm F1.4 Asph
#
# Patent: JP2017-167327
# Converted from photonstophotos.net Optical Bench data
# 31 surfaces, 16 glass elements, f/1.4

name: Panasonic Leica DG Summilux 12mm F1.4 Asph
focal_length: 11.98

surfaces:
# radius       thickness    ior      abbe     semi_ap   coating
  89.5300        4.3200       1.51680  64.20    41.020    1
  522.2000       0.6800       1.00000  0.00     38.020    0
  32.0000        1.4000       1.70154  41.15    28.140    1
  12.1800        3.9300       1.00000  0.00     20.860    0
  23.4500        1.0000       1.58913  61.25    20.170    1
  12.4000        6.4100       1.00000  0.00     17.690    0
  -22.3000       1.0000       1.43700  95.10    16.900    1
  64.9600        2.7400       1.80610  33.27    16.230    1
  -64.9600       1.0000       1.00000  0.00     15.840    0
  0              8.8500       1.00000  0.00     14.900    0
  -13.0200       1.4000       1.60342  38.01    16.790    1
  -18.5600       0.8500       1.00000  0.00     18.570    0
  stop           1.0000       1.00000  0.00     21.100    0
  57.7700        5.6100       1.83481  42.72    22.770    1
  -29.2200       0.1500       1.00000  0.00     23.180    0
  -51.4800       0.8000       1.74077  27.76    22.720    1
  -192.3900      0.1500       1.00000  0.00     22.700    0
  53.2500        8.5500       1.43700  95.10    22.520    1
  -17.4200       1.0000       1.90366  31.32    21.810    1
  -26.0700       0.1500       1.00000  0.00     22.360    0
  -384.4000      2.0000       1.58913  61.25    21.290    1
  -61.7000       3.7600       1.00000  0.00     21.080    0
  30.0000        2.8000       1.48749  70.45    19.740    1
  210.9500       1.5000       1.00000  0.00     19.200    0
  37.9500        0.8000       1.80610  33.27    19.070    1
  17.8200        2.6600       1.00000  0.00     18.510    0
  54.8800        6.3500       1.55032  75.50    19.020    1
  -17.0800       1.0000       1.84666  23.78    19.570    1
  -27.3500       11.9400      1.00000  0.00     20.400    0
  0              4.2000       1.51680  64.20    21.380    1
  0              1.0000       1.00000  0.00     21.580    0
