# US 8,503,096 Example 1
#
# Patent: US008503096
# Converted from photonstophotos.net Optical Bench data
# 14 surfaces, 7 glass elements, f/1.4

name: US 8,503,096 Example 1
focal_length: 25.67

surfaces:
# radius       thickness    ior      abbe     semi_ap   coating
  18.7454        4.2023       1.88300  40.80    21.398    1
  68.3460        0.5883       1.00000  0.00     19.700    0
  39.4209        1.2000       1.51198  54.60    17.680    1
  10.0271        5.9782       1.00000  0.00     14.632    0
  stop           5.6400       1.00000  0.00     13.906    0
  -11.0338       1.0000       1.80518  25.50    14.156    1
  34.6783        6.5496       1.88300  40.80    17.610    1
  -17.8413       0.1000       1.00000  0.00     19.330    0
  37.3883        4.2055       1.80139  45.40    20.200    1
  -32.9163       1.9100       1.00000  0.00     20.184    0
  -126.8308      1.0000       1.68893  31.20    18.000    1
  27.1740        6.2273       1.00000  0.00     18.184    0
  114.1915       3.9262       1.83480  42.70    21.948    1
  -33.7912       18.0333      1.00000  0.00     22.388    0
