# Panasonic Leica DG Vario-Summilux 10-25mm F1.7 Asph
#
# Patent: US20200371325
# Converted from photonstophotos.net Optical Bench data
# 30 surfaces, 17 glass elements, f/1.7

name: Panasonic Leica DG Vario-Summilux 10-25mm F1.7 Asph
focal_length: 10.30

surfaces:
# radius       thickness    ior      abbe     semi_ap   coating
  74.4850        5.6710       1.62299  58.12    62.040    1
  182.4490       0.6000       1.00000  0.00     62.040    0
  84.9500        2.3000       1.83400  37.16    43.850    1
  18.5740        9.2400       1.00000  0.00     30.040    0
  266.7470       2.0000       1.58313  59.46    30.850    1
  24.7100        6.3920       1.00000  0.00     30.850    0
  -43.7210       1.5100       1.49700  81.61    26.630    1
  41.4870        4.5640       2.00100  29.13    28.410    1
  0              22.2080      1.00000  0.00     28.410    0
  96.6410        1.3100       1.48749  70.44    25.210    1
  31.7750        3.5140       1.80100  34.97    25.210    1
  99.8570        13.0280      1.00000  0.00     25.210    0
  70.9970        3.4250       1.58313  59.46    26.350    1
  -138.6700      2.8470       1.00000  0.00     26.350    0
  stop           4.0280       1.00000  0.00     20.853    0
  -62.3360       1.5000       1.72047  34.71    28.050    1
  56.3250        7.7210       1.48749  70.44    33.540    1
  -42.6920       0.1500       1.00000  0.00     33.540    0
  55.6570        8.9650       1.49700  81.61    35.260    1
  -39.8560       0.1500       1.00000  0.00     35.260    0
  45.7320        1.6010       1.80100  34.97    33.170    1
  17.8840        10.2580      1.59282  68.62    29.140    1
  -214.9650      2.5000       1.00000  0.00     29.140    0
  243.2100       0.9300       1.76200  40.10    16.100    1
  13.0420        2.9800       1.80518  25.46    16.100    1
  20.5790        3.1360       1.00000  0.00     15.160    0
  22.8010        8.9440       1.49700  81.61    24.100    1
  -22.8010       0.5790       1.00000  0.00     24.100    0
  -73.3360       1.4000       1.80610  40.73    22.960    1
  -1000.0000     15.1180      1.00000  0.00     23.900    0
