# Panasonic Lumix G Vario 12-32mm F3.5-5.6 Asph Mega OIS
#
# Patent: US20150097989
# Converted from photonstophotos.net Optical Bench data
# 17 surfaces, 9 glass elements, f/3.6

name: Panasonic Lumix G Vario 12-32mm F3.5-5.6 Asph Mega OIS
focal_length: 12.48

surfaces:
# radius       thickness    ior      abbe     semi_ap   coating
  25.1140        0.8000       1.90366  31.30    19.820    1
  9.3220         5.1500       1.00000  0.00     15.980    0
  -100.0000      0.6500       1.80755  40.90    15.440    1
  29.4810        0.7000       1.00000  0.00     15.440    0
  20.4400        2.0000       1.94595  18.00    15.260    1
  79.7700        18.2733      1.00000  0.00     15.260    0
  stop           1.0000       1.00000  0.00     8.686     0
  11.8880        2.0000       1.80755  40.90    10.120    1
  130.0720       2.9200       1.00000  0.00     10.120    0
  97.9930        0.6000       1.90366  31.30    9.160     1
  7.4520         0.0100       1.56732  42.80    8.900     1
  7.4520         2.8000       1.59282  68.60    8.900     1
  -16.3480       4.9675       1.00000  0.00     8.900     0
  -35.2450       0.8000       1.54360  56.00    11.940    1
  18.9740        4.6258       1.00000  0.00     11.940    0
  38.2070        3.8700       1.61800  63.40    20.160    1
  -38.2070       14.1992      1.00000  0.00     20.160    0
