# Panasonic Lumix G 25mm F1.7 Asph
#
# Patent: US20170059832
# Converted from photonstophotos.net Optical Bench data
# 18 surfaces, 9 glass elements, f/1.8

name: Panasonic Lumix G 25mm F1.7 Asph
focal_length: 25.88

surfaces:
# radius       thickness    ior      abbe     semi_ap   coating
  23.8785        4.3000       2.00069  25.50    25.140    1
  127.8616       1.5265       1.00000  0.00     25.140    0
  183.8699       0.7000       1.51742  52.10    20.120    1
  10.0557        7.3268       1.00000  0.00     15.820    0
  -14.1493       2.7700       1.75211  25.00    15.640    1
  22.4277        5.1500       1.72916  54.70    17.760    1
  -18.5200       0.6000       1.00000  0.00     18.720    0
  stop           1.7000       1.00000  0.00     16.905    0
  36.6880        5.5000       1.80420  46.50    19.860    1
  -51.7984       2.3500       1.00000  0.00     19.860    0
  253.2104       2.5000       1.53380  55.60    17.580    1
  22.1105        9.5295       1.00000  0.00     17.580    0
  31.3591        6.5000       1.53380  55.60    21.880    1
  -20.3491       3.5472       1.00000  0.00     20.080    0
  -30.6242       1.0000       1.58144  40.90    21.180    1
  -82.3348       10.8000      1.00000  0.00     21.180    0
  0              4.2000       1.51680  64.20    23.960    1
  0              1.0000       1.00000  0.00     23.960    0
