# Panasonic Lumix G Vario 7-14mm F4.0 Asph
#
# Patent: US20100194930
# Converted from photonstophotos.net Optical Bench data
# 28 surfaces, 16 glass elements, f/4.0

name: Panasonic Lumix G Vario 7-14mm F4.0 Asph
focal_length: 7.21

surfaces:
# radius       thickness    ior      abbe     semi_ap   coating
  32.4702        2.0000       1.80420  46.50    48.970    1
  20.0318        6.2737       1.00000  0.00     36.010    0
  28.5986        1.8000       1.80420  46.50    37.110    1
  16.5700        2.7009       1.00000  0.00     28.090    0
  20.5213        1.7000       1.80800  40.90    30.270    1
  11.4455        8.0725       1.00000  0.00     23.430    0
  -100.7502      1.0000       1.49700  81.60    25.560    1
  19.5801        4.0041       1.80610  33.30    21.340    1
  92.8867        19.1344      1.00000  0.00     20.280    0
  18.8595        0.7000       1.74330  49.20    7.640     1
  6.7434         2.2504       1.67270  32.20    7.640     1
  116.2534       1.8956       1.00000  0.00     7.640     0
  stop           1.9956       1.00000  0.00     5.577     0
  595.9506       0.7000       1.84666  23.80    9.060     1
  13.8268        2.3462       1.51680  64.20    9.060     1
  -21.1265       1.3208       1.00000  0.00     9.720     0
  -9.7039        0.8000       1.51680  64.20    8.660     1
  20.9908        2.8726       1.49700  81.60    11.410    1
  -15.7188       0.2000       1.00000  0.00     12.490    0
  -58.6471       1.9785       1.49700  81.60    12.670    1
  -20.6227       0.2000       1.00000  0.00     14.080    0
  41.4694        3.2380       1.49700  81.60    15.030    1
  -20.8236       2.5108       1.00000  0.00     15.030    0
  26.6475        0.8000       1.51823  59.00    18.110    1
  17.5329        5.1707       1.00000  0.00     16.000    0
  81.8202        0.9000       1.80518  25.50    19.830    1
  27.2707        3.5813       1.52300  70.10    19.830    1
  -40.3793       15.3868      1.00000  0.00     20.540    0
