# Panasonic Lumix S 24-105mm F4 Macro OIS
#
# Patent: JP2020-118738
# Converted from photonstophotos.net Optical Bench data
# 35 surfaces, 20 glass elements, f/4.1

name: Panasonic Lumix S 24-105mm F4 Macro OIS
focal_length: 25.01

surfaces:
# radius       thickness    ior      abbe     semi_ap   coating
  280.0000       1.7000       1.92286  20.90    61.970    1
  125.8144       0.0050       1.56732  42.80    59.380    1
  125.8144       4.9000       1.72916  54.70    59.380    1
  -2000.0000     0.2000       1.00000  0.00     59.380    0
  62.0870        5.4400       1.72916  54.70    52.800    1
  220.8867       0.7000       1.00000  0.00     52.800    0
  124.3864       1.2000       1.77250  49.60    37.440    1
  16.2116        10.3600      1.00000  0.00     26.750    0
  -33.9290       1.2000       1.80755  40.90    26.540    1
  -209.7970      1.2200       1.00000  0.00     27.520    0
  138.6744       3.3300       1.92119  24.00    25.000    1
  -43.1730       1.7700       1.00000  0.00     25.000    0
  -24.4345       0.8000       1.77250  49.60    24.510    1
  -47.0000       27.0720      1.00000  0.00     27.100    0
  stop           1.2000       1.00000  0.00     14.540    0
  25.5000        4.5500       1.68820  31.10    26.120    1
  311.0946       0.7000       1.00000  0.00     26.120    0
  19.3213        0.9000       1.87070  40.70    25.560    1
  13.6000        0.0050       1.56732  42.80    23.460    1
  13.6000        4.3400       1.49700  81.60    23.460    1
  24.1999        3.2500       1.00000  0.00     21.850    0
  84.5703        0.8000       1.84666  23.80    22.760    1
  18.4419        0.0050       1.56732  42.80    21.990    1
  18.4419        5.2100       1.43700  95.10    21.990    1
  -96.2763       0.5000       1.00000  0.00     21.990    0
  30.2374        5.0000       1.55333  71.80    23.350    1
  -50.7348       1.8000       1.00000  0.00     23.350    0
  -68.6757       1.4700       1.55333  71.80    19.570    1
  43.1408        16.1250      1.00000  0.00     19.570    0
  -106.5052      1.0000       1.49700  81.60    32.570    1
  1030.8842      0.2000       1.00000  0.00     34.740    0
  61.5545        3.7200       1.90043  37.40    38.100    1
  449.3914       21.0290      1.00000  0.00     38.100    0
  0              2.1000       1.51680  64.20    43.620    1
  0              2.7000       1.00000  0.00     43.620    0
