# Panasonic Leica DG Macro-Elmarit 45mm F2.8 Asph Mega OIS
#
# Patent: JP2011-048232
# Converted from photonstophotos.net Optical Bench data
# 27 surfaces, 14 glass elements, f/2.9

name: Panasonic Leica DG Macro-Elmarit 45mm F2.8 Asph Mega OIS
focal_length: 45.90

surfaces:
# radius       thickness    ior      abbe     semi_ap   coating
  85.5932        1.5580       1.51680  64.20    20.580    1
  -271.1205      0.1500       1.00000  0.00     20.520    0
  23.5836        0.8000       1.92286  20.90    18.960    1
  14.7741        4.4084       1.76930  49.30    17.620    1
  -243.9386      1.7316       1.00000  0.00     17.620    0
  0              0.8000       1.91082  35.20    14.600    1
  20.9675        1.4841       1.00000  0.00     14.600    0
  -104.1415      0.8000       1.91082  35.20    13.820    1
  14.7966        2.3547       1.94595  18.00    13.820    1
  88.1331        9.0043       1.00000  0.00     13.820    0
  100.0000       1.8084       1.72916  54.70    16.500    1
  -100.0000      0.5000       1.00000  0.00     16.500    0
  0              1.3000       1.00000  0.00     14.540    0
  stop           1.3000       1.00000  0.00     13.929    0
  0              10.5737      1.00000  0.00     14.320    0
  48.4208        3.2992       1.77250  49.60    17.580    1
  -96.2229       0.1500       1.00000  0.00     17.520    0
  65.9750        0.8000       1.84666  23.80    17.640    1
  16.7138        4.2010       1.72916  54.70    17.640    1
  -160.7718      0.1500       1.00000  0.00     17.640    0
  49.8443        2.8849       1.49700  81.60    17.480    1
  -113.8211      2.0973       1.00000  0.00     17.480    0
  -75.7748       0.8000       1.48749  70.40    16.420    1
  16.0766        7.0600       1.00000  0.00     16.080    0
  -17.3499       0.7500       1.48749  70.40    17.700    1
  34.9984        3.6264       1.83481  42.70    19.600    1
  -40.5544       15.0137      1.00000  0.00     20.040    0
