# Panasonic Lumix S Pro 70-200mm F2.8 OIS
#
# Patent: US20210132345
# Converted from photonstophotos.net Optical Bench data
# 47 surfaces, 28 glass elements, f/2.8

name: Panasonic Lumix S Pro 70-200mm F2.8 OIS
focal_length: 72.45

surfaces:
# radius       thickness    ior      abbe     semi_ap   coating
  131.2282       2.4000       1.90366  31.30    73.550    1
  79.0397        1.4000       1.00000  0.00     72.570    0
  80.3700        9.5000       1.49700  81.60    71.940    1
  0              0.2000       1.00000  0.00     71.940    0
  76.8358        8.9000       1.43700  95.10    67.190    1
  1898.6547      1.0000       1.00000  0.00     67.190    0
  487.4325       3.8000       1.60562  43.70    49.520    1
  -192.0274      0.2000       1.00000  0.00     49.520    0
  856.4336       1.5000       1.69680  55.50    45.440    1
  40.4350        9.6250       1.00000  0.00     40.020    0
  -84.6589       1.5000       1.48749  70.40    40.180    1
  47.1828        0.0100       1.56732  42.80    40.180    1
  47.1828        6.2000       1.90366  31.30    40.180    1
  -305.2809      3.4131       1.00000  0.00     40.180    0
  -53.2587       1.5000       1.60311  60.70    40.180    1
  319.5297       47.7393      1.00000  0.00     44.990    0
  64.0495        6.4000       1.80450  39.60    41.860    1
  -141.7141      1.0000       1.00000  0.00     41.860    0
  60.1240        3.5000       1.49700  81.60    38.360    1
  171.5708       2.7000       1.00000  0.00     38.360    0
  stop           3.0000       1.00000  0.00     33.141    0
  -173.7603      3.7900       1.43700  95.10    35.430    1
  -44.7702       0.0100       1.56732  42.80    35.430    1
  -44.7702       1.2000       1.84666  23.80    35.430    1
  50.1478        2.4000       1.00000  0.00     31.880    0
  35.4374        1.5000       1.84666  23.80    33.210    1
  27.2542        0.0100       1.56732  42.80    33.210    1
  27.2542        6.0000       1.49700  81.60    33.210    1
  342.1290       0.3000       1.00000  0.00     33.210    0
  82.9525        5.4000       1.58578  59.50    31.120    1
  -60.7360       3.0000       1.00000  0.00     31.120    0
  -43.7303       1.4000       1.69350  53.20    30.460    1
  -320.3249      0.0100       1.56732  42.80    32.520    1
  -320.3249      3.7000       1.85883  30.00    32.520    1
  -43.1887       2.4000       1.00000  0.00     32.520    0
  0              3.3000       1.86966  20.00    29.500    1
  -46.4584       0.0100       1.56732  42.80    29.500    1
  -46.4584       0.7000       1.70154  41.10    29.500    1
  35.1327        20.1578      1.00000  0.00     29.500    0
  491.7514       4.2000       1.84666  23.80    37.420    1
  -61.6507       9.2347       1.00000  0.00     37.420    0
  -46.9831       1.4000       1.84666  23.80    34.630    1
  117.6471       0.2000       1.00000  0.00     38.150    0
  49.6263        5.0000       1.71700  47.90    41.060    1
  464.3283       31.0000      1.00000  0.00     41.060    0
  0              2.1000       1.51680  64.20    44.220    1
  0              1.0900       1.00000  0.00     44.220    0
