# Panasonic Lumix G Vario 45-150mm F4.0-5.6 Asph Mega OIS
#
# Patent: US20130335617
# Converted from photonstophotos.net Optical Bench data
# 22 surfaces, 12 glass elements, f/4.2

name: Panasonic Lumix G Vario 45-150mm F4.0-5.6 Asph Mega OIS
focal_length: 45.40

surfaces:
# radius       thickness    ior      abbe     semi_ap   coating
  56.7320        1.1000       1.80610  33.30    28.120    1
  35.0922        4.0230       1.56384  60.80    27.320    1
  -333.4923      6.1809       1.00000  0.00     27.320    0
  -158.7620      0.7000       1.80610  33.30    15.420    1
  16.1697        2.2053       1.94595  18.00    15.420    1
  49.7377        1.1474       1.00000  0.00     15.420    0
  -58.5099       0.7000       1.72825  28.30    15.420    1
  77.0265        17.4060      1.00000  0.00     15.420    0
  20.7792        3.0547       1.80998  40.90    15.920    1
  -114.8753      0.6336       1.00000  0.00     15.920    0
  13.9442        3.5050       1.72916  54.70    14.540    1
  -116.7351      1.4505       2.00100  29.10    13.400    1
  11.2704        3.6496       1.00000  0.00     11.480    0
  stop           2.2246       1.00000  0.00     10.421    0
  22.3752        2.3917       1.51760  63.50    11.840    1
  -83.7427       1.5348       1.00000  0.00     11.840    0
  39.0639        0.6000       1.77250  49.60    9.660     1
  17.2183        17.1221      1.00000  0.00     9.660     0
  -21.5451       0.7000       1.48749  70.40    15.860    1
  -46.1035       0.4500       1.00000  0.00     15.860    0
  -65.3760       2.1896       1.84666  23.80    21.440    1
  -27.5587       18.9311      1.00000  0.00     21.440    0
