# Panasonic Lumix S Pro 24-70mm F2.8
#
# Patent: US20210055531
# Converted from photonstophotos.net Optical Bench data
# 39 surfaces, 21 glass elements, f/2.9

name: Panasonic Lumix S Pro 24-70mm F2.8
focal_length: 24.84

surfaces:
# radius       thickness    ior      abbe     semi_ap   coating
  390.1047       1.8000       1.92286  20.90    67.650    1
  158.5399       0.0100       1.56732  42.80    65.770    1
  158.5399       3.5622       1.80420  46.50    65.770    1
  380.9402       0.3000       1.00000  0.00     65.770    0
  69.9519        6.8390       1.77250  49.60    58.810    1
  317.4920       1.0000       1.00000  0.00     58.810    0
  119.0191       1.5000       1.71300  53.90    42.240    1
  18.5966        11.3922      1.00000  0.00     30.880    0
  -46.6500       1.5000       1.80998  40.90    29.930    1
  124.0778       1.0662       1.00000  0.00     29.930    0
  104.8836       7.9601       1.84666  23.80    29.620    1
  -61.0696       3.4420       1.00000  0.00     29.620    0
  -24.3370       1.0000       1.48749  70.40    26.460    1
  -41.2178       25.9929      1.00000  0.00     28.820    0
  stop           2.5000       1.00000  0.00     20.441    0
  46.2057        4.6622       1.92286  20.90    31.190    1
  244.5319       3.7297       1.00000  0.00     31.190    0
  47.1131        5.5575       1.49700  81.60    31.510    1
  -86.5145       0.0100       1.56732  42.80    30.560    1
  -86.5145       1.0000       1.92119  24.00    30.560    1
  68.7867        0.5000       1.00000  0.00     30.560    0
  36.5554        6.2042       1.49700  81.60    30.250    1
  -120.8146      0.3659       1.00000  0.00     30.250    0
  -89.2445       1.0000       1.84666  23.80    30.250    1
  211.2796       3.5926       1.00000  0.00     30.250    0
  28.4543        8.4601       1.55032  75.50    31.670    1
  -64.4603       0.5000       1.00000  0.00     31.670    0
  344.0162       1.8000       1.80998  40.90    27.570    1
  2000.0000      2.9770       1.00000  0.00     27.570    0
  94.1443        1.0000       1.83481  42.70    24.160    1
  29.5068        11.0043      1.00000  0.00     24.160    0
  44.2417        1.5000       1.68948  31.00    31.670    1
  28.4361        3.5504       1.00000  0.00     31.670    0
  55.4225        5.6953       1.84666  23.80    33.690    1
  -82.6857       1.3097       1.00000  0.00     33.690    0
  -160.4704      1.2000       1.95375  32.30    34.060    1
  168.0432       18.9162      1.00000  0.00     34.060    0
  0              2.1000       1.51680  64.20    44.920    1
  0              1.0000       1.00000  0.00     44.920    0
