# Panasonic Leica DG Summilux 9mm F1.7 Asph
#
# Patent: US20230367186
# Converted from photonstophotos.net Optical Bench data
# 27 surfaces, 16 glass elements, f/1.8

name: Panasonic Leica DG Summilux 9mm F1.7 Asph
focal_length: 9.35

surfaces:
# radius       thickness    ior      abbe     semi_ap   coating
  21.5241        1.3000       1.80420  46.50    28.460    1
  11.4951        2.8898       1.00000  0.00     22.080    0
  10.1831        2.5000       1.53380  55.60    21.020    1
  6.6667         4.6172       1.00000  0.00     17.260    0
  20.3566        0.8000       1.49700  81.60    16.660    1
  9.3296         3.3755       1.00000  0.00     14.300    0
  0              0.7000       1.59349  67.00    14.300    1
  8.6196         0.0100       1.56732  42.80    13.420    1
  8.6196         6.0000       1.59270  35.40    13.420    1
  -96.2175       1.3482       1.00000  0.00     13.420    0
  52.5474        2.6593       1.75211  25.00    13.420    1
  -144.2660      2.8000       1.00000  0.00     13.420    0
  stop           1.9743       1.00000  0.00     13.230    0
  27.9431        1.0000       2.00100  29.10    14.820    1
  10.5308        0.0100       1.56732  42.80    14.820    1
  10.5308        6.1121       1.49700  81.60    14.900    1
  -20.1096       0.2000       1.00000  0.00     15.700    0
  26.3044        5.2209       1.58575  59.50    17.180    1
  -15.6869       1.2010       1.00000  0.00     17.180    0
  41.5013        2.2119       1.94595  18.00    14.100    1
  -187.3904      0.0100       1.56732  42.80    13.760    1
  -187.3904      0.6000       1.84666  23.80    13.760    1
  12.6474        5.1035       1.00000  0.00     13.760    0
  157.2184       2.7252       1.62299  58.10    16.620    1
  -29.5709       10.4300      1.00000  0.00     16.620    0
  0              4.2000       1.51680  64.20    20.800    1
  0              1.0000       1.00000  0.00     20.800    0
