# Panasonic Lumix G Vario 100-300mm F4.0-5.6 II Power OIS
#
# Patent: US20120013991
# Converted from photonstophotos.net Optical Bench data
# 30 surfaces, 17 glass elements, f/4.1

name: Panasonic Lumix G Vario 100-300mm F4.0-5.6 II Power OIS
focal_length: 102.72

surfaces:
# radius       thickness    ior      abbe     semi_ap   coating
  120.5144       4.1018       1.48749  70.40    52.080    1
  0              0.2001       1.00000  0.00     52.080    0
  85.6357        1.9007       1.68893  31.20    50.220    1
  54.1216        6.4013       1.49700  81.60    48.800    1
  300.4957       33.6396      1.00000  0.00     48.920    0
  35.2685        0.9001       1.62004  36.30    22.360    1
  21.4721        4.2033       1.48749  70.40    21.240    1
  0              7.4452       1.00000  0.00     21.240    0
  -78.3684       0.8007       1.77250  49.60    15.600    1
  29.0330        1.3111       1.00000  0.00     15.600    0
  34.4949        2.3012       1.94595  18.00    15.100    1
  -162.9594      0.8006       1.90366  31.30    15.100    1
  30.0401        4.2635       1.00000  0.00     15.100    0
  stop           17.1927      1.00000  0.00     13.601    0
  51.3922        2.5001       1.58913  61.30    17.120    1
  -73.3439       0.1501       1.00000  0.00     17.120    0
  26.7508        0.8000       1.84666  23.80    16.760    1
  14.9886        5.0238       1.58913  61.30    16.160    1
  -87.4347       12.4788      1.00000  0.00     16.160    0
  23.2317        0.8004       1.77250  49.60    13.220    1
  13.1034        2.0804       1.00000  0.00     12.770    0
  -50.3730       2.0510       1.84666  23.80    12.770    1
  -17.7424       0.8004       1.77250  49.60    13.220    1
  32.7327        2.8724       1.00000  0.00     13.360    0
  22.4145        5.1011       1.51680  64.20    16.420    1
  -22.4519       3.6923       1.00000  0.00     16.420    0
  -18.2083       0.8007       1.91082  35.20    16.840    1
  -312.6198      0.1500       1.00000  0.00     16.840    0
  43.5206        2.3008       1.84666  23.80    18.100    1
  -637.0691      15.4201      1.00000  0.00     18.100    0
