# Panasonic Lumix S 20-60mm F3.5-5.6
#
# Patent: JP2021-179551
# Converted from photonstophotos.net Optical Bench data
# 22 surfaces, 11 glass elements, f/3.6

name: Panasonic Lumix S 20-60mm F3.5-5.6
focal_length: 20.81

surfaces:
# radius       thickness    ior      abbe     semi_ap   coating
  79.0512        3.9852       1.58913  61.30    47.290    1
  433.2915       0.5000       1.00000  0.00     45.840    0
  52.4162        1.1000       1.90366  31.30    33.900    1
  14.3826        9.6762       1.00000  0.00     25.050    0
  -53.5391       3.5750       1.59283  68.60    26.050    1
  17.3980        8.7400       1.85883  30.00    22.980    1
  -37.4160       0.4308       1.00000  0.00     22.980    0
  -31.6882       0.8000       1.85000  32.40    21.740    1
  204.4024       19.7087      1.00000  0.00     21.740    0
  stop           1.4000       1.00000  0.00     14.409    0
  18.3208        3.5400       1.80998  40.90    17.940    1
  67.3256        0.6734       1.00000  0.00     17.940    0
  36.3845        3.3150       1.49700  81.60    17.690    1
  -36.3845       1.8357       1.00000  0.00     17.690    0
  0              0.6000       1.80610  33.30    15.110    1
  10.2444        4.5235       1.49700  81.60    13.870    1
  -28.7280       2.9215       1.00000  0.00     13.870    0
  -33.6248       1.1869       1.58313  59.50    15.380    1
  191.0158       12.2940      1.00000  0.00     15.970    0
  -44.4984       2.8302       1.92286  20.90    35.650    1
  -32.7872       22.1972      1.00000  0.00     36.640    0
  0              0.0335       1.00000  0.00     43.266    0
