# US 6,580,568 Example 1
#
# Patent: US006580568
# Converted from photonstophotos.net Optical Bench data
# 15 surfaces, 7 glass elements, f/5.7

name: US 6,580,568 Example 1
focal_length: 292.35

surfaces:
# radius       thickness    ior      abbe     semi_ap   coating
  100.7000       7.8500       1.48749  70.20    54.000    1
  -249.2070      0.3000       1.00000  0.00     54.000    0
  65.6560        8.2200       1.49700  81.60    51.000    1
  -4951.7760     0.9900       1.00000  0.00     51.000    0
  -355.1890      3.1000       1.66998  39.30    49.300    1
  85.6800        30.5100      1.00000  0.00     46.400    0
  535.1000       2.6000       1.65412  39.70    35.600    1
  50.4600        9.6300       1.00000  0.00     34.500    0
  58.0000        3.8100       1.80518  25.40    35.700    1
  95.0000        20.2500      1.00000  0.00     35.100    0
  stop           1.5000       1.00000  0.00     33.513    0
  2639.8050      4.4400       1.56732  42.80    33.400    1
  -75.1230       33.8400      1.00000  0.00     33.400    0
  -54.6360       2.3000       1.83400  37.20    29.500    1
  -118.5000      116.6600     1.00000  0.00     30.400    0
