# US 8,363,333 Example 2
#
# Patent: US008363333
# Converted from photonstophotos.net Optical Bench data
# 25 surfaces, 14 glass elements, f/2.9

name: US 8,363,333 Example 2
focal_length: 87.80

surfaces:
# radius       thickness    ior      abbe     semi_ap   coating
  60.6910        2.8000       1.83481  42.70    52.300    1
  34.0550        0.2000       1.52972  42.70    52.300    1
  34.3130        11.7400      1.00000  0.00     52.300    0
  392.4200       4.8500       1.72916  54.70    46.500    1
  -142.5000      3.9400       1.00000  0.00     46.500    0
  79.0220        5.7400       1.60311  60.70    42.100    1
  -369.6000      5.0400       1.00000  0.00     42.100    0
  -3173.7730     1.8000       1.56384  60.80    36.000    1
  43.0000        8.2900       1.00000  0.00     33.400    0
  -46.3110       2.5000       1.70154  41.20    34.000    1
  46.3110        12.2600      1.83481  42.70    39.500    1
  -46.3110       17.3000      1.00000  0.00     39.500    0
  stop           31.3200      1.00000  0.00     37.372    0
  181.1680       5.1700       1.49700  81.60    34.700    1
  -71.4000       0.1000       1.00000  0.00     34.700    0
  71.4000        6.6900       1.58913  61.20    34.900    1
  -71.4000       2.5900       1.84666  23.80    34.900    1
  -2264.9520     2.5000       1.00000  0.00     34.900    0
  104.4930       0.2000       1.52972  42.70    34.000    1
  78.3890        1.9000       1.72342  38.00    34.000    1
  41.3000        3.3100       1.00000  0.00     32.200    0
  200.3360       1.9000       1.60311  60.70    32.200    1
  50.9220        1.8300       1.00000  0.00     34.500    0
  47.8590        4.0000       1.80518  25.50    36.600    1
  98.7900        67.9600      1.00000  0.00     36.600    0
