# US 6,549,343 Example 1
#
# Patent: US006549343
# Converted from photonstophotos.net Optical Bench data
# 16 surfaces, 8 glass elements, f/1.8

name: US 6,549,343 Example 1
focal_length: 94.00

surfaces:
# radius       thickness    ior      abbe     semi_ap   coating
  69.8900        7.1700       1.83481  42.70    52.600    1
  359.6520       0.2000       1.00000  0.00     52.600    0
  36.8770        10.5200      1.49700  81.60    47.700    1
  146.6320       3.6900       1.00000  0.00     47.700    0
  252.8000       10.8400      1.74077  27.80    40.500    1
  23.6190        6.9100       1.00000  0.00     30.200    0
  stop           6.8100       1.00000  0.00     29.063    0
  -35.0970       2.2000       1.62588  35.70    29.130    1
  41.8750        7.3100       1.80400  46.60    32.540    1
  -60.6650       0.2000       1.00000  0.00     32.540    0
  191.9930       4.1200       1.80518  25.40    32.480    1
  -117.8260      1.5100       1.00000  0.00     32.480    0
  79.4800        2.4000       1.71736  29.50    32.900    1
  47.9810        6.7400       1.00000  0.00     32.900    0
  63.5840        4.4500       1.53172  48.90    36.500    1
  982.2520       39.9200      1.00000  0.00     36.500    0
