# Ricoh smc Pentax-A 135mm F1.8
#
# Patent: US004447137
# Converted from photonstophotos.net Optical Bench data
# 14 surfaces, 7 glass elements, f/1.8

name: Ricoh smc Pentax-A 135mm F1.8
focal_length: 135.00

surfaces:
# radius       thickness    ior      abbe     semi_ap   coating
  71.3980        12.9000      1.62041  60.30    75.980    1
  4020.8680      0.1000       1.00000  0.00     75.980    0
  52.3300        4.8200       1.72342  37.90    66.830    1
  31.3090        15.0000      1.69680  55.50    55.290    1
  94.1610        4.0500       1.00000  0.00     55.290    0
  461.0540       8.1700       1.67270  32.10    55.640    1
  30.2670        17.1900      1.00000  0.00     41.340    0
  stop           17.1900      1.00000  0.00     35.861    0
  -41.3620       4.3700       1.70154  41.20    33.880    1
  -40.0270       6.8700       1.00000  0.00     34.520    0
  71.9850        4.0500       1.72000  46.00    38.580    1
  143.7220       4.0000       1.00000  0.00     38.580    0
  248.6460       4.0000       1.70000  48.10    39.220    1
  1506.6380      40.7500      1.00000  0.00     39.220    0
