# US 8,422,143 Example 1
#
# Patent: US008422143
# Converted from photonstophotos.net Optical Bench data
# 22 surfaces, 13 glass elements, f/4.1

name: US 8,422,143 Example 1
focal_length: 25.69

surfaces:
# radius       thickness    ior      abbe     semi_ap   coating
  78.4230        3.0000       1.83481  42.70    74.000    1
  30.5890        11.0000      1.00000  0.00     54.800    0
  56.3950        7.0000       1.73077  40.50    51.200    1
  27.4800        16.1700      1.00000  0.00     43.300    0
  -112.0520      2.5000       1.61800  63.40    38.800    1
  44.2480        5.1600       1.00000  0.00     35.900    0
  60.5150        11.9200      1.74400  44.90    35.800    1
  -39.1260       2.5000       1.83481  42.70    36.300    1
  -109.7670      5.0000       1.00000  0.00     36.300    0
  0              3.0000       1.51680  64.20    30.300    1
  0              19.3700      1.00000  0.00     30.300    0
  55.7420        6.0000       1.64769  33.80    20.100    1
  -25.0520       1.2000       1.77250  49.60    20.100    1
  -173.9950      3.2000       1.00000  0.00     20.100    0
  stop           9.3800       1.00000  0.00     19.830    0
  29.8090        7.4000       1.49700  81.60    22.600    1
  -121.8240      1.2000       1.80610  33.30    22.600    1
  22.1450        9.0000       1.48749  70.40    22.600    1
  -35.1990       1.3000       1.00000  0.00     22.600    0
  -651.9020      1.2000       1.83481  42.70    27.000    1
  30.4130        7.4000       1.58913  61.20    27.000    1
  -100.7730      62.0100      1.00000  0.00     27.000    0
