# US 4,966,449 Example 1
#
# Patent: US004966449
# Converted from photonstophotos.net Optical Bench data
# 18 surfaces, 9 glass elements, f/4.5

name: US 4,966,449 Example 1
focal_length: 300.00

surfaces:
# radius       thickness    ior      abbe     semi_ap   coating
  86.3350        10.5000      1.49700  81.60    67.300    1
  -3296.0810     0.7000       1.00000  0.00     67.300    0
  63.5930        8.2000       1.49700  81.60    62.900    1
  149.0350       26.2000      1.00000  0.00     62.900    0
  -3532.7390     3.1000       1.83400  37.20    42.500    1
  44.2760        1.5000       1.00000  0.00     40.100    0
  36.5320        8.4000       1.49700  81.60    40.000    1
  2666.5700      27.1000      1.00000  0.00     40.000    0
  65.3250        5.7000       1.59270  35.30    24.000    1
  -29.7840       1.7000       1.80400  46.60    24.000    1
  263.1830       2.0000       1.00000  0.00     24.000    0
  stop           3.0000       1.00000  0.00     20.398    0
  -154.1290      2.3000       1.59270  35.30    21.000    1
  -67.0810       1.0000       1.00000  0.00     21.000    0
  -128.2780      1.8000       1.80400  46.60    20.800    1
  40.1360        27.9000      1.00000  0.00     20.800    0
  58.6780        3.9000       1.69895  30.10    36.200    1
  169.6670       60.0100      1.00000  0.00     36.200    0
