# US 9,001,440 Example 1
#
# Patent: US009001440
# Converted from photonstophotos.net Optical Bench data
# 20 surfaces, 10 glass elements, f/2.9

name: US 9,001,440 Example 1
focal_length: 59.98

surfaces:
# radius       thickness    ior      abbe     semi_ap   coating
  307.2980       1.3000       1.63930  44.90    27.300    1
  26.4390        2.7000       1.00000  0.00     25.400    0
  26.2560        5.7100       1.78800  47.50    25.200    1
  -122.5120      0.2000       1.00000  0.00     25.200    0
  27.6890        3.9000       1.80420  46.50    20.900    1
  61.8380        0.8900       1.00000  0.00     20.900    0
  3339.9780      1.2000       1.53172  48.80    19.300    1
  20.7670        5.7900       1.00000  0.00     17.700    0
  -27.9120       1.2000       1.60342  38.00    17.500    1
  25.1030        3.8300       1.49700  81.60    17.500    1
  -287.2700      0.2000       1.00000  0.00     17.500    0
  43.2790        3.3300       1.61881  63.80    17.700    1
  -33.3230       1.0000       1.00000  0.00     17.700    0
  stop           2.0000       1.00000  0.00     16.744    0
  -179.7300      1.2000       1.61881  63.80    21.000    1
  39.8880        11.2100      1.00000  0.00     21.000    0
  97.1810        5.0600       1.80420  46.50    29.900    1
  -46.0320       1.1000       1.00000  0.00     29.900    0
  -38.0960       1.2000       1.69895  30.00    29.900    1
  -77.0910       37.1100      1.00000  0.00     30.900    0
