# US 4,556,295 Example 1
#
# Patent: US004556295
# Converted from photonstophotos.net Optical Bench data
# 19 surfaces, 10 glass elements, f/4.1

name: US 4,556,295 Example 1
focal_length: 195.00

surfaces:
# radius       thickness    ior      abbe     semi_ap   coating
  44.1840        8.5780       1.61800  63.40    49.100    1
  639.9670       0.2000       1.00000  0.00     49.100    0
  39.0740        9.0390       1.43387  95.20    43.900    1
  -476.6930      1.3130       1.00000  0.00     41.800    0
  -256.3270      3.1900       1.83400  37.20    40.100    1
  35.4580        0.1500       1.00000  0.00     35.000    0
  23.1420        8.4100       1.43387  95.20    34.500    1
  131.8890       13.4740      1.00000  0.00     32.700    0
  -235.3630      1.7000       1.80400  46.60    20.700    1
  13.8380        5.8760       1.63980  34.50    20.000    1
  -39.0560       0.4380       1.00000  0.00     20.000    0
  stop           1.4380       1.00000  0.00     15.210    0
  -30.5380       1.3800       1.80400  35.30    16.200    1
  26.9960        4.5140       1.59270  46.60    17.200    1
  -21.9180       1.8830       1.00000  0.00     17.200    0
  -16.2020       1.3600       1.80400  46.60    17.300    1
  -96.0730       10.5580      1.00000  0.00     18.500    0
  52.3240        3.4330       1.48749  70.10    28.000    1
  -1000.0000     40.1100      1.00000  0.00     28.000    0
