# US 4,345,822 Example 2
#
# Patent: US004345822
# Converted from photonstophotos.net Optical Bench data
# 31 surfaces, 17 glass elements, f/6.7

name: US 4,345,822 Example 2
focal_length: 137.00

surfaces:
# radius       thickness    ior      abbe     semi_ap   coating
  380.5790       10.0000      1.51728  69.60    85.840    1
  -380.5790      0.1300       1.00000  0.00     85.840    0
  210.0000       9.7000       1.49700  81.30    81.060    1
  -370.0000      1.4700       1.00000  0.00     81.060    0
  -360.0000      5.2100       1.77250  49.60    82.080    1
  191.3550       7.2800       1.48749  70.10    77.660    1
  0              3.0700       1.00000  0.00     77.660    0
  384.8220       2.9000       1.49700  81.30    39.440    1
  108.6640       6.3700       1.00000  0.00     39.440    0
  -170.1240      2.8000       1.61800  63.40    39.440    1
  2037.3000      2.8700       1.00000  0.00     39.440    0
  -131.7190      2.8900       1.71736  29.50    39.440    1
  -57.7890       2.7900       1.61800  63.40    39.440    1
  -624.9750      159.8900     1.00000  0.00     39.440    0
  0              4.7000       1.61800  63.40    43.400    1
  -115.1700      0.1000       1.00000  0.00     43.400    0
  144.7800       7.0200       1.67000  57.30    43.400    1
  -85.0000       2.8000       1.74077  27.80    43.400    1
  -712.9690      0.1000       1.00000  0.00     43.400    0
  76.2820        4.7900       1.61800  63.40    40.520    1
  448.0000       2.6800       1.60342  38.00    40.520    1
  93.0000        2.9300       1.00000  0.00     40.520    0
  stop           0.6200       1.00000  0.00     34.309    0
  -241.0000      3.5100       1.77250  49.60    34.380    1
  82.4000        0.1000       1.00000  0.00     34.380    0
  58.4810        3.4800       1.68893  31.10    34.380    1
  149.3260       62.6400      1.00000  0.00     34.380    0
  41.8480        2.7100       1.59951  39.20    23.960    1
  83.9140        0.1000       1.00000  0.00     23.960    0
  54.3000        1.9100       1.80400  46.60    23.960    1
  32.5830        136.0000     1.00000  0.00     23.960    0
