# US 6,317,275 Example 1
#
# Patent: US006317275
# Converted from photonstophotos.net Optical Bench data
# 16 surfaces, 9 glass elements, f/2.8

name: US 6,317,275 Example 1
focal_length: 148.50

surfaces:
# radius       thickness    ior      abbe     semi_ap   coating
  112.5390       6.0900       1.60311  60.70    61.800    1
  1176.1860      0.2000       1.00000  0.00     61.800    0
  51.3020        6.4300       1.61800  63.40    53.900    1
  98.3250        0.2000       1.00000  0.00     50.200    0
  40.1850        8.1000       1.61800  63.40    46.400    1
  115.8100       3.4500       1.63980  34.50    46.400    1
  28.2710        9.0700       1.00000  0.00     36.700    0
  436.4210       3.1300       1.80518  25.40    35.400    1
  -296.1440      3.0000       1.65844  50.90    35.400    1
  62.2040        19.6400      1.00000  0.00     33.000    0
  stop           3.6000       1.00000  0.00     29.599    0
  -56.6790       3.0000       1.57501  41.50    30.200    1
  45.7580        7.4900       1.56883  56.30    30.200    1
  -62.3580       10.2000      1.00000  0.00     30.200    0
  104.7690       4.5800       1.72000  42.00    41.500    1
  -1878.8770     75.5100      1.00000  0.00     41.500    0
