# Phase One Schneider Kreuznach 120mm LS f4 Macro
#
# Patent: JP2003-185916
# Converted from photonstophotos.net Optical Bench data
# 18 surfaces, 9 glass elements, f/4.0

name: Phase One Schneider Kreuznach 120mm LS f4 Macro
focal_length: 118.86

surfaces:
# radius       thickness    ior      abbe     semi_ap   coating
  50.5710        4.1000       1.61800  63.40    31.080    1
  497.7700       0.2000       1.00000  0.00     31.080    0
  37.7440        3.8000       1.49700  81.60    30.180    1
  89.8850        3.0000       1.00000  0.00     30.180    0
  680.6600       3.8000       1.57501  41.50    28.360    1
  29.5900        5.7000       1.00000  0.00     24.020    0
  stop           5.7000       1.00000  0.00     23.433    0
  -28.8520       1.5000       1.54814  45.90    24.300    1
  244.3600       8.5000       1.61800  63.40    29.060    1
  -37.4620       0.7000       1.00000  0.00     29.060    0
  175.3500       4.5000       1.61800  63.40    29.540    1
  -89.1310       3.0000       1.00000  0.00     29.540    0
  -270.6300      4.0000       1.75520  27.50    32.520    1
  -64.4590       7.6800       1.00000  0.00     32.520    0
  -49.9950       1.8000       1.76200  40.10    31.840    1
  81.9580        5.6900       1.00000  0.00     34.300    0
  82.2680        4.5000       1.65100  56.20    41.540    1
  -1093.7000     66.1100      1.00000  0.00     41.540    0
