# Nikon "Pikaichi" L35AF 35mm f/2.8
#
# Patent: US004457596
# Converted from photonstophotos.net Optical Bench data
# 11 surfaces, 5 glass elements, f/2.8

name: Nikon "Pikaichi" L35AF 35mm f/2.8
focal_length: 35.00

surfaces:
# radius       thickness    ior      abbe     semi_ap   coating
  11.1910        2.0040       1.71300  54.00    14.540    1
  16.3570        0.2000       1.00000  0.00     13.340    0
  13.5290        1.8030       1.77279  49.40    12.970    1
  25.3330        0.8520       1.00000  0.00     11.570    0
  -92.5260       0.9020       1.68893  31.10    11.570    1
  9.8600         1.5030       1.00000  0.00     11.070    0
  29.2830        3.0060       1.77279  49.40    11.070    1
  -11.0550       0.8020       1.62041  60.40    11.100    1
  -67.3500       0.9000       1.00000  0.00     11.100    0
  stop           0.8980       1.00000  0.00     9.399     0
  0              24.9000      1.00000  0.00     9.399     0
