# Ricoh smc Pentax 24mm F2.8
#
# Patent: US003938883
# Converted from photonstophotos.net Optical Bench data
# 18 surfaces, 9 glass elements, f/2.8

name: Ricoh smc Pentax 24mm F2.8
focal_length: 24.00

surfaces:
# radius       thickness    ior      abbe     semi_ap   coating
  59.2320        4.6080       1.71300  54.00    38.700    1
  145.1280       0.0960       1.00000  0.00     35.640    0
  24.8400        1.4640       1.62041  60.30    27.200    1
  10.4640        5.5440       1.00000  0.00     19.270    0
  43.9200        0.9840       1.78590  44.20    19.130    1
  11.4000        3.7920       1.67270  32.10    16.880    1
  41.4720        0.4800       1.00000  0.00     15.580    0
  26.7360        1.2720       1.64250  58.40    14.690    1
  12.7200        4.4400       1.00000  0.00     12.890    0
  27.2400        10.3680      1.74320  49.40    15.200    1
  -21.8880       1.1280       1.00000  0.00     15.200    0
  stop           1.4400       1.00000  0.00     13.848    0
  -30.2880       3.8400       1.80518  25.40    15.450    1
  41.2560        1.3200       1.00000  0.00     15.450    0
  -135.1200      3.4320       1.52307  58.40    15.450    1
  -15.6720       0.0960       1.00000  0.00     17.200    0
  8323.2000      2.5920       1.69680  55.70    20.080    1
  -35.2560       39.9800      1.00000  0.00     20.080    0
