# Ricoh smc Pentax-FA 100-300mm F4.7-5.8
#
# Patent: US20010006433
# Converted from photonstophotos.net Optical Bench data
# 21 surfaces, 11 glass elements, f/4.8

name: Ricoh smc Pentax-FA 100-300mm F4.7-5.8
focal_length: 103.00

surfaces:
# radius       thickness    ior      abbe     semi_ap   coating
  146.8600       5.6720       1.48749  70.20    51.360    1
  -310.3010      0.1500       1.00000  0.00     51.360    0
  83.0060        1.9000       1.80518  25.40    50.320    1
  56.9480        0.1840       1.00000  0.00     48.620    0
  57.7740        6.3010       1.48749  70.20    48.620    1
  219.8520       14.6620      1.00000  0.00     48.620    0
  547.1130       1.4000       1.74400  44.80    25.920    1
  18.0430        5.2710       1.80518  25.40    25.920    1
  57.8290        2.6840       1.00000  0.00     24.230    0
  -53.2990       1.3000       1.80400  46.60    24.230    1
  141.7580       21.9560      1.00000  0.00     25.580    0
  stop           0.7500       1.00000  0.00     25.350    0
  75.6740        3.7770       1.65160  58.50    26.260    1
  -75.6740       0.1000       1.00000  0.00     26.260    0
  35.9350        5.3540       1.51633  64.10    26.260    1
  -55.7260       1.3000       1.84666  23.80    26.100    1
  541.8890       42.4540      1.00000  0.00     26.100    0
  65.6810        2.5640       1.80518  25.40    19.920    1
  -374.3790      3.3290       1.00000  0.00     19.920    0
  -31.0640       1.2000       1.80400  46.60    19.000    1
  -277.9270      49.7100      1.00000  0.00     20.540    0
