# Ricoh XR Rikenon 28mm F2.8
#
# Patent: JP1981-012612
# Converted from photonstophotos.net Optical Bench data
# 15 surfaces, 7 glass elements, f/2.8

name: Ricoh XR Rikenon 28mm F2.8
focal_length: 28.00

surfaces:
# radius       thickness    ior      abbe     semi_ap   coating
  35.6384        1.9800       1.58913  61.30    31.580    1
  16.6071        4.1750       1.00000  0.00     25.150    0
  30.3495        3.2650       1.72000  43.90    25.180    1
  144.3420       0.2380       1.00000  0.00     25.180    0
  54.2018        1.5930       1.58913  61.30    22.720    1
  12.1498        8.2600       1.00000  0.00     17.320    0
  29.7864        12.0370      1.74330  49.20    15.020    1
  -24.9900       0.8960       1.00000  0.00     15.020    0
  stop           2.3800       1.00000  0.00     13.646    0
  -21.9671       4.9060       1.76180  26.90    13.960    1
  48.6200        1.1540       1.00000  0.00     13.960    0
  -41.7505       2.5820       1.71300  53.90    13.960    1
  -16.8168       0.0980       1.00000  0.00     14.680    0
  581.4421       2.1760       1.64000  60.20    17.280    1
  -35.1126       37.5840      1.00000  0.00     17.280    0
