# Ricoh smc Pentax Reflex 400-600mm F8-12
#
# Patent: US004443068
# Converted from photonstophotos.net Optical Bench data
# 19 surfaces, 11 glass elements, f/6.8

name: Ricoh smc Pentax Reflex 400-600mm F8-12
focal_length: 410.00

surfaces:
# radius       thickness    ior      abbe     semi_ap   coating
  195.3470       6.0000       1.58913  61.00    61.980    1
  1878.3250      4.0000       1.67270  32.10    61.980    1
  902.5320       2.0700       1.00000  0.00     61.980    0
  -125.5290      5.0000       1.58913  61.00    54.110    1
  -165.6800      0.0000       1.00000  0.00     57.280    0
  72.6270        4.0000       1.58913  61.00    19.820    1
  -165.6800      2.0000       1.80518  25.40    19.820    1
  -2551.1940     9.1300       1.00000  0.00     19.820    0
  -264.7670      1.3500       1.80610  40.90    19.050    1
  47.1330        7.3100       1.00000  0.00     15.850    0
  75.9810        4.3000       1.59270  35.30    22.420    1
  -35.7570       1.0400       1.00000  0.00     22.420    0
  46.8610        1.5000       1.80610  40.90    22.490    1
  22.6150        3.8000       1.60342  38.00    22.490    1
  51.7270        4.3100       1.00000  0.00     22.490    0
  -24.5690       1.5000       1.83400  37.20    19.740    1
  80.8050        1.7200       1.00000  0.00     23.610    0
  56.0440        3.4000       1.80518  25.40    24.630    1
  -245.0540      50.0200      1.00000  0.00     24.630    0
