# Ricoh smc Pentax-DA 18-135mm F3.5-5.6ED AL[IF] DC WR
#
# Patent: US20120002298
# Converted from photonstophotos.net Optical Bench data
# 26 surfaces, 14 glass elements, f/3.6

name: Ricoh smc Pentax-DA 18-135mm F3.5-5.6ED AL[IF] DC WR
focal_length: 18.60

surfaces:
# radius       thickness    ior      abbe     semi_ap   coating
  139.5830       1.8000       1.84666  23.80    49.840    1
  61.4430        7.7090       1.51680  64.20    49.840    1
  -439.8110      0.1500       1.00000  0.00     49.840    0
  50.3910        5.0080       1.77250  49.60    44.160    1
  149.6030       2.5000       1.00000  0.00     44.160    0
  5919.3460      0.2000       1.52972  42.70    22.860    1
  187.0940       1.2500       1.83481  42.70    22.860    1
  12.5400        5.2700       1.00000  0.00     16.960    0
  -39.2880       1.2200       1.83481  42.70    16.640    1
  49.0130        0.5000       1.00000  0.00     16.640    0
  29.2580        3.6800       1.84666  23.80    15.440    1
  -29.2580       0.6850       1.00000  0.00     15.440    0
  -19.6200       1.2500       1.77250  49.60    15.120    1
  -111.6130      19.3920      1.00000  0.00     15.120    0
  stop           0.7000       1.00000  0.00     13.381    0
  57.7870        2.2820       1.48749  70.40    14.340    1
  -57.7870       0.5000       1.00000  0.00     14.340    0
  22.6040        3.4370       1.48749  70.40    14.900    1
  -186.8020      0.6570       1.00000  0.00     14.900    0
  -40.2150       1.3000       1.70154  41.20    14.900    1
  267.5800       7.3970       1.00000  0.00     14.900    0
  20.4840        5.3170       1.49700  81.60    16.200    1
  -43.7440       1.9160       1.00000  0.00     16.200    0
  -168.7510      1.5000       1.80440  39.60    15.840    1
  14.9050        4.5140       1.58913  61.20    15.840    1
  -144.9200      36.8200      1.00000  0.00     15.840    0
