# Ricoh SMC Pentax 645 FA 120mm f4.0 Macro
#
# Patent: US006154324
# Converted from photonstophotos.net Optical Bench data
# 17 surfaces, 9 glass elements, f/3.8

name: Ricoh SMC Pentax 645 FA 120mm f4.0 Macro
focal_length: 123.09

surfaces:
# radius       thickness    ior      abbe     semi_ap   coating
  64.3500        5.2800       1.78590  44.20    49.840    1
  163.5460       4.4400       1.00000  0.00     49.840    0
  30.9380        5.9300       1.61800  63.40    40.470    1
  59.5000        2.1000       1.54072  47.20    40.470    1
  19.9200        15.7200      1.00000  0.00     28.590    0
  -6450.0000     3.6400       1.48749  70.20    28.510    1
  -44.5900       3.3200       1.00000  0.00     28.510    0
  -24.1400       3.9200       1.64769  33.80    25.540    1
  -2559.8100     8.3000       1.73400  51.50    32.850    1
  -28.3600       1.5000       1.00000  0.00     32.850    0
  stop           2.5000       1.00000  0.00     24.167    0
  242.1980       2.1000       1.77250  49.60    28.700    1
  57.5000        2.3500       1.00000  0.00     28.700    0
  315.4120       2.3000       1.67790  55.30    30.770    1
  98.8490        16.0300      1.00000  0.00     30.770    0
  94.7540        5.0000       1.78590  44.20    43.070    1
  -540.0000      76.0000      1.00000  0.00     43.070    0
