# Ricoh Pentax Super-Takumar 28mm f3.5
#
# Patent: US003506339
# Converted from photonstophotos.net Optical Bench data
# 15 surfaces, 7 glass elements, f/3.5

name: Ricoh Pentax Super-Takumar 28mm f3.5
focal_length: 28.00

surfaces:
# radius       thickness    ior      abbe     semi_ap   coating
  140.0000       5.3340       1.67003  47.20    38.010    1
  1931.9240      0.1480       1.00000  0.00     38.010    0
  22.9600        1.1760       1.62041  60.30    26.620    1
  11.9670        9.4360       1.00000  0.00     20.380    0
  -50.4000       15.9600      1.65160  58.50    18.210    1
  -55.4160       0.1400       1.00000  0.00     12.310    0
  22.4000        3.9200       1.72000  42.00    12.760    1
  -203.0880      2.7290       1.00000  0.00     12.680    0
  stop           1.3310       1.00000  0.00     10.722    0
  -20.7200       0.5600       1.69890  30.00    10.730    1
  31.5280        1.6800       1.00000  0.00     10.730    0
  -75.6000       1.9600       1.62041  60.30    11.280    1
  -15.2070       0.0840       1.00000  0.00     11.280    0
  -280.0000      1.6800       1.62041  60.30    11.280    1
  -29.9820       37.9500      1.00000  0.00     11.280    0
