# Ricoh smc Pentax-FA 80-200mm F2.8 ED [IF]
#
# Patent: US005572276
# Converted from photonstophotos.net Optical Bench data
# 30 surfaces, 16 glass elements, f/2.8

name: Ricoh smc Pentax-FA 80-200mm F2.8 ED [IF]
focal_length: 81.62

surfaces:
# radius       thickness    ior      abbe     semi_ap   coating
  108.6640       5.1100       1.69680  55.50    73.740    1
  186.9770       0.2000       1.00000  0.00     73.740    0
  142.5000       3.0000       1.80518  25.40    73.600    1
  79.7170        15.0300      1.00000  0.00     73.600    0
  90.4580        10.2700      1.49700  81.60    69.920    1
  -800.0000      0.2000       1.00000  0.00     69.920    0
  93.5000        8.3800       1.49700  81.60    68.420    1
  1751.9740      2.8200       1.00000  0.00     68.420    0
  1123.6800      1.8000       1.60311  60.70    42.620    1
  43.3000        6.7800       1.00000  0.00     38.528    0
  -83.2900       1.8000       1.69680  55.50    38.528    1
  45.5700        7.6200       1.80518  25.40    39.880    1
  -238.5730      2.0600       1.00000  0.00     39.880    0
  -73.5620       1.8000       1.80610  40.90    40.980    1
  0              33.1000      1.00000  0.00     40.980    0
  1500.0000      4.5800       1.69680  55.50    43.060    1
  -79.1990       0.1000       1.00000  0.00     43.060    0
  74.2150        7.8500       1.48749  70.20    43.060    1
  -74.2150       2.0000       1.76182  26.50    43.060    1
  -512.0000      8.8400       1.00000  0.00     43.060    0
  45.4700        5.1000       1.49700  81.60    40.140    1
  156.0000       0.1000       1.00000  0.00     40.140    0
  34.6190        5.6500       1.48749  70.20    37.310    1
  70.0000        3.0000       1.64250  58.40    37.310    1
  44.7000        7.5000       1.00000  0.00     37.310    0
  stop           3.8800       1.00000  0.00     29.389    0
  53.5540        2.0000       1.83481  42.70    26.400    1
  23.8600        28.9000      1.00000  0.00     26.400    0
  48.0000        5.4000       1.48749  70.20    36.380    1
  737.9980       48.6200      1.00000  0.00     36.380    0
