# Ricoh XR Rikenon 50mm F2.0
#
# Patent: JP1978-131034
# Converted from photonstophotos.net Optical Bench data
# 12 surfaces, 6 glass elements, f/2.0

name: Ricoh XR Rikenon 50mm F2.0
focal_length: 50.00

surfaces:
# radius       thickness    ior      abbe     semi_ap   coating
  30.5000        3.7000       1.63854  55.40    25.270    1
  140.3113       0.2000       1.00000  0.00     24.590    0
  21.5000        3.6500       1.65844  50.90    23.160    1
  40.2818        2.2000       1.00000  0.00     22.320    0
  55.0000        1.8000       1.64769  33.80    20.580    1
  13.7303        4.3200       1.00000  0.00     17.570    0
  stop           7.1800       1.00000  0.00     17.402    0
  -13.3500       1.1000       1.63980  34.60    17.040    1
  80.0000        5.6000       1.69350  53.30    20.500    1
  -18.1288       0.1500       1.00000  0.00     20.500    0
  275.0000       2.9000       1.72000  43.70    22.610    1
  -39.7000       37.8900      1.00000  0.00     22.610    0
