# Ricoh SMCT Pentax 6x7 300mm f4
#
# Patent: US003467462
# Converted from photonstophotos.net Optical Bench data
# 11 surfaces, 5 glass elements, f/4.0

name: Ricoh SMCT Pentax 6x7 300mm f4
focal_length: 300.00

surfaces:
# radius       thickness    ior      abbe     semi_ap   coating
  107.7000       15.0000      1.51630  64.00    75.000    1
  -2389.2900     9.0000       1.00000  0.00     75.000    0
  -351.0000      4.5000       1.71740  29.50    70.860    1
  260.3100       0.6000       1.00000  0.00     70.860    0
  79.8000        12.0000      1.51630  64.00    68.590    1
  138.9600       60.0000      1.00000  0.00     68.590    0
  156.0000       12.0000      1.60340  38.00    50.940    1
  -2255.2200     3.0000       1.00000  0.00     50.940    0
  stop           30.0000      1.00000  0.00     44.785    0
  -54.0000       3.0000       1.51110  60.50    34.500    1
  -174.6300      120.5300     1.00000  0.00     34.500    0
