# Ricoh smc Pentax 6x7 800mm f6.7
#
# Patent: JP1984-088715
# Converted from photonstophotos.net Optical Bench data
# 18 surfaces, 9 glass elements, f/6.7

name: Ricoh smc Pentax 6x7 800mm f6.7
focal_length: 800.00

surfaces:
# radius       thickness    ior      abbe     semi_ap   coating
  496.3360       7.7840       1.51633  64.10    121.180   1
  201.7760       3.9280       1.00000  0.00     121.180   0
  206.8880       21.3840      1.49700  81.60    120.200   1
  -250.6800      4.9280       1.00000  0.00     120.200   0
  -246.0080      7.8080       1.74320  49.30    120.090   1
  2100.4080      1.0000       1.00000  0.00     120.090   0
  282.2480       12.8320      1.49700  81.60    119.980   1
  -1123.5360     231.4880     1.00000  0.00     119.980   0
  -253.8800      7.0000       1.68893  31.10    93.720    1
  -537.4640      0.8000       1.00000  0.00     93.720    0
  859.3120       8.0000       1.54072  47.20    92.390    1
  -370.0720      5.9440       1.00000  0.00     92.390    0
  575.6160       6.0000       1.69100  54.80    68.920    1
  83.3440        13.0000      1.58144  40.70    68.920    1
  -586.2400      25.6000      1.00000  0.00     68.920    0
  stop           75.4000      1.00000  0.00     54.706    0
  -650.1280      3.9600       1.72000  42.00    41.170    1
  186.7600       206.9800     1.00000  0.00     41.170    0
