# Ricoh smc Pentax-M 28mm F2.8
#
# Patent: US004143945
# Converted from photonstophotos.net Optical Bench data
# 15 surfaces, 7 glass elements, f/2.8

name: Ricoh smc Pentax-M 28mm F2.8
focal_length: 28.15

surfaces:
# radius       thickness    ior      abbe     semi_ap   coating
  29.6300        1.2800       1.49782  66.80    24.720    1
  24.7600        1.5400       1.00000  0.00     22.980    0
  34.9100        2.6600       1.67790  50.70    22.160    1
  178.9400       0.1000       1.00000  0.00     20.600    0
  54.1700        1.4700       1.62041  60.30    19.380    1
  9.4800         9.3300       1.00000  0.00     14.900    0
  25.7300        6.8700       1.80440  39.60    14.680    1
  -44.0200       1.8200       1.00000  0.00     14.680    0
  stop           1.8200       1.00000  0.00     13.425    0
  -47.5500       1.1900       1.84666  23.90    14.280    1
  29.6200        1.3700       1.00000  0.00     14.280    0
  -74.6700       2.8900       1.61800  63.40    15.040    1
  -15.5800       0.2500       1.00000  0.00     15.840    0
  -85.9300       2.3900       1.61800  63.40    18.160    1
  -24.4500       36.4000      1.00000  0.00     18.920    0
