# Ricoh smc Pentax 6x7 300mm f4 ED [IF]
#
# Patent: JP1986-051117
# Converted from photonstophotos.net Optical Bench data
# 19 surfaces, 9 glass elements, f/4.0

name: Ricoh smc Pentax 6x7 300mm f4 ED [IF]
focal_length: 300.15

surfaces:
# radius       thickness    ior      abbe     semi_ap   coating
  141.7800       9.6900       1.48749  70.10    76.260    1
  -1193.4000     1.0200       1.00000  0.00     76.260    0
  77.1090        12.8700      1.49700  81.60    76.390    1
  1621.8000      1.8300       1.00000  0.00     76.390    0
  4074.0000      5.9100       1.74320  49.30    68.150    1
  57.3000        2.0400       1.00000  0.00     65.040    0
  60.6300        12.3300      1.49700  81.60    61.430    1
  1459.4400      12.2400      1.00000  0.00     61.430    0
  -216.2700      4.5900       1.51633  64.10    56.610    1
  99.7800        7.8000       1.00000  0.00     56.610    0
  -626.3400      5.3100       1.71736  29.50    54.020    1
  -181.9200      32.1600      1.00000  0.00     54.020    0
  stop           7.6200       1.00000  0.00     48.526    0
  1302.9900      5.8200       1.77250  49.70    47.560    1
  -93.7200       12.2400      1.00000  0.00     47.560    0
  -90.5700       3.3000       1.56732  42.80    45.550    1
  76.2990        12.2400      1.00000  0.00     45.550    0
  95.3700        5.6100       1.74320  49.30    52.480    1
  274.5000       141.2100     1.00000  0.00     52.480    0
