# Ricoh smc Pentax-A 35mm F2.8
#
# Patent: US003963325
# Converted from photonstophotos.net Optical Bench data
# 13 surfaces, 6 glass elements, f/2.8

name: Ricoh smc Pentax-A 35mm F2.8
focal_length: 35.00

surfaces:
# radius       thickness    ior      abbe     semi_ap   coating
  79.7230        2.4990       1.51633  64.10    30.140    1
  15.5610        10.1220      1.00000  0.00     23.550    0
  44.8770        4.1410       1.80610  40.80    19.310    1
  5090.5890      3.2900       1.00000  0.00     19.310    0
  32.3860        6.4720       1.75700  47.90    18.280    1
  -48.2830       0.9200       1.00000  0.00     16.850    0
  stop           2.1390       1.00000  0.00     14.731    0
  -28.6090       2.8810       1.80518  25.40    14.950    1
  30.9400        2.0790       1.00000  0.00     19.810    0
  -34.1080       3.1820       1.75700  47.90    14.630    1
  -16.9020       0.2000       1.00000  0.00     15.950    0
  352.9050       3.9800       1.74320  49.40    19.300    1
  -70.0070       37.4700      1.00000  0.00     19.300    0
