# Ricoh smc Pentax-DA 300mm F4 ED[IF] SDM
#
# Patent: US007715116
# Converted from photonstophotos.net Optical Bench data
# 15 surfaces, 8 glass elements, f/4.1

name: Ricoh smc Pentax-DA 300mm F4 ED[IF] SDM
focal_length: 291.00

surfaces:
# radius       thickness    ior      abbe     semi_ap   coating
  145.3830       8.0000       1.48749  70.20    72.120    1
  2212.4920      0.5000       1.00000  0.00     72.120    0
  84.9800        12.5200      1.43875  95.00    68.880    1
  -334.3810      2.2300       1.00000  0.00     68.880    0
  -375.8820      5.0000       1.80000  44.10    66.320    1
  342.6630       54.8500      1.00000  0.00     66.320    0
  44.7730        2.3000       1.79952  41.30    39.900    1
  28.7430        9.3200       1.49700  81.60    39.900    1
  577.1550       3.5000       1.00000  0.00     39.900    0
  stop           3.5000       1.00000  0.00     33.118    0
  240.8200       6.3000       1.80518  25.40    30.760    1
  -70.5040       2.8000       1.74260  44.40    30.760    1
  32.9340        56.9600      1.00000  0.00     25.440    0
  -44.1490       3.5000       1.69883  29.60    34.400    1
  -38.3070       56.9300      1.00000  0.00     34.400    0
