# Ricoh smc Pentax-DA 200mm F2.8 ED[IF] SDM
#
# Patent: US005325234
# Converted from photonstophotos.net Optical Bench data
# 18 surfaces, 9 glass elements, f/2.8

name: Ricoh smc Pentax-DA 200mm F2.8 ED[IF] SDM
focal_length: 194.99

surfaces:
# radius       thickness    ior      abbe     semi_ap   coating
  118.9080       7.9500       1.48749  70.20    71.800    1
  -2636.8650     0.2000       1.00000  0.00     71.800    0
  51.1230        11.5200      1.49700  81.60    67.420    1
  164.7760       0.9300       1.00000  0.00     67.420    0
  43.3500        9.0600       1.49700  81.60    57.600    1
  91.3530        1.3200       1.00000  0.00     52.889    0
  136.2300       2.5000       1.60342  38.00    53.780    1
  30.8140        22.8500      1.00000  0.00     45.580    0
  85.1310        3.8200       1.48749  70.20    36.980    1
  221.1110       3.6800       1.00000  0.00     36.980    0
  stop           1.0000       1.00000  0.00     33.207    0
  1222.4990      5.0800       1.74950  35.30    33.420    1
  -41.4150       2.0000       1.70000  48.10    33.420    1
  41.4150        25.0000      1.00000  0.00     30.840    0
  -45.6970       2.0000       1.80518  25.40    26.860    1
  -60.0760       5.6700       1.00000  0.00     26.860    0
  92.6180        4.4300       1.54072  47.20    32.060    1
  -92.6180       67.5000      1.00000  0.00     32.060    0
