# Ricoh smc Pentax-A 35-70mm F4
#
# Patent: US004812022
# Converted from photonstophotos.net Optical Bench data
# 15 surfaces, 7 glass elements, f/4.1

name: Ricoh smc Pentax-A 35-70mm F4
focal_length: 36.00

surfaces:
# radius       thickness    ior      abbe     semi_ap   coating
  93.7200        1.9800       1.83400  37.20    43.640    1
  28.7000        4.2400       1.00000  0.00     38.320    0
  69.1200        1.8800       1.80610  40.90    37.900    1
  33.1500        2.9500       1.00000  0.00     35.720    0
  31.8850        5.3700       1.80518  25.40    35.860    1
  89.0720        40.4110      1.00000  0.00     35.320    0
  stop           0.7000       1.00000  0.00     15.724    0
  39.6000        3.5000       1.74400  44.70    22.880    1
  -132.3210      0.1000       1.00000  0.00     22.880    0
  21.2000        4.0400       1.65844  50.90    21.580    1
  193.4850       0.6400       1.00000  0.00     20.700    0
  -206.8490      6.0400       1.80518  25.40    20.700    1
  16.5700        6.7000       1.00000  0.00     16.940    0
  -92.4590       2.2300       1.58144  40.80    16.600    1
  -28.4750       42.3900      1.00000  0.00     16.600    0
