# Ricoh smc Pentax-DA Fish-eye 10-17mm F3.5-4.5ED[IF]
#
# Patent: US007317581
# Converted from photonstophotos.net Optical Bench data
# 19 surfaces, 10 glass elements, f/3.6

name: Ricoh smc Pentax-DA Fish-eye 10-17mm F3.5-4.5ED[IF]
focal_length: 10.36

surfaces:
# radius       thickness    ior      abbe     semi_ap   coating
  80.3880        1.9000       1.69680  55.50    55.220    1
  21.0000        10.8800      1.00000  0.00     36.480    0
  64.0000        1.5000       1.77250  49.60    32.060    1
  15.1170        7.4000       1.00000  0.00     24.280    0
  -141.5000      1.5000       1.88300  40.80    24.020    1
  24.3300        0.7000       1.00000  0.00     22.200    0
  21.4000        9.7000       1.71736  29.50    22.100    1
  -15.8980       1.5000       1.88300  40.80    22.100    1
  -76.5300       13.6000      1.00000  0.00     23.060    0
  44.4350        7.0000       1.66998  39.30    14.000    1
  -430.1600      1.5000       1.00000  0.00     14.000    0
  stop           1.5000       1.00000  0.00     11.152    0
  33.6000        7.4400       1.49700  81.60    13.880    1
  -11.7800       2.8100       1.88300  40.80    13.880    1
  -28.0900       1.0000       1.00000  0.00     13.880    0
  -185.5120      2.9800       1.76182  26.50    14.980    1
  33.6600        0.4500       1.00000  0.00     14.980    0
  85.0000        2.9700       1.69680  55.50    14.980    1
  -20.3820       39.6300      1.00000  0.00     14.980    0
