# Ricoh smc Pentax-M 200mm F4.0
#
# Patent: US004139264
# Converted from photonstophotos.net Optical Bench data
# 12 surfaces, 6 glass elements, f/4.0

name: Ricoh smc Pentax-M 200mm F4.0
focal_length: 200.00

surfaces:
# radius       thickness    ior      abbe     semi_ap   coating
  59.8200        7.0600       1.51633  64.10    51.440    1
  431.7200       8.4000       1.00000  0.00     51.440    0
  -392.5200      2.0600       1.76182  26.60    49.000    1
  181.0000       0.1000       1.00000  0.00     49.000    0
  56.7200        6.5400       1.51633  64.10    47.810    1
  152.9800       33.2200      1.00000  0.00     47.810    0
  stop           0.0000       1.00000  0.00     31.289    0
  53.3800        3.5000       1.51633  64.10    33.920    1
  73.7400        28.6800      1.00000  0.00     31.720    0
  -28.3600       2.8800       1.76200  40.20    23.550    1
  309.4200       4.1200       1.76182  26.60    26.020    1
  -54.1400       62.6500      1.00000  0.00     26.020    0
