# Ricoh 28mm F2.8 (GR-1)
#
# Patent: US005760973
# Converted from photonstophotos.net Optical Bench data
# 12 surfaces, 7 glass elements, f/2.9

name: Ricoh 28mm F2.8 (GR-1)
focal_length: 28.10

surfaces:
# radius       thickness    ior      abbe     semi_ap   coating
  -24.4270       1.0000       1.64769  33.80    11.060    1
  48.9350        0.0800       1.00000  0.00     12.380    0
  12.0310        3.4300       1.75700  47.70    10.630    1
  -14.8400       0.9000       1.68893  31.20    10.630    1
  -36.5020       0.8000       1.00000  0.00     12.360    0
  stop           2.4100       1.00000  0.00     9.339     0
  -10.1440       0.8000       1.48749  70.40    8.780     1
  34.7330        4.3700       1.83500  43.00    11.700    1
  -8.5140        0.8000       1.74077  27.80    11.700    1
  -19.1560       2.4500       1.00000  0.00     13.140    0
  -9.2700        1.2000       1.60342  38.00    13.320    1
  -16.3940       17.2200      1.00000  0.00     16.440    0
