# Ricoh Pentax Super-Takumar 35mm f2
#
# Patent: US003506336
# Converted from photonstophotos.net Optical Bench data
# 16 surfaces, 8 glass elements, f/2.0

name: Ricoh Pentax Super-Takumar 35mm f2
focal_length: 35.00

surfaces:
# radius       thickness    ior      abbe     semi_ap   coating
  157.5000       2.5000       1.58913  61.20    34.560    1
  28.0480        16.5000      1.00000  0.00     29.760    0
  -805.0000      3.5000       1.76200  40.30    23.640    1
  -102.2820      0.7000       1.00000  0.00     23.640    0
  33.4950        6.3000       1.77252  49.60    24.180    1
  -247.6140      0.4000       1.00000  0.00     24.180    0
  28.0000        2.8000       1.53172  48.90    23.420    1
  29.5710        4.0000       1.00000  0.00     23.420    0
  stop           2.3000       1.00000  0.00     18.638    0
  -32.0250       2.3000       1.74077  27.70    18.720    1
  34.3090        2.8000       1.00000  0.00     18.720    0
  350.0000       1.4000       1.83400  37.20    18.600    1
  24.8500        6.7000       1.77252  49.60    20.140    1
  -31.2740       0.2000       1.00000  0.00     20.140    0
  -210.0000      3.5000       1.77252  49.60    21.120    1
  -38.7270       36.3200      1.00000  0.00     23.200    0
