# Ricoh smc Pentax-F 300mm F4.5 ED [IF]
#
# Patent: US004812026
# Converted from photonstophotos.net Optical Bench data
# 17 surfaces, 9 glass elements, f/4.5

name: Ricoh smc Pentax-F 300mm F4.5 ED [IF]
focal_length: 300.00

surfaces:
# radius       thickness    ior      abbe     semi_ap   coating
  55.6170        15.0300      1.49700  81.60    68.170    1
  1999.1430      1.0200       1.00000  0.00     68.170    0
  68.9040        8.1900       1.49700  81.60    59.710    1
  129.8670       13.2000      1.00000  0.00     56.400    0
  -270.1860      3.0600       1.79952  42.20    49.010    1
  39.8700        0.6600       1.00000  0.00     44.810    0
  35.5740        11.0700      1.49700  81.60    45.290    1
  -779.1450      17.8500      1.00000  0.00     45.290    0
  52.0530        10.3200      1.58144  40.70    31.590    1
  -30.2910       2.8800       1.77250  49.60    31.590    1
  157.5930       1.7000       1.00000  0.00     26.240    0
  stop           3.5800       1.00000  0.00     25.230    0
  -17677.5750    4.5900       1.83400  37.20    25.520    1
  -37.8240       1.9800       1.77250  49.60    25.520    1
  42.6630        43.1100      1.00000  0.00     25.520    0
  62.9580        4.6800       1.56138  45.20    36.610    1
  122.0790       61.0200      1.00000  0.00     36.610    0
