# Ricoh HD Pentax-DA 11-18mm F2.8ED DC AW
#
# Patent: US20180164556
# Converted from photonstophotos.net Optical Bench data
# 29 surfaces, 17 glass elements, f/2.8

name: Ricoh HD Pentax-DA 11-18mm F2.8ED DC AW
focal_length: 11.29

surfaces:
# radius       thickness    ior      abbe     semi_ap   coating
  47.2070        1.9100       1.65000  60.20    46.240    1
  25.2980        0.1800       1.00000  0.00     37.500    0
  24.4060        3.0000       1.52538  56.30    36.880    1
  12.8140        6.7760       1.00000  0.00     30.440    0
  24.3250        1.7000       1.81600  46.60    27.840    1
  14.9510        8.3950       1.00000  0.00     22.540    0
  -34.4150       1.3810       1.80999  46.50    22.120    1
  19.1170        4.7710       1.56247  42.20    22.120    1
  196.0400       0.5000       1.00000  0.00     22.120    0
  31.6750        9.1740       1.54000  48.50    21.340    1
  -16.3480       1.4490       1.80400  46.60    21.340    1
  -34.5210       14.8850      1.00000  0.00     21.340    0
  36.3120        1.4040       1.85000  25.10    19.220    1
  18.7820        4.7810       1.61702  36.30    19.220    1
  -71.8490       4.8000       1.00000  0.00     19.220    0
  76.4850        2.5800       1.60342  38.00    19.660    1
  -122.3750      3.7920       1.00000  0.00     19.660    0
  stop           2.8730       1.00000  0.00     13.781    0
  -35.5650       1.2200       1.80400  46.60    18.260    1
  19.9770        3.3590       1.84666  23.80    18.260    1
  91.2420        6.0370       1.00000  0.00     18.260    0
  25.9410        6.2070       1.49700  81.60    20.180    1
  -27.2440       0.2500       1.00000  0.00     20.180    0
  -95.5690       0.2000       1.52972  42.70    23.320    1
  -91.4640       1.2000       1.91650  31.60    23.320    1
  19.8270        6.6520       1.49700  81.60    23.320    1
  -78.4440       0.1500       1.00000  0.00     23.320    0
  73.6310        6.9750       1.49700  81.60    25.940    1
  -27.1860       36.7200      1.00000  0.00     25.940    0
