# Ricoh smc Pentax-A 70-210mm F4.0
#
# Patent: US004468098
# Converted from photonstophotos.net Optical Bench data
# 24 surfaces, 13 glass elements, f/4.1

name: Ricoh smc Pentax-A 70-210mm F4.0
focal_length: 72.10

surfaces:
# radius       thickness    ior      abbe     semi_ap   coating
  122.0000       4.5000       1.48749  70.10    55.530    1
  946.0000       0.1500       1.00000  0.00     55.530    0
  63.3850        2.7000       1.80518  25.40    53.590    1
  44.0140        9.3000       1.48749  70.10    50.300    1
  -1800.0000     1.8300       1.00000  0.00     50.300    0
  455.0000       1.6000       1.77250  49.70    29.450    1
  37.6300        4.8000       1.00000  0.00     26.830    0
  -40.1960       1.5000       1.72916  54.70    26.830    1
  40.1960        4.5000       1.80518  25.40    29.450    1
  -173.5340      32.9700      1.00000  0.00     29.450    0
  139.0000       5.8000       1.56873  63.20    31.640    1
  -34.9640       1.7000       1.80518  25.40    31.640    1
  -62.1300       14.8300      1.00000  0.00     31.640    0
  stop           1.3700       1.00000  0.00     29.026    0
  32.5400        4.7000       1.56873  63.20    32.620    1
  413.3020       2.0000       1.00000  0.00     32.620    0
  -175.7410      2.3000       1.80518  25.40    31.730    1
  1889.3650      36.8200      1.00000  0.00     31.730    0
  45.2250        3.4000       1.75520  27.50    27.650    1
  135.0000       4.7000       1.00000  0.00     27.650    0
  -24.4700       1.7000       1.83400  37.20    25.810    1
  73.4000        0.2500       1.00000  0.00     30.430    0
  53.5500        5.8000       1.58921  41.10    30.830    1
  -45.2250       42.8100      1.00000  0.00     30.830    0
