# Ricoh smc Pentax 17mm F4 Fish-Eye
#
# Patent: US003515462
# Converted from photonstophotos.net Optical Bench data
# 19 surfaces, 10 glass elements, f/4.0

name: Ricoh smc Pentax 17mm F4 Fish-Eye
focal_length: 16.80

surfaces:
# radius       thickness    ior      abbe     semi_ap   coating
  84.3180        1.3400       1.62041  60.30    33.960    1
  14.4000        4.1200       1.00000  0.00     22.850    0
  34.8710        1.3400       1.62041  60.30    21.540    1
  14.3720        4.8700       1.00000  0.00     18.120    0
  -23.7070       1.3400       1.62041  60.30    17.420    1
  19.9940        5.7100       1.71736  29.50    17.420    1
  -37.7000       0.0300       1.00000  0.00     17.420    0
  12.0740        1.1800       1.70154  41.10    11.820    1
  7.3000         3.3600       1.51633  64.10    10.510    1
  -230.0000      0.5000       1.00000  0.00     10.510    0
  0              0.7100       1.00000  0.00     8.850     0
  0              1.1400       1.00000  0.00     8.850     0
  stop           1.1400       1.00000  0.00     7.783     0
  -16.8300       3.3600       1.56883  56.00    8.240     1
  -7.0560        1.3400       1.76200  40.30    8.240     1
  27.5000        3.3600       1.51633  64.10    11.210    1
  -10.6780       0.0300       1.00000  0.00     11.210    0
  52.3870        3.3600       1.58913  61.20    15.410    1
  -27.4330       38.2000      1.00000  0.00     15.410    0
