# Ricoh smc Pentax-FA 28mm F2.8 AL
#
# Patent: US005233474
# Converted from photonstophotos.net Optical Bench data
# 11 surfaces, 5 glass elements, f/2.8

name: Ricoh smc Pentax-FA 28mm F2.8 AL
focal_length: 28.00

surfaces:
# radius       thickness    ior      abbe     semi_ap   coating
  378.2800       2.9200       1.58913  61.20    37.140    1
  -422.7800      0.1000       1.00000  0.00     37.140    0
  63.1100        2.3400       1.62041  60.30    30.980    1
  13.9300        19.4700      1.00000  0.00     23.140    0
  23.6000        10.7000      1.77250  49.60    17.180    1
  -47.5900       1.0000       1.00000  0.00     17.180    0
  stop           4.0600       1.00000  0.00     14.690    0
  -23.6900       1.9500       1.78470  26.20    13.420    1
  34.9700        0.6400       1.00000  0.00     13.420    0
  192.2300       3.1200       1.77250  49.60    14.550    1
  -18.0500       35.6160      1.00000  0.00     14.550    0
