# Ricoh smc Pentax-FA 28-70mm F4 AL
#
# Patent: US005786942
# Converted from photonstophotos.net Optical Bench data
# 18 surfaces, 10 glass elements, f/4.0

name: Ricoh smc Pentax-FA 28-70mm F4 AL
focal_length: 29.00

surfaces:
# radius       thickness    ior      abbe     semi_ap   coating
  -900.0000      1.7000       1.60311  60.70    44.260    1
  20.6980        0.5000       1.52540  0.00     34.980    1
  17.5670        5.4000       1.00000  0.00     34.460    0
  28.9800        3.6800       1.84666  23.80    34.700    1
  41.2000        32.7000      1.00000  0.00     33.340    0
  105.5200       2.9200       1.72916  54.70    21.740    1
  -58.5750       0.1000       1.00000  0.00     21.740    0
  19.7830        5.0800       1.48749  70.20    21.740    1
  -128.5470      1.3000       1.81786  23.70    21.740    1
  64.0000        1.9200       1.00000  0.00     21.740    0
  stop           1.1300       1.00000  0.00     12.293    0
  -263.6180      1.5800       1.80518  25.40    15.990    1
  -64.5160       1.3000       1.69680  55.50    15.990    1
  52.3870        15.3900      1.00000  0.00     15.990    0
  -993.4850      3.7800       1.72916  54.70    19.420    1
  -25.6740       1.4300       1.00000  0.00     19.420    0
  -16.2020       1.3000       1.80518  25.40    19.420    1
  -21.8800       36.7100      1.00000  0.00     20.920    0
