# Ricoh smc Pentax-M 75-150mm F4
#
# Patent: US004331389
# Converted from photonstophotos.net Optical Bench data
# 22 surfaces, 12 glass elements, f/4.0

name: Ricoh smc Pentax-M 75-150mm F4
focal_length: 77.06

surfaces:
# radius       thickness    ior      abbe     semi_ap   coating
  86.4310        3.0000       1.52542  64.50    45.120    1
  180.8120       0.2000       1.00000  0.00     45.120    0
  51.8210        1.3700       1.80518  25.40    43.260    1
  37.6300        7.1500       1.48749  70.10    43.260    1
  -750.1500      8.1090       1.00000  0.00     43.260    0
  -640.0000      2.0000       1.61800  63.40    25.880    1
  34.0400        4.2600       1.00000  0.00     23.600    0
  -40.3500       1.5000       1.61800  63.40    22.720    1
  51.2000        2.7500       1.80518  25.40    23.700    1
  -2335.5590     22.8510      1.00000  0.00     23.700    0
  107.6500       4.5000       1.64250  58.40    26.540    1
  -33.2990       1.5000       1.80518  25.40    26.540    1
  -63.1020       1.5850       1.00000  0.00     26.540    0
  stop           2.0000       1.00000  0.00     23.919    0
  44.9620        2.7900       1.50048  65.90    24.900    1
  -1774.4260     2.5400       1.00000  0.00     24.900    0
  23.0000        2.6500       1.48749  70.10    22.820    1
  37.6300        9.7000       1.00000  0.00     22.820    0
  180.0000       2.3100       1.80610  40.90    18.900    1
  21.7300        12.5500      1.00000  0.00     18.900    0
  52.0000        3.5000       1.64850  53.00    28.740    1
  -299.9400      56.1500      1.00000  0.00     28.740    0
