# Ricoh 18.3mm F2.8 (GR3)
#
# Patent: US20190154946
# Converted from photonstophotos.net Optical Bench data
# 13 surfaces, 7 glass elements, f/2.9

name: Ricoh 18.3mm F2.8 (GR3)
focal_length: 18.28

surfaces:
# radius       thickness    ior      abbe     semi_ap   coating
  17.0340        0.7000       1.51633  64.06    12.070    1
  10.8940        2.4600       1.00000  0.00     12.070    0
  -18.4860       0.6000       1.63980  34.47    10.340    1
  8.3320         2.7500       1.88100  40.14    9.560     1
  -25.2060       1.1000       1.00000  0.00     9.560     0
  stop           1.2000       1.00000  0.00     6.920     0
  13.0990        2.7600       1.88100  40.14    9.080     1
  -8.6660        0.5000       1.69895  30.13    9.080     1
  12.7440        1.5200       1.00000  0.00     9.460     0
  -16.8350       1.0000       1.88202  37.22    10.100    1
  -17.5100       12.8100      1.00000  0.00     10.100    0
  0              1.4000       1.51633  64.14    31.500    1
  0              0.7000       1.00000  0.00     31.500    0
