# Ricoh Pentax-110 24mm F2.8
#
# Patent: US004223982
# Converted from photonstophotos.net Optical Bench data
# 12 surfaces, 6 glass elements, f/2.8

name: Ricoh Pentax-110 24mm F2.8
focal_length: 24.00

surfaces:
# radius       thickness    ior      abbe     semi_ap   coating
  18.3670        0.9820       1.72825  28.50    12.450    1
  10.5740        0.5980       1.00000  0.00     10.010    0
  11.8130        2.3210       1.80610  40.90    11.220    1
  -41.6520       1.4880       1.00000  0.00     11.220    0
  -11.7550       0.8230       1.58913  61.10    8.860     1
  19.7500        1.2430       1.00000  0.00     8.860     0
  -15.4780       0.8040       1.76182  26.60    8.900     1
  20.1980        2.4100       1.77250  49.60    10.670    1
  -12.1180       0.0980       1.00000  0.00     10.670    0
  -42.0860       1.3820       1.80610  40.90    10.490    1
  -15.2470       1.0900       1.00000  0.00     10.490    0
  stop           21.9382      1.00000  0.00     7.935     0
