# Ricoh SMC Pentax 645 A 45mm f2.8
#
# Patent: US004487485
# Converted from photonstophotos.net Optical Bench data
# 18 surfaces, 9 glass elements, f/2.8

name: Ricoh SMC Pentax 645 A 45mm f2.8
focal_length: 45.00

surfaces:
# radius       thickness    ior      abbe     semi_ap   coating
  176.0800       3.1700       1.58913  61.00    53.500    1
  2639.8050      0.1000       1.00000  0.00     53.500    0
  32.2000        1.5000       1.48749  70.10    39.720    1
  17.4640        7.7000       1.00000  0.00     30.440    0
  65.0000        1.3000       1.48749  70.10    31.380    1
  21.3800        10.4100      1.00000  0.00     26.430    0
  57.0910        15.5100      1.72000  43.70    25.100    1
  -13639.2450    1.7500       1.00000  0.00     25.100    0
  stop           1.7500       1.00000  0.00     23.828    0
  121.5000       10.6500      1.72000  43.70    26.060    1
  -41.3400       1.9500       1.00000  0.00     26.060    0
  -78.3890       5.3500       1.80518  25.40    25.100    1
  53.2000        2.7800       1.00000  0.00     25.100    0
  -76.1100       2.5000       1.83481  42.70    26.340    1
  -36.9000       0.1000       1.00000  0.00     26.340    0
  -1335.0000     1.2000       1.80518  25.40    29.740    1
  93.6000        4.0700       1.80400  46.60    31.120    1
  -68.4390       62.0100      1.00000  0.00     31.120    0
