# Ricoh smc Pentax-M 20mm F4.0
#
# Patent: US004062622
# Converted from photonstophotos.net Optical Bench data
# 17 surfaces, 8 glass elements, f/4.0

name: Ricoh smc Pentax-M 20mm F4.0
focal_length: 20.00

surfaces:
# radius       thickness    ior      abbe     semi_ap   coating
  46.3242        3.4148       1.62041  60.30    33.420    1
  138.0556       0.0976       1.00000  0.00     31.360    0
  18.8400        1.1708       1.62041  60.30    22.900    1
  7.8842         4.9758       1.00000  0.00     14.510    0
  20.9766        1.1708       1.62299  58.10    14.210    1
  8.0180         1.9514       1.00000  0.00     10.040    0
  32.1966        10.4396      1.71736  29.50    10.600    1
  -31.5138       1.0514       1.00000  0.00     10.600    0
  stop           0.9000       1.00000  0.00     8.639     0
  -97.5658       2.7904       1.63854  55.40    8.940     1
  -16.3422       0.1074       1.00000  0.00     11.060    0
  -45.8558       1.1708       1.80518  25.40    11.940    1
  27.6696        0.9756       1.00000  0.00     10.330    0
  1924.1202      2.6050       1.48749  70.10    12.340    1
  -11.6786       0.0976       1.00000  0.00     12.340    0
  -76.1012       1.6684       1.51633  64.10    14.200    1
  -31.2112       36.1540      1.00000  0.00     15.890    0
