# Ricoh smc Pentax-DA 60-250mm F4 ED[IF] SDM
#
# Patent: US007489452
# Converted from photonstophotos.net Optical Bench data
# 29 surfaces, 15 glass elements, f/4.1

name: Ricoh smc Pentax-DA 60-250mm F4 ED[IF] SDM
focal_length: 61.50

surfaces:
# radius       thickness    ior      abbe     semi_ap   coating
  107.6500       2.6000       1.84666  23.80    59.100    1
  80.3880        1.9500       1.00000  0.00     59.100    0
  83.9140        8.8000       1.49700  81.60    58.400    1
  -435.0540      0.3000       1.00000  0.00     58.400    0
  106.3000       4.7000       1.48749  70.20    56.700    1
  180.8120       7.7900       1.00000  0.00     56.700    0
  -288.1520      1.8000       1.77250  46.60    27.500    1
  34.8710        5.4000       1.00000  0.00     27.500    0
  -49.4000       1.8000       1.80400  46.60    27.200    1
  67.2270        4.6000       1.84666  23.80    30.200    1
  -142.2890      0.5000       1.00000  0.00     30.200    0
  63.0000        3.4000       1.80518  25.40    32.500    1
  97.8100        33.6900      1.00000  0.00     32.500    0
  stop           1.0000       1.00000  0.00     26.876    0
  82.5000        5.6000       1.43875  95.00    34.600    1
  -105.1900      0.2000       1.00000  0.00     34.600    0
  75.4380        4.4000       1.72916  54.70    34.900    1
  -1693.4100     2.2000       1.00000  0.00     34.900    0
  -70.0100       2.1000       1.84666  23.80    34.800    1
  -360.0000      10.6200      1.00000  0.00     34.800    0
  35.6360        7.3000       1.61800  63.40    35.300    1
  -564.3300      6.1700       1.00000  0.00     35.300    0
  483.3140       3.2000       1.74320  49.30    30.300    1
  31.9200        3.7000       1.00000  0.00     28.400    0
  666.3430       4.2000       1.60311  60.70    28.800    1
  -55.4090       0.3000       1.00000  0.00     28.800    0
  41.0000        11.0000      1.53172  48.90    28.800    1
  -24.2130       1.6000       1.77250  49.60    28.800    1
  103.3980       67.5000      1.00000  0.00     28.800    0
