# Ricoh smc Pentax-M 150mm F3.5
#
# Patent: US004134645
# Converted from photonstophotos.net Optical Bench data
# 11 surfaces, 5 glass elements, f/3.5

name: Ricoh smc Pentax-M 150mm F3.5
focal_length: 150.00

surfaces:
# radius       thickness    ior      abbe     semi_ap   coating
  50.7150        5.3100       1.51112  60.50    42.930    1
  642.8250       2.1150       1.00000  0.00     42.630    0
  -218.7900      1.9950       1.80518  25.40    42.300    1
  177.9600       0.1050       1.00000  0.00     42.300    0
  30.8550        5.8050       1.51633  64.10    41.680    1
  67.7850        20.4550      1.00000  0.00     40.800    0
  stop           15.5300      1.00000  0.00     30.033    0
  41.1150        1.8150       1.72825  28.50    22.000    1
  82.8300        4.0800       1.00000  0.00     20.700    0
  -23.8050       1.2000       1.65160  58.60    19.110    1
  -100.6650      60.5700      1.00000  0.00     20.650    0
