# Ricoh 6.0mm F1.9 VC (GR)
#
# Patent: JP2010-164839
# Converted from photonstophotos.net Optical Bench data
# 17 surfaces, 9 glass elements, f/2.0

name: Ricoh 6.0mm F1.9 VC (GR)
focal_length: 6.00

surfaces:
# radius       thickness    ior      abbe     semi_ap   coating
  25.5430        1.2000       1.49700  81.54    15.400    1
  7.5000         2.2400       1.00000  0.00     12.000    0
  15.0580        1.2000       1.51633  64.06    11.600    1
  4.9700         9.5700       1.00000  0.00     9.600     0
  17.6560        1.7900       1.80400  46.57    7.400     1
  -55.2830       6.3500       1.00000  0.00     7.400     0
  stop           3.5000       1.00000  0.00     6.800     0
  -257.2160      2.1900       1.49700  81.54    7.600     1
  -7.1860        1.0000       1.69895  30.13    7.800     1
  -24.0470       0.2000       1.00000  0.00     8.200     0
  13.2440        1.0000       1.65412  39.68    9.200     1
  8.6920         2.9600       1.49700  81.54    9.200     1
  -22.9630       2.5600       1.00000  0.00     9.600     0
  21.9240        1.5000       1.51633  64.06    9.800     1
  -134.2560      7.0800       1.00000  0.00     9.800     0
  0              1.5000       1.50000  64.00    9.800     1
  0              0.6000       1.00000  0.00     9.800     0
