# Ricoh HD Pentax-DA 16-50mm F2.8 ED PLM AW
#
# Patent: JP2021-192088
# Converted from photonstophotos.net Optical Bench data
# 29 surfaces, 18 glass elements, f/2.9

name: Ricoh HD Pentax-DA 16-50mm F2.8 ED PLM AW
focal_length: 16.45

surfaces:
# radius       thickness    ior      abbe     semi_ap   coating
  349.9400       2.1700       1.85896  22.73    61.920    1
  125.0000       4.0800       1.74100  52.64    59.580    1
  303.7200       0.1500       1.00000  0.00     59.580    0
  63.6930        6.4200       1.73400  51.47    56.290    1
  198.4700       1.2500       1.00000  0.00     56.290    0
  123.4400       0.1000       1.52970  42.70    36.380    1
  68.4560        1.5000       1.80400  46.53    36.380    1
  16.5370        8.5600       1.00000  0.00     26.670    0
  -51.2120       1.2000       1.80400  46.53    26.670    1
  66.7630        5.0000       1.73800  32.33    27.850    1
  -47.4010       0.1200       1.52970  42.70    27.850    1
  -44.0200       6.2180       1.00000  0.00     27.850    0
  -33.4510       0.9000       1.73400  51.47    24.420    1
  33.4510        3.7500       1.85883  30.00    24.420    1
  -424.9300      27.0290      1.00000  0.00     24.420    0
  stop           1.4000       1.00000  0.00     17.840    0
  41.6360        6.2000       1.49700  81.54    29.720    1
  -62.5830       0.2000       1.00000  0.00     29.720    0
  75.9990        6.8800       1.59522  67.73    30.350    1
  -33.0200       1.2100       1.84666  23.78    30.350    1
  -51.2120       1.4910       1.00000  0.00     30.900    0
  -140.1600      1.2000       1.80100  34.97    26.780    1
  22.0690        4.3200       1.92286  20.88    25.620    1
  53.6570        13.8170      1.00000  0.00     25.620    0
  43.1990        1.1000       2.00100  29.13    27.140    1
  19.8250        6.3000       1.49700  81.61    27.140    1
  116.8500       0.3200       1.00000  0.00     27.140    0
  47.7160        7.6500       1.49700  81.54    29.170    1
  -33.8420       39.2470      1.00000  0.00     29.170    0
