# Ricoh smc Pentax 85-210mm F4.5
#
# Patent: US003506337
# Converted from photonstophotos.net Optical Bench data
# 22 surfaces, 11 glass elements, f/4.5

name: Ricoh smc Pentax 85-210mm F4.5
focal_length: 85.00

surfaces:
# radius       thickness    ior      abbe     semi_ap   coating
  -3000.0000     1.5000       1.66680  33.10    49.100    1
  91.6400        1.5000       1.00000  0.00     49.100    0
  101.2000       4.5000       1.61405  55.10    49.100    1
  4545.0630      0.1000       1.00000  0.00     49.100    0
  102.0000       5.0000       1.62280  56.90    49.100    1
  -746.4740      2.0000       1.00000  0.00     49.100    0
  -145.0000      1.0000       1.51633  64.10    32.820    1
  127.2750       2.5000       1.00000  0.00     32.820    0
  -350.0000      1.0000       1.64000  60.20    32.820    1
  43.8600        3.0000       1.74077  27.70    32.820    1
  104.5990       65.5000      1.00000  0.00     32.820    0
  stop           3.0000       1.00000  0.00     29.597    0
  -50.0000       2.0000       1.66446  35.90    31.620    1
  -72.8890       0.1000       1.00000  0.00     33.140    0
  350.0000       4.0000       1.51633  64.10    34.340    1
  -68.4580       0.1000       1.00000  0.00     34.340    0
  53.0000        5.3000       1.62041  60.30    34.520    1
  -152.0640      15.0000      1.00000  0.00     34.520    0
  -45.2000       2.5000       1.64769  33.90    25.980    1
  53.6980        18.5000      1.00000  0.00     24.220    0
  1000.0000      5.0000       1.58913  61.20    32.800    1
  -46.2380       111.7400     1.00000  0.00     32.800    0
