# Ricoh smc Pentax-A 645 35mm f3.5
#
# Patent: JP1986-285417
# Converted from photonstophotos.net Optical Bench data
# 18 surfaces, 9 glass elements, f/3.5

name: Ricoh smc Pentax-A 645 35mm f3.5
focal_length: 35.00

surfaces:
# radius       thickness    ior      abbe     semi_ap   coating
  243.3368       3.9879       1.60311  60.70    60.160    1
  8267.7931      0.1946       1.00000  0.00     60.160    0
  39.4083        2.4318       1.83400  37.20    42.760    1
  21.2821        4.0464       1.00000  0.00     33.410    0
  35.5418        2.1399       1.69680  55.50    35.140    1
  18.3624        5.9430       1.00000  0.00     27.710    0
  182.9401       2.0426       1.69680  55.50    29.680    1
  22.0829        3.9393       1.00000  0.00     26.050    0
  53.7019        10.4563      1.68893  31.10    26.360    1
  -88.3117       0.0973       1.00000  0.00     26.360    0
  41.5237        18.9672      1.51633  64.10    23.540    1
  -29.1025       7.4256       1.00000  0.00     23.540    0
  stop           0.0000       1.00000  0.00     18.397    0
  126.0361       5.5542       1.69680  55.50    19.510    1
  -16.7524       2.3051       1.83400  37.20    19.510    1
  40.7796        0.9436       1.00000  0.00     17.470    0
  827.1771       3.0835       1.69680  55.50    17.470    1
  -28.2380       58.8823      1.00000  0.00     19.510    0
