# Ricoh smc Pentax-FA 28-105mm F4-5.6
#
# Patent: US005264965
# Converted from photonstophotos.net Optical Bench data
# 25 surfaces, 13 glass elements, f/4.1

name: Ricoh smc Pentax-FA 28-105mm F4-5.6
focal_length: 29.00

surfaces:
# radius       thickness    ior      abbe     semi_ap   coating
  190.0000       3.3500       1.69680  55.50    47.540    1
  -2060.0000     0.1000       1.00000  0.00     47.540    0
  107.4600       1.4000       1.77250  49.60    40.880    1
  25.2000        8.7500       1.00000  0.00     33.720    0
  -90.0360       1.2000       1.77250  49.60    32.680    1
  44.7000        0.1000       1.00000  0.00     32.680    0
  39.0100        4.8500       1.84666  23.80    32.000    1
  646.3820       41.4000      1.00000  0.00     32.000    0
  stop           1.5000       1.00000  0.00     16.181    0
  55.7620        4.3000       1.61800  63.40    23.870    1
  -55.7620       0.1000       1.00000  0.00     23.870    0
  31.3420        6.3000       1.71300  53.80    23.560    1
  -31.3420       1.1000       1.80518  25.40    23.560    1
  85.6800        2.4200       1.00000  0.00     23.560    0
  -520.0000      3.9000       1.80518  25.40    16.140    1
  -14.9000       1.1000       1.83400  37.20    16.140    1
  58.7500        1.0000       1.00000  0.00     16.140    0
  -120.0000      1.1000       1.83481  42.70    15.280    1
  83.9140        15.0900      1.00000  0.00     15.280    0
  110.0000       6.7300       1.48749  70.20    25.760    1
  -24.5820       0.1000       1.00000  0.00     25.760    0
  60.3500        5.3000       1.48749  70.20    26.420    1
  -53.3040       2.2300       1.00000  0.00     26.420    0
  -26.2500       1.2000       1.80400  46.60    26.420    1
  -94.7540       40.2200      1.00000  0.00     27.280    0
