# Ricoh smc Pentax-M 300mm F4
#
# Patent: US004293197
# Converted from photonstophotos.net Optical Bench data
# 17 surfaces, 8 glass elements, f/4.0

name: Ricoh smc Pentax-M 300mm F4
focal_length: 272.00

surfaces:
# radius       thickness    ior      abbe     semi_ap   coating
  77.3800        10.3100      1.49700  81.30    71.210    1
  -1016.7400     0.0800       1.00000  0.00     71.210    0
  74.2800        8.3800       1.49700  81.30    65.230    1
  442.7100       5.1100       1.00000  0.00     65.230    0
  -911.6600      4.4600       1.80610  40.90    60.760    1
  73.5200        0.0800       1.00000  0.00     55.430    0
  38.2700        10.3100      1.49700  81.30    53.370    1
  127.6500       37.9700      1.00000  0.00     53.370    0
  stop           2.7200       1.00000  0.00     20.586    0
  -38.0000       3.0200       1.79952  42.20    20.070    1
  19.3700        0.0000       1.00000  0.00     20.070    0
  19.3700        4.9200       1.59270  35.30    20.070    1
  -80.4000       31.8500      1.00000  0.00     20.070    0
  -41.9400       2.0700       1.88300  40.80    27.200    1
  -485.5200      1.7400       1.00000  0.00     28.400    0
  162.7600       5.0900       1.69895  30.10    30.790    1
  -45.8600       36.0700      1.00000  0.00     31.060    0
