# Ricoh smc Pentax-M 120mm F2.8
#
# Patent: US004134645
# Converted from photonstophotos.net Optical Bench data
# 11 surfaces, 5 glass elements, f/2.8

name: Ricoh smc Pentax-M 120mm F2.8
focal_length: 120.00

surfaces:
# radius       thickness    ior      abbe     semi_ap   coating
  46.7760        5.8320       1.51821  65.00    44.780    1
  174.5760       3.8280       1.00000  0.00     44.340    0
  -135.2640      2.0160       1.80518  25.40    44.900    1
  251.6760       0.0960       1.00000  0.00     44.900    0
  37.1280        6.9720       1.55963  61.20    43.360    1
  160.9680       20.6080      1.00000  0.00     41.790    0
  stop           14.0000      1.00000  0.00     29.506    0
  36.7320        3.4560       1.80518  25.40    24.010    1
  64.7160        5.8320       1.00000  0.00     21.620    0
  -24.6480       1.5120       1.80610  40.90    22.060    1
  -67.2360       42.2500      1.00000  0.00     22.720    0
