# Ricoh smc Pentax-DA 50-135mm F2.8ED[IF] SDM
#
# Patent: US007289274
# Converted from photonstophotos.net Optical Bench data
# 33 surfaces, 18 glass elements, f/2.9

name: Ricoh smc Pentax-DA 50-135mm F2.8ED[IF] SDM
focal_length: 51.50

surfaces:
# radius       thickness    ior      abbe     semi_ap   coating
  105.3980       2.3000       1.74400  44.80    60.080    1
  56.0820        7.8400       1.48749  70.20    60.080    1
  180.2720       0.1000       1.00000  0.00     60.080    0
  66.1040        6.4300       1.49700  81.60    56.480    1
  230.2410       15.2300      1.00000  0.00     56.480    0
  54.2250        2.0000       1.80518  25.40    48.400    1
  42.6750        1.0500       1.00000  0.00     46.000    0
  48.3130        8.8200       1.48749  70.20    46.000    1
  -1617.7040     2.3000       1.00000  0.00     46.000    0
  -181.7110      1.2000       1.80400  46.60    24.480    1
  26.5850        4.8500       1.00000  0.00     24.480    0
  -50.6150       1.2000       1.48749  70.20    23.500    1
  30.1380        3.6000       1.84666  23.80    23.500    1
  311.8710       1.6500       1.00000  0.00     23.500    0
  -52.3170       1.1000       1.72916  54.70    23.500    1
  -100.2730      19.0400      1.00000  0.00     23.500    0
  174.7490       2.1400       1.77250  49.60    25.080    1
  -174.7490      1.0600       1.00000  0.00     25.080    0
  -4485.5260     4.7300       1.49700  81.60    25.880    1
  -29.0380       1.1000       1.80518  25.40    25.880    1
  -49.7550       12.1800      1.00000  0.00     25.880    0
  stop           1.0000       1.00000  0.00     25.472    0
  73.8320        2.6500       1.77250  49.60    26.040    1
  743.1140       0.5000       1.00000  0.00     26.040    0
  22.1090        7.9300       1.49700  81.60    25.000    1
  -105.6020      1.5800       1.65844  50.90    25.000    1
  24.5790        3.5000       1.00000  0.00     22.900    0
  120.4330       5.2000       1.60562  43.70    25.000    1
  -28.9280       3.0000       1.00000  0.00     25.000    0
  -22.2880       1.2400       1.80100  35.00    24.200    1
  -67.0390       0.6500       1.00000  0.00     24.940    0
  95.9070        2.0700       1.48749  70.20    26.000    1
  3646.8010      39.7000      1.00000  0.00     26.000    0
