# Ricoh smc Pentax-FA 28-80mm F3.5-4.7
#
# Patent: US006078435
# Converted from photonstophotos.net Optical Bench data
# 17 surfaces, 8 glass elements, f/3.4

name: Ricoh smc Pentax-FA 28-80mm F3.5-4.7
focal_length: 29.00

surfaces:
# radius       thickness    ior      abbe     semi_ap   coating
  120.7320       3.5200       1.57501  41.50    44.080    1
  6072.0680      0.1000       1.00000  0.00     44.080    0
  74.5250        1.8000       1.80610  40.90    36.840    1
  19.6980        7.1400       1.00000  0.00     29.060    0
  -1323.4760     1.6000       1.51633  64.10    28.640    1
  34.8250        3.3100       1.00000  0.00     28.640    0
  29.6180        3.4400       1.78472  25.70    26.200    1
  62.4430        34.9900      1.00000  0.00     26.200    0
  stop           1.0700       1.00000  0.00     18.726    0
  38.6650        3.5000       1.62299  58.20    19.400    1
  -84.0990       0.1000       1.00000  0.00     19.400    0
  19.2660        4.0000       1.53172  48.90    18.960    1
  130.7040       0.6500       1.00000  0.00     17.680    0
  -116.6150      7.0000       1.71736  29.50    17.680    1
  17.2820        3.8000       1.00000  0.00     14.910    0
  154.5090       3.5000       1.51633  64.10    15.820    1
  -29.1240       46.4400      1.00000  0.00     15.820    0
