# Ricoh smc Pentax-DA 50mm F1.8
#
# Patent: JP2014-026184
# Converted from photonstophotos.net Optical Bench data
# 12 surfaces, 6 glass elements, f/1.8

name: Ricoh smc Pentax-DA 50mm F1.8
focal_length: 51.50

surfaces:
# radius       thickness    ior      abbe     semi_ap   coating
  36.1530        4.6880       1.80610  40.90    28.840    1
  599.0140       0.1500       1.00000  0.00     28.840    0
  26.6400        4.2260       1.78590  44.20    25.810    1
  39.1900        1.6820       1.00000  0.00     23.530    0
  290.9400       2.3000       1.74077  27.80    23.330    1
  18.4540        4.1450       1.00000  0.00     20.320    0
  stop           6.0870       1.00000  0.00     20.163    0
  -17.1280       1.5000       1.76182  26.60    19.900    1
  -68.6660       5.2170       1.80610  40.90    23.310    1
  -21.6440       0.1000       1.00000  0.00     23.310    0
  113.8300       3.7570       1.77250  49.60    23.150    1
  -52.8550       38.5200      1.00000  0.00     23.150    0
