# Ricoh HD Pentax-D FA 85mm F1.4ED SDM AW
#
# Patent: US20200301101
# Converted from photonstophotos.net Optical Bench data
# 25 surfaces, 13 glass elements, f/1.5

name: Ricoh HD Pentax-D FA 85mm F1.4ED SDM AW
focal_length: 83.42

surfaces:
# radius       thickness    ior      abbe     semi_ap   coating
  -189.5650      3.0000       1.61340  44.30    71.040    1
  122.5300       1.0100       1.00000  0.00     71.040    0
  100.4260       10.6000      1.43875  95.00    69.180    1
  -1550.2160     3.1400       1.00000  0.00     69.700    0
  200.9650       5.0700       1.88300  40.80    67.840    1
  637.9290       0.5000       1.00000  0.00     67.840    0
  106.6730       8.5100       1.43875  95.00    64.900    1
  -2149.8010     23.4300      1.00000  0.00     64.900    0
  46.3110        7.3100       1.87070  40.70    52.640    1
  93.8710        0.3000       1.00000  0.00     52.900    0
  37.7880        10.8800      1.43875  95.00    46.780    1
  213.7320       0.9300       1.00000  0.00     46.780    0
  238.8840       2.5000       1.67300  38.30    40.900    1
  22.7240        8.9000       1.00000  0.00     33.980    0
  stop           4.8100       1.00000  0.00     31.440    0
  -42.0770       1.3000       1.67300  38.30    32.640    1
  29.2720        8.6200       1.89190  37.10    32.100    1
  -74.7300       1.4400       1.00000  0.00     32.100    0
  -48.2100       1.3000       1.73800  32.30    32.100    1
  34.3930        8.3800       1.83481  42.70    32.100    1
  -63.7030       0.2500       1.00000  0.00     32.100    0
  206.4840       3.4600       1.69350  53.20    31.040    1
  -144.3410      38.0600      1.00000  0.00     31.040    0
  0              2.0000       1.51633  64.10    43.580    1
  0              0.5000       1.00000  0.00     43.580    0
