# Ricoh smc Pentax-FA 28-70mm F2.8 AL
#
# Patent: US005568323
# Converted from photonstophotos.net Optical Bench data
# 26 surfaces, 14 glass elements, f/2.8

name: Ricoh smc Pentax-FA 28-70mm F2.8 AL
focal_length: 29.00

surfaces:
# radius       thickness    ior      abbe     semi_ap   coating
  142.5630       2.0000       1.77250  49.60    55.040    1
  29.3710        9.9000       1.00000  0.00     45.540    0
  589.3330       2.0000       1.72916  54.70    45.320    1
  57.8440        0.5500       1.00000  0.00     45.320    0
  45.7720        5.1200       1.84666  23.90    45.540    1
  117.2390       45.9100      1.00000  0.00     45.540    0
  2292.0960      5.9000       1.77250  49.60    36.380    1
  -37.7640       1.5000       1.68893  31.10    36.380    1
  -170.5640      0.1000       1.00000  0.00     36.380    0
  37.4310        1.7000       1.80518  25.40    37.000    1
  24.0230        8.0000       1.48749  70.20    37.000    1
  114.7890       0.1000       1.00000  0.00     37.000    0
  44.0020        4.8000       1.77250  49.60    36.380    1
  292.4170       2.1500       1.00000  0.00     36.380    0
  stop           1.5200       1.00000  0.00     21.118    0
  -21691.8170    3.3000       1.84666  23.90    27.140    1
  -41.1910       1.5000       1.74320  49.30    27.140    1
  66.5390        3.0000       1.00000  0.00     23.660    0
  -37.0440       1.6300       1.80610  40.90    23.660    1
  -67.3140       15.5400      1.00000  0.00     25.480    0
  -180.1160      5.0000       1.59240  68.30    26.540    1
  -27.6140       0.1000       1.00000  0.00     26.540    0
  63.2900        5.0000       1.59240  68.30    27.500    1
  -92.0260       2.4700       1.00000  0.00     27.500    0
  -28.9460       1.5000       1.76182  26.50    29.140    1
  -111.8780      39.8600      1.00000  0.00     29.140    0
