# Ricoh smc Pentax-A 85mm F1.4
#
# Patent: US004508434
# Converted from photonstophotos.net Optical Bench data
# 14 surfaces, 7 glass elements, f/1.4

name: Ricoh smc Pentax-A 85mm F1.4
focal_length: 84.91

surfaces:
# radius       thickness    ior      abbe     semi_ap   coating
  55.7620        10.3800      1.72916  54.70    61.620    1
  571.6810       0.1500       1.00000  0.00     61.620    0
  40.6230        10.1500      1.72916  54.70    52.640    1
  75.8730        2.9300       1.00000  0.00     46.760    0
  226.0500       5.9300       1.75520  27.50    47.900    1
  25.2940        11.6600      1.00000  0.00     35.330    0
  stop           9.7600       1.00000  0.00     33.996    0
  -31.3000       2.7600       1.59551  39.20    33.320    1
  273.8000       7.8100       1.77250  49.60    36.030    1
  -39.0910       0.1500       1.00000  0.00     36.030    0
  87.6100        3.2600       1.77250  49.60    33.930    1
  1080.0300      1.4000       1.00000  0.00     33.930    0
  4058.6330      3.0000       1.72916  54.70    38.240    1
  -334.4100      39.8900      1.00000  0.00     38.240    0
