# Ricoh smc Pentax 6x7 400mm f4 ED [IF]
#
# Patent: JP1986-051117
# Converted from photonstophotos.net Optical Bench data
# 19 surfaces, 9 glass elements, f/4.0

name: Ricoh smc Pentax 6x7 400mm f4 ED [IF]
focal_length: 400.00

surfaces:
# radius       thickness    ior      abbe     semi_ap   coating
  206.4400       12.2800      1.48749  70.10    108.930   1
  -2132.5200     1.0000       1.00000  0.00     108.930   0
  113.7200       16.0400      1.49700  81.60    103.030   1
  10529.0400     1.8400       1.00000  0.00     103.030   0
  7472.9600      8.3200       1.72000  50.30    101.720   1
  77.8880        2.0400       1.00000  0.00     86.630    0
  80.4240        16.6400      1.49700  81.60    89.360    1
  1008.8800      27.7200      1.00000  0.00     89.360    0
  -519.9200      5.6000       1.58913  60.10    75.280    1
  164.4000       15.2400      1.00000  0.00     75.280    0
  656.4000       6.6000       1.68893  31.10    73.360    1
  -656.4000      56.3300      1.00000  0.00     69.940    0
  stop           10.1500      1.00000  0.00     58.464    0
  1117.0400      7.1200       1.74320  49.30    59.870    1
  -136.4400      26.5600      1.00000  0.00     59.870    0
  -103.6520      4.2800       1.56732  42.80    52.960    1
  103.6520       18.3600      1.00000  0.00     52.960    0
  124.2400       6.6000       1.69350  50.80    60.750    1
  419.7200       141.8880     1.00000  0.00     60.750    0
