# Ricoh smc Pentax 24mm F3.5
#
# Patent: US003545845
# Converted from photonstophotos.net Optical Bench data
# 19 surfaces, 9 glass elements, f/3.5

name: Ricoh smc Pentax 24mm F3.5
focal_length: 25.40

surfaces:
# radius       thickness    ior      abbe     semi_ap   coating
  56.1300        2.5400       1.51633  64.10    42.500    1
  27.8400        6.1000       1.00000  0.00     35.100    0
  57.9100        5.9700       1.83630  30.40    33.830    1
  633.8800       0.1300       1.00000  0.00     32.130    0
  33.9100        1.9100       1.62041  60.30    24.720    1
  11.0700        8.8900       1.00000  0.00     18.590    0
  -27.9400       8.8900       1.51633  64.10    16.470    1
  -35.0800       0.1300       1.00000  0.00     16.470    0
  45.4700        5.0800       1.55690  48.50    13.190    1
  -62.9700       0.5700       1.00000  0.00     13.190    0
  stop           0.7000       1.00000  0.00     12.314    0
  17.4000        5.5900       1.56883  56.00    13.190    1
  -29.4600       0.0000       1.00000  0.00     13.190    0
  -29.4600       1.1400       1.69895  30.00    13.190    1
  16.0300        2.7900       1.00000  0.00     11.810    0
  -31.6200       2.5400       1.58487  53.00    14.740    1
  -18.6400       0.1300       1.00000  0.00     14.740    0
  0              2.4100       1.56732  42.80    17.530    1
  -27.0300       37.5800      1.00000  0.00     17.530    0
