# Ricoh HD Pentax-D FA 70-200mm F2.8ED DC AW
#
# Patent: US20160103303
# Converted from photonstophotos.net Optical Bench data
# 35 surfaces, 19 glass elements, f/2.9

name: Ricoh HD Pentax-D FA 70-200mm F2.8ED DC AW
focal_length: 72.06

surfaces:
# radius       thickness    ior      abbe     semi_ap   coating
  298.9270       2.3000       1.83400  37.20    71.540    1
  83.2020        8.4800       1.49700  81.60    71.540    1
  314.4080       0.5000       1.00000  0.00     71.540    0
  99.9690        11.1300      1.43875  95.00    70.160    1
  -278.7170      0.2000       1.00000  0.00     70.160    0
  86.0580        7.5700       1.59522  67.70    65.800    1
  338.9460       3.3000       1.00000  0.00     65.800    0
  -820.8990      4.9900       1.90366  31.30    39.960    1
  -59.3510       1.2000       1.81600  46.60    39.960    1
  58.2070        4.9800       1.00000  0.00     36.740    0
  -125.8630      1.3300       1.59522  67.70    36.940    1
  47.2060        6.1600       1.80518  25.50    36.940    1
  -316.0150      2.4700       1.00000  0.00     36.940    0
  -63.9990       1.1000       1.83481  42.70    37.520    1
  217.2340       27.0900      1.00000  0.00     37.520    0
  182.6340       5.8300       1.80400  46.60    40.200    1
  -66.0210       0.2000       1.00000  0.00     40.200    0
  -195.6110      5.3500       1.49700  81.60    39.770    1
  -46.9880       1.3000       1.84666  23.80    39.770    1
  -96.2350       8.5800       1.00000  0.00     39.770    0
  -56.1650       1.4000       1.61340  44.30    37.360    1
  -102.4140      31.7300      1.00000  0.00     37.360    0
  stop           1.2000       1.00000  0.00     37.530    0
  35.8430        8.2500       1.59522  67.70    38.380    1
  -1114.8990     2.6500       1.00000  0.00     38.380    0
  33.0940        4.9700       1.43875  95.00    33.060    1
  101.9170       1.7500       1.00000  0.00     33.060    0
  -407.3740      1.3000       1.78590  44.20    31.560    1
  32.3420        14.7700      1.00000  0.00     30.500    0
  84.1030        5.9500       1.59522  67.70    32.420    1
  -84.1030       11.7700      1.00000  0.00     32.420    0
  -29.1430       1.3000       1.81600  46.60    31.140    1
  -108.0620      0.2000       1.00000  0.00     31.780    0
  -341.7790      3.4700       1.90366  31.30    32.840    1
  -67.6120       48.2500      1.00000  0.00     32.840    0
