# Ricoh HD Pentax-DA 35mm F2.8 Macro Limited
#
# Patent: US007715118
# Converted from photonstophotos.net Optical Bench data
# 18 surfaces, 9 glass elements, f/2.9

name: Ricoh HD Pentax-DA 35mm F2.8 Macro Limited
focal_length: 34.41

surfaces:
# radius       thickness    ior      abbe     semi_ap   coating
  29.5930        3.2000       1.80518  25.40    24.640    1
  51.8000        0.4400       1.00000  0.00     23.020    0
  26.8000        1.6800       1.78590  44.20    21.400    1
  11.1170        11.8900      1.00000  0.00     17.380    0
  41.8490        5.9700       1.77250  49.60    15.200    1
  -14.1550       1.3000       1.54814  45.80    15.200    1
  87.9540        4.0050       1.00000  0.00     15.200    0
  stop           4.4250       1.00000  0.00     14.176    0
  -25.4200       1.2000       1.74077  27.80    15.360    1
  63.1900        1.2000       1.00000  0.00     15.800    0
  -76.2940       3.1200       1.62041  60.30    16.780    1
  -18.8740       0.2000       1.00000  0.00     16.780    0
  46.4150        3.2200       1.74100  52.70    18.280    1
  -46.4150       1.0000       1.00000  0.00     18.280    0
  -265.3210      1.2000       1.77250  49.60    20.740    1
  38.5430        0.6200       1.00000  0.00     20.740    0
  61.3000        2.8500       1.54814  45.80    21.200    1
  -61.3000       38.7200      1.00000  0.00     21.200    0
