# Ricoh HD Pentax-D FA 50mm F1.4 SDM AW
#
# Patent: US20190250367
# Converted from photonstophotos.net Optical Bench data
# 27 surfaces, 16 glass elements, f/1.4

name: Ricoh HD Pentax-D FA 50mm F1.4 SDM AW
focal_length: 49.57

surfaces:
# radius       thickness    ior      abbe     semi_ap   coating
  292.1880       4.3680       1.60342  38.00    61.300    1
  -508.0400      2.4000       1.61340  44.30    61.300    1
  40.2480        6.8090       1.00000  0.00     52.280    0
  99.3870        11.1930      1.91082  35.20    52.700    1
  -61.1240       1.9500       1.61340  44.30    52.700    1
  102.0230       8.9740       1.00000  0.00     46.140    0
  -50.0230       1.7500       1.72047  34.70    45.320    1
  95.2530        6.1880       1.61800  63.40    46.820    1
  -199.6580      0.1000       1.00000  0.00     46.820    0
  99.2220        8.3520       1.83481  42.70    47.640    1
  -84.5610       10.4070      1.00000  0.00     47.640    0
  54.8010        4.4340       1.85150  40.80    43.400    1
  123.3030       0.1830       1.00000  0.00     43.400    0
  53.0210        8.5780       1.59522  67.70    40.140    1
  -75.9090       1.5500       1.60342  38.00    40.140    1
  40.1540        6.1410       1.00000  0.00     34.570    0
  stop           3.7910       1.00000  0.00     31.828    0
  -45.2930       1.2700       1.60342  38.00    32.960    1
  39.7360        7.8370       1.59522  67.70    32.960    1
  -57.9210       0.9780       1.00000  0.00     32.960    0
  -41.3790       3.1340       1.88300  40.80    32.960    1
  -30.1830       1.2500       1.56732  42.80    32.960    1
  96.9310        0.6320       1.00000  0.00     32.960    0
  67.7220        6.6580       1.77250  49.50    32.960    1
  -47.0050       37.3100      1.00000  0.00     32.960    0
  0              2.0000       1.51633  64.10    43.840    1
  0              1.0000       1.00000  0.00     43.840    0
