# Ricoh smc Pentax-M 50mm F1.7
#
# Patent: US003817603
# Converted from photonstophotos.net Optical Bench data
# 12 surfaces, 6 glass elements, f/1.7

name: Ricoh smc Pentax-M 50mm F1.7
focal_length: 51.60

surfaces:
# radius       thickness    ior      abbe     semi_ap   coating
  71.8680        3.6070       1.81600  46.80    30.760    1
  -8425.5060     0.0980       1.00000  0.00     30.760    0
  23.1630        4.1230       1.81600  46.80    28.320    1
  48.9840        2.6680       1.00000  0.00     27.200    0
  106.0640       2.4410       1.72825  28.30    25.740    1
  17.9720        5.7940       1.00000  0.00     22.040    0
  stop           4.0000       1.00000  0.00     21.450    0
  -19.7990       2.4870       1.66680  33.10    21.540    1
  375.7100       4.6490       1.81600  46.80    24.260    1
  -27.2600       0.0980       1.00000  0.00     24.260    0
  237.4680       2.8530       1.81600  46.80    24.060    1
  -56.3010       36.9200      1.00000  0.00     24.060    0
