# Ricoh smc Pentax-FA 31mm F1.8 AL Limited
#
# Patent: US006560042
# Converted from photonstophotos.net Optical Bench data
# 17 surfaces, 9 glass elements, f/1.8

name: Ricoh smc Pentax-FA 31mm F1.8 AL Limited
focal_length: 31.80

surfaces:
# radius       thickness    ior      abbe     semi_ap   coating
  95.7000        4.6800       1.72916  54.70    42.620    1
  -5402.5190     0.1000       1.00000  0.00     42.620    0
  195.2200       1.6700       1.76182  26.50    38.100    1
  33.3850        3.1300       1.00000  0.00     32.380    0
  93.0000        1.3000       1.61800  63.40    32.380    1
  23.4400        12.2900      1.00000  0.00     29.100    0
  38.6800        5.0000       1.80100  35.00    26.410    1
  -126.2300      5.4600       1.00000  0.00     26.410    0
  -43.0810       1.9000       1.51742  52.40    26.320    1
  18.0440        9.3900       1.80400  46.60    26.540    1
  -72.4600       1.2000       1.00000  0.00     26.540    0
  stop           6.8600       1.00000  0.00     23.926    0
  -20.4150       1.6000       1.84666  23.80    20.980    1
  36.6500        4.7400       1.72750  40.30    22.480    1
  -48.5190       0.1000       1.00000  0.00     22.480    0
  1937.4710      4.4200       1.77250  49.60    22.980    1
  -25.4270       36.9000      1.00000  0.00     22.980    0
