# Ricoh HD Pentax-D FA645 90mm F2.8 ED AW SR Macro
#
# Patent: US20130222925
# Converted from photonstophotos.net Optical Bench data
# 21 surfaces, 11 glass elements, f/2.9

name: Ricoh HD Pentax-D FA645 90mm F2.8 ED AW SR Macro
focal_length: 90.12

surfaces:
# radius       thickness    ior      abbe     semi_ap   coating
  313.0040       2.0000       1.83481  42.70    49.240    1
  42.8900        11.7000      1.00000  0.00     45.640    0
  56.5340        7.5400       1.80610  33.30    46.840    1
  1344.0270      5.1800       1.00000  0.00     46.840    0
  70.1420        7.2600       1.49700  81.60    41.700    1
  -126.4820      7.8500       1.00000  0.00     41.700    0
  -253.6100      1.4500       1.63980  34.60    35.700    1
  33.5190        4.7500       1.80518  25.50    35.700    1
  74.8390        6.1300       1.00000  0.00     33.400    0
  stop           6.6400       1.00000  0.00     31.850    0
  -38.3150       1.4000       1.72825  28.30    32.860    1
  58.6340        9.6600       1.49700  81.60    34.690    1
  -35.9140       0.7500       1.00000  0.00     34.690    0
  58.4160        7.2500       1.80610  40.70    35.300    1
  -183.7340      5.6800       1.00000  0.00     35.300    0
  2478.4310      1.5500       1.63980  34.60    33.980    1
  49.8020        4.9000       1.00000  0.00     33.980    0
  126.2150       5.5700       1.80610  33.30    35.380    1
  -69.4060       4.0800       1.00000  0.00     35.380    0
  -65.5210       1.4500       1.56883  56.00    35.720    1
  146.3370       69.0900      1.00000  0.00     35.720    0
