# Ricoh smc Pentax 6x7 75mm f4.5 Shift
#
# Patent: JP1979-099427
# Converted from photonstophotos.net Optical Bench data
# 18 surfaces, 9 glass elements, f/4.5

name: Ricoh smc Pentax 6x7 75mm f4.5 Shift
focal_length: 75.00

surfaces:
# radius       thickness    ior      abbe     semi_ap   coating
  49.4770        2.3500       1.60311  60.70    60.860    1
  30.0300        9.3000       1.00000  0.00     49.080    0
  72.8890        4.0000       1.63930  44.90    49.930    1
  132.3210       3.3000       1.00000  0.00     49.930    0
  104.0000       2.8000       1.61800  63.40    43.200    1
  29.7460        14.0500      1.00000  0.00     38.020    0
  65.9760        22.4500      1.74400  44.80    28.540    1
  -67.0000       0.9000       1.00000  0.00     28.540    0
  stop           0.9000       1.00000  0.00     23.131    0
  43.2000        2.5300       1.80518  25.40    23.740    1
  39.9990        2.8200       1.00000  0.00     23.740    0
  -246.5000      9.1700       1.71700  47.90    22.050    1
  -25.2000       7.6900       1.75690  31.80    23.440    1
  89.9760        3.8400       1.00000  0.00     28.500    0
  -58.7900       3.3000       1.80400  46.60    29.630    1
  -37.6300       0.2000       1.00000  0.00     31.380    0
  -157.6050      3.7000       1.73400  51.50    35.180    1
  -64.5160       96.3600      1.00000  0.00     36.960    0
