# Ricoh smc Pentax-FA 200mm F4 Macro ED [IF]
#
# Patent: US006359739
# Converted from photonstophotos.net Optical Bench data
# 21 surfaces, 12 glass elements, f/4.0

name: Ricoh smc Pentax-FA 200mm F4 Macro ED [IF]
focal_length: 200.00

surfaces:
# radius       thickness    ior      abbe     semi_ap   coating
  114.5090       2.7000       1.80518  25.40    55.200    1
  79.0180        3.9970       1.00000  0.00     53.560    0
  134.7840       7.9880       1.49700  81.60    53.560    1
  -170.7370      0.7500       1.00000  0.00     53.560    0
  52.2100        7.9760       1.49700  81.60    49.880    1
  233.4560       0.2000       1.00000  0.00     49.880    0
  68.3990        2.0000       1.80400  46.60    45.780    1
  36.5270        8.1320       1.48749  70.20    45.780    1
  155.3090       3.4180       1.00000  0.00     45.780    0
  -1529.5820     1.8000       1.72916  54.70    40.040    1
  27.6420        7.2280       1.69895  30.10    40.040    1
  78.5540        5.7940       1.00000  0.00     38.000    0
  11433.2610     1.8500       1.69680  55.50    35.400    1
  139.9890       53.4090      1.00000  0.00     35.400    0
  145.7630       9.4040       1.61800  63.40    35.220    1
  -44.2030       2.0000       1.80518  25.40    35.220    1
  -69.5460       1.0000       1.00000  0.00     35.220    0
  -62.3280       2.0000       1.48749  70.20    27.960    1
  48.8080        11.4280      1.00000  0.00     27.960    0
  62.6210        4.6610       1.77250  49.60    34.580    1
  230.4000       57.2800      1.00000  0.00     34.360    0
