# Ricoh smc Pentax-A 200mm F4 Macro ED
#
# Patent: US004666260
# Converted from photonstophotos.net Optical Bench data
# 20 surfaces, 10 glass elements, f/4.0

name: Ricoh smc Pentax-A 200mm F4 Macro ED
focal_length: 200.00

surfaces:
# radius       thickness    ior      abbe     semi_ap   coating
  100.7000       4.5000       1.48749  70.10    56.660    1
  214.8300       0.5000       1.00000  0.00     56.660    0
  56.0800        9.9600       1.49700  81.60    56.660    1
  -2002.9400     0.5000       1.00000  0.00     56.660    0
  42.7800        7.3200       1.49700  81.60    51.080    1
  100.6000       2.8200       1.00000  0.00     48.240    0
  181.1700       2.8000       1.61340  43.80    47.480    1
  31.1400        12.4100      1.00000  0.00     41.140    0
  -59.1200       2.5000       1.61293  37.00    41.140    1
  -389.8200      3.6800       1.69680  55.50    43.000    1
  -98.8300       0.2000       1.00000  0.00     43.000    0
  147.6500       4.5900       1.73400  51.50    42.660    1
  -226.5200      4.8000       1.00000  0.00     42.660    0
  stop           2.7300       1.00000  0.00     28.297    0
  -167.9200      2.5000       1.80518  25.40    28.040    1
  -77.8400       0.7000       1.00000  0.00     28.040    0
  -95.6700       5.5000       1.71300  53.80    27.380    1
  54.9900        39.8300      1.00000  0.00     24.420    0
  95.9400        4.3000       1.51633  64.10    34.440    1
  -321.9400      76.9000      1.00000  0.00     34.440    0
