# Ricoh smc Pentax-F 135mm F2.8 [IF]
#
# Patent: US004793698
# Converted from photonstophotos.net Optical Bench data
# 16 surfaces, 8 glass elements, f/2.8

name: Ricoh smc Pentax-F 135mm F2.8 [IF]
focal_length: 131.00

surfaces:
# radius       thickness    ior      abbe     semi_ap   coating
  71.7320        5.6630       1.48749  70.10    48.570    1
  840.5730       0.1700       1.00000  0.00     48.570    0
  42.3790        5.8620       1.58913  61.00    46.560    1
  96.9440        0.1700       1.00000  0.00     45.720    0
  29.6230        6.0930       1.71300  53.80    41.270    1
  53.1110        2.7210       1.00000  0.00     39.400    0
  54.8750        2.0000       1.76182  27.50    35.970    1
  20.3910        6.8740       1.00000  0.00     29.830    0
  stop           2.6200       1.00000  0.00     28.158    0
  87.0390        2.0000       1.77250  49.60    27.820    1
  27.3750        3.0510       1.74077  27.80    27.820    1
  39.7760        14.0860      1.00000  0.00     25.260    0
  -89.8100       2.0000       1.51633  64.10    21.960    1
  -240.0210      18.4380      1.00000  0.00     23.530    0
  59.1270        5.3120       1.53172  48.90    35.550    1
  -315.5530      45.0200      1.00000  0.00     35.550    0
