# Ricoh HD Pentax-DA 16-85mm F3.5-5.6ED DC WR
#
# Patent: JP2016-114800
# Converted from photonstophotos.net Optical Bench data
# 30 surfaces, 17 glass elements, f/3.6

name: Ricoh HD Pentax-DA 16-85mm F3.5-5.6ED DC WR
focal_length: 16.48

surfaces:
# radius       thickness    ior      abbe     semi_ap   coating
  345.1620       1.6000       1.84666  23.80    57.060    1
  87.6660        5.7880       1.77250  49.60    57.060    1
  840.6910       0.1500       1.00000  0.00     57.060    0
  60.1150        4.7970       1.80400  46.60    47.220    1
  155.1580       2.5230       1.00000  0.00     47.220    0
  54.9950        0.2000       1.52972  42.70    26.920    1
  48.1930        1.2500       1.88300  40.80    26.920    1
  12.4930        7.7320       1.00000  0.00     20.040    0
  -29.6680       1.2000       1.77250  49.60    18.940    1
  54.4850        0.4690       1.00000  0.00     18.940    0
  34.3640        4.2550       1.76182  26.50    18.500    1
  -43.0040       0.5790       1.00000  0.00     18.500    0
  -30.4850       1.2000       1.80400  46.60    18.060    1
  157.4730       3.0760       1.76182  26.50    18.060    1
  -65.0480       25.0300      1.00000  0.00     18.060    0
  stop           0.8000       1.00000  0.00     13.954    0
  30.4780        4.9500       1.51633  64.10    15.340    1
  -31.1340       0.1500       1.00000  0.00     15.340    0
  32.9390        4.3300       1.51633  64.10    15.560    1
  -23.6900       1.2000       1.79952  42.20    15.560    1
  -404.7290      2.2610       1.00000  0.00     15.560    0
  -28.2090       1.2000       1.74330  49.30    15.220    1
  587.5300       7.4510       1.00000  0.00     15.220    0
  30.6260        4.7870       1.49700  81.60    18.660    1
  -68.2420       0.1500       1.00000  0.00     18.660    0
  342.7770       2.4260       1.61800  63.40    19.360    1
  -83.3470       1.2000       1.88300  40.80    19.360    1
  33.3700        2.0100       1.00000  0.00     19.360    0
  117.6240       5.2260       1.53775  74.70    21.360    1
  -21.9760       38.9900      1.00000  0.00     21.360    0
