# Ricoh smc Pentax-A 200mm F4
#
# Patent: US004550987
# Converted from photonstophotos.net Optical Bench data
# 13 surfaces, 6 glass elements, f/4.0

name: Ricoh smc Pentax-A 200mm F4
focal_length: 195.00

surfaces:
# radius       thickness    ior      abbe     semi_ap   coating
  70.0170        6.1620       1.51633  64.10    50.660    1
  1448.8540      1.9700       1.00000  0.00     50.660    0
  -382.1200      2.2040       1.76182  26.60    50.800    1
  225.0360       0.0980       1.00000  0.00     50.800    0
  55.1750        5.6750       1.51633  64.10    50.380    1
  151.2600       45.0840      1.00000  0.00     50.380    0
  65.1590        2.8470       1.51633  64.10    30.460    1
  138.1630       2.1300       1.00000  0.00     30.460    0
  stop           18.6180      1.00000  0.00     25.894    0
  -34.9950       1.7940       1.74400  44.70    21.700    1
  57.7180        2.9450       1.00000  0.00     23.020    0
  68.2810        3.5490       1.64769  33.80    24.760    1
  -68.2810       63.3750      1.00000  0.00     24.760    0
