# Ricoh smc Pentax-FA J 75-300mm F4.5-5.8 AL
#
# Patent: US20030223122
# Converted from photonstophotos.net Optical Bench data
# 23 surfaces, 12 glass elements, f/4.6

name: Ricoh smc Pentax-FA J 75-300mm F4.5-5.8 AL
focal_length: 77.25

surfaces:
# radius       thickness    ior      abbe     semi_ap   coating
  73.9150        5.7600       1.51633  64.10    50.280    1
  532.1710       0.1000       1.00000  0.00     50.280    0
  89.3480        1.6000       1.80518  25.40    49.420    1
  54.3470        1.2300       1.00000  0.00     47.720    0
  67.1320        6.3700       1.51633  64.10    47.720    1
  -2630.8450     2.8500       1.00000  0.00     47.720    0
  -442.0850      1.2000       1.73400  51.50    24.970    1
  18.7130        4.7600       1.80518  25.40    24.970    1
  55.1490        2.7500       1.00000  0.00     24.970    0
  -52.0660       1.0000       1.80610  40.90    23.900    1
  187.7040       29.0500      1.00000  0.00     23.900    0
  stop           0.0000       1.00000  0.00     24.809    0
  34.3050        4.7500       1.48749  70.20    25.540    1
  -120.7450      0.1000       1.00000  0.00     25.540    0
  28.0150        5.2900       1.51633  64.10    25.020    1
  -135.7110      1.1000       1.80518  25.40    25.020    1
  55.0390        1.2300       1.00000  0.00     25.020    0
  65.7530        2.0000       1.52538  56.30    23.210    1
  80.1110        21.1200      1.00000  0.00     23.210    0
  47.9260        3.2000       1.64769  33.80    18.360    1
  -47.9260       4.6400       1.00000  0.00     18.360    0
  -25.0140       1.1000       1.80400  46.60    17.860    1
  252.9430       58.2900      1.00000  0.00     17.860    0
