# Ricoh smc Pentax-A 28-135mm F4
#
# Patent: US004523814
# Converted from photonstophotos.net Optical Bench data
# 34 surfaces, 18 glass elements, f/4.1

name: Ricoh smc Pentax-A 28-135mm F4
focal_length: 28.82

surfaces:
# radius       thickness    ior      abbe     semi_ap   coating
  377.3700       2.0000       1.80518  25.40    66.640    1
  69.1470        1.2000       1.00000  0.00     61.860    0
  70.1600        9.7700       1.72916  54.70    62.280    1
  -533.1850      0.1500       1.00000  0.00     60.920    0
  69.1200        5.3900       1.88300  40.80    54.760    1
  178.3520       1.1870       1.00000  0.00     53.000    0
  183.7980       1.2000       1.88300  40.80    30.320    1
  18.3720        5.7000       1.00000  0.00     25.540    0
  -116.4210      1.3000       1.83481  42.70    24.740    1
  57.6000        0.1000       1.00000  0.00     24.740    0
  27.9150        1.0000       1.80440  39.60    23.780    1
  21.0000        6.6100       1.75520  27.50    23.780    1
  -29.2100       1.0000       1.81554  44.40    23.780    1
  76.7000        17.9240      1.00000  0.00     21.600    0
  stop           0.7000       1.00000  0.00     14.004    0
  26.9460        2.0000       1.75520  27.50    24.040    1
  22.6060        2.0000       1.00000  0.00     23.220    0
  33.3060        3.3000       1.77250  49.60    25.000    1
  173.9520       17.8310      1.00000  0.00     25.000    0
  31.8000        4.5000       1.61800  63.40    25.920    1
  -289.3380      2.3600       1.00000  0.00     24.070    0
  -32.0000       1.2000       1.80518  25.40    24.070    1
  -195.0000      0.2000       1.00000  0.00     25.700    0
  34.0400        7.1200       1.67000  57.40    26.040    1
  -30.1340       2.0000       1.56873  63.10    26.040    1
  -96.9000       0.3000       1.00000  0.00     26.040    0
  165.1000       1.3000       1.88300  40.80    24.720    1
  25.0640        2.3000       1.00000  0.00     24.060    0
  37.9800        5.0800       1.48749  70.10    25.820    1
  -51.3000       0.2000       1.00000  0.00     25.820    0
  193.4850       5.0600       1.66680  33.00    25.820    1
  -36.3950       4.3200       1.00000  0.00     25.820    0
  -19.0800       1.3000       1.88300  40.80    24.940    1
  -56.4050       37.7500      1.00000  0.00     26.680    0
