# Ricoh smc Pentax 6x7 55mm f4
#
# Patent: US004660940
# Converted from photonstophotos.net Optical Bench data
# 16 surfaces, 8 glass elements, f/4.1

name: Ricoh smc Pentax 6x7 55mm f4
focal_length: 55.00

surfaces:
# radius       thickness    ior      abbe     semi_ap   coating
  1463.6000      4.4780       1.51633  64.10    64.840    1
  -319.5910      0.1950       1.00000  0.00     62.660    0
  76.4080        2.4340       1.67003  47.30    51.880    1
  24.4930        12.2170      1.00000  0.00     38.780    0
  -72.8840       1.9470       1.62004  36.30    38.780    1
  40.8860        7.0190       1.00000  0.00     38.360    0
  541.0140       5.1990       1.71736  29.50    39.180    1
  -79.0690       0.2920       1.00000  0.00     39.180    0
  39.2790        11.5840      1.65844  50.90    38.360    1
  -99.8190       20.6470      1.00000  0.00     35.900    0
  stop           0.0000       1.00000  0.00     19.559    0
  79.1060        5.4900       1.69680  55.50    20.600    1
  -19.2260       2.9600       1.83400  37.20    20.600    1
  49.1610        2.4340       1.00000  0.00     20.600    0
  0              3.2030       1.69680  55.50    22.100    1
  -35.8240       75.0000      1.00000  0.00     22.100    0
