# Ricoh smc Pentax-DA 17-70mm F4AL[IF] SDM
#
# Patent: US007804652
# Converted from photonstophotos.net Optical Bench data
# 32 surfaces, 19 glass elements, f/4.0

name: Ricoh smc Pentax-DA 17-70mm F4AL[IF] SDM
focal_length: 17.50

surfaces:
# radius       thickness    ior      abbe     semi_ap   coating
  285.0900       1.8000       1.84666  23.80    53.570    1
  96.2390        5.1900       1.71300  53.90    53.570    1
  3559.1610      0.1000       1.00000  0.00     53.570    0
  49.4930        5.4900       1.77250  49.60    48.600    1
  106.0280       3.1000       1.00000  0.00     48.600    0
  199.2170       0.1000       1.52700  43.70    26.220    1
  94.5240        1.2000       1.80400  46.60    26.220    1
  14.7030        5.4700       1.00000  0.00     20.200    0
  -91.7840       1.0000       1.80400  46.60    19.000    1
  40.3120        1.2700       1.00000  0.00     19.000    0
  -792.6050      0.9000       1.83400  37.20    18.020    1
  72.7940        0.1500       1.00000  0.00     18.020    0
  30.1910        6.4900       1.59270  35.30    17.480    1
  -30.1910       1.0400       1.00000  0.00     17.480    0
  -18.4110       1.0000       1.80400  46.60    16.280    1
  1216.0280      2.3000       1.78472  25.70    17.600    1
  -33.1300       16.9200      1.00000  0.00     17.600    0
  48.0290        3.6700       1.56732  42.80    19.550    1
  -29.7240       0.1000       1.00000  0.00     19.550    0
  32.4620        4.5300       1.58913  61.20    19.220    1
  -22.8570       1.0000       1.80518  25.40    19.220    1
  212.2450       1.4100       1.00000  0.00     19.220    0
  stop           2.5600       1.00000  0.00     10.260    0
  -31.4310       2.8000       1.84666  23.80    16.530    1
  -14.1230       1.0000       1.80400  46.60    16.530    1
  1587.5000      13.3900      1.00000  0.00     16.530    0
  43.9350        4.5600       1.48749  70.20    21.740    1
  -33.8980       0.1000       1.00000  0.00     21.740    0
  -7107.3170     0.1000       1.52972  42.70    23.160    1
  -206.3290      1.0000       1.80518  25.40    23.160    1
  35.4600        5.2300       1.48749  70.20    23.160    1
  -33.8990       39.0400      1.00000  0.00     23.160    0
