# Ricoh smc Pentax-Q 06 Telephoto Zoom 15-45mm F2.8
#
# Patent: US20150241657
# Converted from photonstophotos.net Optical Bench data
# 27 surfaces, 15 glass elements, f/2.9

name: Ricoh smc Pentax-Q 06 Telephoto Zoom 15-45mm F2.8
focal_length: 15.50

surfaces:
# radius       thickness    ior      abbe     semi_ap   coating
  45.5540        1.2000       1.80810  22.80    27.160    1
  31.4510        4.3000       1.49700  81.60    27.160    1
  -2061.9470     4.8000       1.00000  0.00     27.160    0
  31.4270        3.3000       1.48749  70.20    22.540    1
  390.0000       1.6500       1.00000  0.00     22.540    0
  -273.9770      1.0000       1.72916  54.70    10.320    1
  25.0160        1.0000       1.00000  0.00     10.320    0
  -24.8250       1.0000       1.72916  54.70    9.400     1
  14.0420        1.0000       1.00000  0.00     8.920     0
  13.8050        2.3000       1.84666  23.80    8.920     1
  106.1880       1.0000       1.77250  49.60    8.920     1
  20.8540        9.6700       1.00000  0.00     8.920     0
  stop           0.9000       1.00000  0.00     7.874     0
  60.9400        2.6000       1.69680  55.50    8.810     1
  -10.2460       1.0000       1.85026  32.30    8.810     1
  -23.2540       10.4800      1.00000  0.00     8.810     0
  19.4270        2.2000       1.69680  55.50    8.820     1
  85.0000        0.3000       1.00000  0.00     8.820     0
  9.0580         3.0000       1.49700  81.60    8.200     1
  74.9660        1.0000       1.72342  38.00    8.200     1
  8.9180         5.2000       1.00000  0.00     8.200     0
  20.7350        2.3000       1.60300  65.50    9.000     1
  -31.2280       2.5000       1.00000  0.00     9.000     0
  -9.8600        1.0000       1.56732  42.80    9.000     1
  -16.8410       9.2800       1.00000  0.00     9.180     0
  0              1.0500       1.51633  64.10    9.400     1
  0              0.5600       1.00000  0.00     9.400     0
