# Ricoh HD Pentax-D FA645 35mm F3.5AL[IF]
#
# Patent: US20010007512
# Converted from photonstophotos.net Optical Bench data
# 20 surfaces, 11 glass elements, f/3.6

name: Ricoh HD Pentax-D FA645 35mm F3.5AL[IF]
focal_length: 36.00

surfaces:
# radius       thickness    ior      abbe     semi_ap   coating
  53.0640        2.2000       1.77250  49.60    53.280    1
  23.1940        10.0160      1.00000  0.00     40.180    0
  59.5630        2.0000       1.72916  54.70    40.580    1
  24.1240        0.4000       1.52700  43.70    35.520    1
  20.3000        12.1070      1.00000  0.00     35.520    0
  53.7430        5.4850       1.75520  27.50    36.900    1
  -1193.3120     2.1370       1.00000  0.00     36.900    0
  -192.7770      11.0000      1.51742  52.40    36.220    1
  -24.2110       2.0000       1.80400  46.60    36.220    1
  -760.0910      0.1650       1.00000  0.00     36.220    0
  -440.5230      8.7390       1.51823  59.00    36.340    1
  -29.1200       11.2740      1.00000  0.00     36.340    0
  35.4380        5.2400       1.48749  70.20    24.740    1
  -61.2310       1.5000       1.84666  23.80    24.740    1
  -132.2450      9.4240       1.00000  0.00     24.740    0
  stop           12.3180      1.00000  0.00     20.912    0
  97.2650        1.4920       1.84666  23.80    20.540    1
  47.3780        0.9490       1.00000  0.00     20.540    0
  182.5350       2.7520       1.58636  60.90    22.080    1
  -97.1410       57.8000      1.00000  0.00     22.080    0
