# Ricoh smc Pentax-DA 16-50mm F2.8ED AL[IF] SD
#
# Patent: US007301711
# Converted from photonstophotos.net Optical Bench data
# 29 surfaces, 16 glass elements, f/2.9

name: Ricoh smc Pentax-DA 16-50mm F2.8ED AL[IF] SD
focal_length: 16.48

surfaces:
# radius       thickness    ior      abbe     semi_ap   coating
  228.8530       2.4000       1.84666  23.80    61.440    1
  90.9080        6.3600       1.71300  53.90    61.440    1
  868.1990       0.2000       1.00000  0.00     61.440    0
  66.9770        4.9500       1.77250  49.60    54.620    1
  143.5030       3.1000       1.00000  0.00     54.620    0
  69.6980        0.1000       1.52972  42.70    27.740    1
  50.7450        1.4500       1.83481  42.70    27.740    1
  13.7920        6.6800       1.00000  0.00     21.020    0
  -48.1890       1.2000       1.83481  42.70    19.900    1
  44.1280        0.3400       1.00000  0.00     19.900    0
  29.3940        6.7000       1.64769  33.80    18.500    1
  -39.7870       1.1400       1.00000  0.00     18.500    0
  -22.1860       1.2000       1.80400  46.60    18.160    1
  50.9620        3.5100       1.84666  23.80    19.620    1
  -50.9620       18.3600      1.00000  0.00     19.620    0
  stop           2.4000       1.00000  0.00     14.778    0
  55.7540        3.7100       1.49700  81.60    24.180    1
  -122.7330      0.2000       1.00000  0.00     24.180    0
  34.4020        6.4000       1.58636  60.90    24.460    1
  -67.7450       4.8200       1.00000  0.00     24.460    0
  -22.3390       1.2500       1.83400  37.20    23.780    1
  719.2080       5.3900       1.00000  0.00     23.780    0
  35.9990        8.1600       1.49700  81.60    26.920    1
  -35.9990       0.6200       1.00000  0.00     26.920    0
  1796.0440      1.2000       1.80518  25.40    26.920    1
  62.9470        4.6700       1.48749  70.20    26.920    1
  -62.9470       0.3000       1.00000  0.00     26.920    0
  -500.0000      4.7700       1.58636  60.90    27.320    1
  -65.0960       39.0000      1.00000  0.00     27.320    0
