# Ricoh smc Pentax-F 17-28mm F3.5-4.5 Fish-Eye
#
# Patent: US005724193
# Converted from photonstophotos.net Optical Bench data
# 17 surfaces, 9 glass elements, f/3.6

name: Ricoh smc Pentax-F 17-28mm F3.5-4.5 Fish-Eye
focal_length: 16.79

surfaces:
# radius       thickness    ior      abbe     semi_ap   coating
  114.3000       1.5000       1.77250  49.60    40.220    1
  13.8000        9.8600       1.00000  0.00     26.020    0
  -60.9000       1.5000       1.80400  46.60    25.360    1
  29.5920        0.1000       1.00000  0.00     23.620    0
  23.7070        9.9800       1.74950  35.30    23.280    1
  -17.2870       4.2200       1.80610  40.90    23.280    1
  -87.1670       16.6800      1.00000  0.00     23.280    0
  stop           0.7000       1.00000  0.00     13.445    0
  54.3000        2.4500       1.64769  33.80    13.800    1
  -54.3000       0.1000       1.00000  0.00     13.800    0
  22.9100        4.4800       1.48749  70.20    13.800    1
  -18.8100       6.5400       1.83400  37.20    13.800    1
  -43.6210       0.9600       1.00000  0.00     13.800    0
  666.3430       1.5000       1.80518  25.40    14.440    1
  22.3390        1.4000       1.00000  0.00     14.440    0
  520.6290       2.7700       1.65160  58.50    15.320    1
  -27.0900       40.1300      1.00000  0.00     15.320    0
