# Ricoh smc Pentax-FA 70-200mm F4-5.6
#
# Patent: US005061053
# Converted from photonstophotos.net Optical Bench data
# 19 surfaces, 10 glass elements, f/4.1

name: Ricoh smc Pentax-FA 70-200mm F4-5.6
focal_length: 72.00

surfaces:
# radius       thickness    ior      abbe     semi_ap   coating
  56.8210        2.5000       1.80518  25.40    43.620    1
  39.2260        2.0400       1.00000  0.00     43.620    0
  40.8900        9.3500       1.51633  64.10    43.180    1
  -194.2970      9.2500       1.00000  0.00     43.180    0
  -73.7450       1.5000       1.69680  55.50    23.140    1
  54.2820        2.3000       1.00000  0.00     23.140    0
  -60.8860       1.6000       1.69680  55.50    24.420    1
  30.0570        3.9000       1.80518  25.40    24.420    1
  409.3810       22.7800      1.00000  0.00     24.420    0
  stop           0.9000       1.00000  0.00     24.386    0
  65.9710        4.4600       1.51633  64.10    25.480    1
  -65.9710       0.1000       1.00000  0.00     25.480    0
  43.3330        5.5100       1.51633  64.10    25.410    1
  -43.3330       1.7000       1.80518  25.40    25.410    1
  -439.6120      33.7100      1.00000  0.00     25.410    0
  80.4090        4.5400       1.58267  46.40    27.820    1
  -195.0510      11.7800      1.00000  0.00     27.820    0
  -26.6790       1.7000       1.58913  61.20    28.460    1
  -80.8210       39.8500      1.00000  0.00     28.460    0
