# Ricoh smc Pentax-FA J 28-80mm F3.5-5.6 AL
#
# Patent: US20030218799
# Converted from photonstophotos.net Optical Bench data
# 18 surfaces, 8 glass elements, f/3.3

name: Ricoh smc Pentax-FA J 28-80mm F3.5-5.6 AL
focal_length: 29.00

surfaces:
# radius       thickness    ior      abbe     semi_ap   coating
  50.9640        1.2000       1.72342  38.00    39.510    1
  19.0920        5.4800       1.00000  0.00     32.320    0
  39.4110        1.0000       1.60311  60.70    33.470    1
  20.3390        4.1500       1.00000  0.00     30.560    0
  32.8310        4.1100       1.78472  25.70    30.340    1
  100.7060       0.2000       1.00000  0.00     30.340    0
  91.6000        1.8000       1.52538  56.30    33.050    1
  52.6970        31.9700      1.00000  0.00     33.050    0
  30.4880        2.9800       1.62299  58.20    19.060    1
  -1378.4140     0.1000       1.00000  0.00     19.060    0
  19.8950        3.3300       1.56883  56.30    18.440    1
  76.7610        1.5000       1.00000  0.00     18.440    0
  stop           1.3200       1.00000  0.00     16.944    0
  -153.4870      5.5800       1.71736  29.50    18.530    1
  15.6030        1.1500       1.00000  0.00     14.700    0
  29.7690        5.0000       1.51742  52.40    16.490    1
  -36.0950       0.5000       1.00000  0.00     16.490    0
  0              43.4700      1.00000  0.00     16.460    0
