# Ricoh HD Pentax-DA 18-50mm F4.0-5.6 DC WR RE
#
# Patent: JP2016-006455
# Converted from photonstophotos.net Optical Bench data
# 21 surfaces, 12 glass elements, f/4.0

name: Ricoh HD Pentax-DA 18-50mm F4.0-5.6 DC WR RE
focal_length: 18.50

surfaces:
# radius       thickness    ior      abbe     semi_ap   coating
  38.7250        1.3000       1.80400  46.60    33.800    1
  18.0920        12.1090      1.00000  0.00     28.140    0
  -214.9490      1.2000       1.49700  81.60    26.380    1
  21.1370        0.2000       1.52972  42.70    26.380    1
  17.0370        3.3450       1.00000  0.00     26.380    0
  32.3760        2.7400       1.80518  25.40    24.460    1
  77.5480        24.3160      1.00000  0.00     24.460    0
  66.2350        2.5770       1.61800  63.40    16.160    1
  -48.8440       0.1000       1.00000  0.00     16.160    0
  25.0200        3.5600       1.48749  70.20    14.760    1
  -29.2880       1.0000       1.84666  23.80    14.760    1
  -82.6580       2.2000       1.00000  0.00     14.760    0
  stop           1.5000       1.00000  0.00     10.836    0
  -63.2740       1.9950       1.80518  25.40    11.620    1
  -16.8910       1.0000       1.78800  47.40    11.620    1
  42.3310        15.4810      1.00000  0.00     11.620    0
  -730.0560      2.9440       1.61800  63.40    15.260    1
  -22.6800       0.1000       1.00000  0.00     15.260    0
  628.9480       5.4190       1.52249  59.80    17.360    1
  -14.6480       1.0000       1.80000  29.90    17.360    1
  -43.8320       37.9100      1.00000  0.00     17.360    0
