# Ricoh smc Pentax-DA 55mm F1.4 SDM
#
# Patent: US20100073777
# Converted from photonstophotos.net Optical Bench data
# 20 surfaces, 10 glass elements, f/1.4

name: Ricoh smc Pentax-DA 55mm F1.4 SDM
focal_length: 56.36

surfaces:
# radius       thickness    ior      abbe     semi_ap   coating
  50.9220        5.5000       1.77250  49.60    41.170    1
  328.3010       0.1000       1.00000  0.00     41.170    0
  29.2590        5.1600       1.80610  40.90    37.310    1
  50.4600        2.6600       1.00000  0.00     35.010    0
  63.6880        1.4100       1.69895  30.10    32.710    1
  19.2030        7.4900       1.00000  0.00     28.300    0
  stop           2.1900       1.00000  0.00     27.253    0
  -150.0000      2.0000       1.58144  40.70    27.550    1
  0              5.4900       1.00000  0.00     27.550    0
  -19.3100       1.5000       1.76182  26.50    26.660    1
  77.2970        9.4300       1.83400  37.20    34.280    1
  -28.6080       0.1000       1.00000  0.00     34.280    0
  -251.7250      3.2400       1.80610  40.90    34.350    1
  -64.0000       0.1000       1.00000  0.00     34.350    0
  104.0000       3.4200       1.59240  68.30    33.110    1
  -197.6850      1.0000       1.00000  0.00     33.110    0
  0              3.0000       1.48749  70.20    33.690    1
  -174.7500      37.4100      1.00000  0.00     33.690    0
  0              2.0000       1.51680  64.20    30.000    1
  0              0.0000       1.00000  0.00     30.000    0
