# Ricoh HD Pentax-D FA 28-105mm F3.5-5.6ED DC WR
#
# Patent: US20170068075
# Converted from photonstophotos.net Optical Bench data
# 28 surfaces, 16 glass elements, f/3.6

name: Ricoh HD Pentax-D FA 28-105mm F3.5-5.6ED DC WR
focal_length: 28.70

surfaces:
# radius       thickness    ior      abbe     semi_ap   coating
  1208.9600      1.9600       1.84666  23.80    49.440    1
  110.3060       5.0700       1.81600  46.60    49.560    1
  -518.6160      0.1000       1.00000  0.00     49.560    0
  49.6370        3.9100       1.81600  46.60    43.980    1
  79.4940        3.9780       1.00000  0.00     43.980    0
  81.7780        0.1500       1.52972  42.70    24.860    1
  64.2710        1.1000       1.88300  40.80    24.860    1
  14.6550        5.6900       1.00000  0.00     19.540    0
  -43.8440       0.8200       1.72916  54.70    18.840    1
  47.9890        0.4800       1.00000  0.00     18.840    0
  29.5160        4.7100       1.72825  28.50    18.440    1
  -29.4020       0.7100       1.00000  0.00     18.440    0
  -21.0690       0.8000       1.78800  47.40    18.020    1
  -58.8310       17.5160      1.00000  0.00     18.020    0
  stop           0.9100       1.00000  0.00     16.478    0
  31.2140        2.7500       1.69680  55.50    17.620    1
  -171.6800      0.1000       1.00000  0.00     17.620    0
  28.4460        1.0400       1.80000  29.90    17.480    1
  13.4430        5.4000       1.49700  81.60    17.480    1
  -100.8680      2.1500       1.00000  0.00     17.480    0
  -39.8300       0.8000       1.60311  60.70    15.440    1
  24.9920        1.7200       1.84666  23.80    15.440    1
  62.6160        9.4160       1.00000  0.00     15.440    0
  63.8370        6.0000       1.58913  61.20    22.120    1
  -25.7260       0.7700       1.00000  0.00     22.120    0
  -174.9660      1.0000       1.72047  34.70    23.360    1
  18.4370        5.7600       1.61800  63.40    23.360    1
  142.4960       43.8400      1.00000  0.00     23.360    0
