# Ricoh smc Pentax-FA 80-320mm F4-5.6
#
# Patent: US006052235
# Converted from photonstophotos.net Optical Bench data
# 24 surfaces, 13 glass elements, f/4.5

name: Ricoh smc Pentax-FA 80-320mm F4-5.6
focal_length: 82.43

surfaces:
# radius       thickness    ior      abbe     semi_ap   coating
  120.1700       6.3200       1.48749  70.20    57.380    1
  -624.9750      0.1500       1.00000  0.00     57.380    0
  98.5000        2.5000       1.80518  25.40    56.600    1
  65.0000        0.4100       1.00000  0.00     55.080    0
  68.5970        7.2200       1.48749  70.20    55.080    1
  413.3020       4.8700       1.00000  0.00     55.080    0
  -1590.0000     1.6000       1.75700  47.80    28.640    1
  19.9200        5.1800       1.84666  23.90    28.640    1
  55.7620        3.1500       1.00000  0.00     25.180    0
  -48.0940       1.4000       1.83481  42.70    25.180    1
  238.5730       24.2900      1.00000  0.00     26.460    0
  stop           0.6000       1.00000  0.00     25.644    0
  161.8800       3.4100       1.72000  43.70    28.280    1
  -81.8430       0.1000       1.00000  0.00     28.280    0
  41.1890        4.2700       1.48749  70.20    27.840    1
  -460.2530      6.9900       1.00000  0.00     27.840    0
  48.2800        4.9000       1.48749  70.20    25.320    1
  -48.2800       1.4000       1.80518  25.40    25.320    1
  77.0000        27.0000      1.00000  0.00     25.320    0
  76.7000        3.6600       1.51633  64.10    25.620    1
  -76.7000       17.7200      1.00000  0.00     25.620    0
  -26.9460       1.5000       1.77250  49.60    25.440    1
  50.8450        4.8700       1.78472  25.70    27.660    1
  -74.4200       38.9900      1.00000  0.00     27.660    0
