# Ricoh smc Pentax-M 135mm F3.5
#
# Patent: US004134645
# Converted from photonstophotos.net Optical Bench data
# 11 surfaces, 5 glass elements, f/3.5

name: Ricoh smc Pentax-M 135mm F3.5
focal_length: 135.00

surfaces:
# radius       thickness    ior      abbe     semi_ap   coating
  47.3990        5.6570       1.51633  64.10    40.620    1
  417.0020       2.4440       1.00000  0.00     40.620    0
  -176.7020      1.7960       1.78470  26.20    40.640    1
  163.1210       0.1080       1.00000  0.00     40.480    0
  28.2830        6.2240       1.51821  65.00    40.650    1
  66.8390        18.4040      1.00000  0.00     40.650    0
  stop           13.2400      1.00000  0.00     26.447    0
  36.0860        2.6060       1.72825  28.50    19.380    1
  64.1390        3.3480       1.00000  0.00     19.380    0
  -20.8710       1.2150       1.64000  60.20    18.060    1
  -70.4700       54.4100      1.00000  0.00     19.600    0
