# Ricoh smc Pentax-F 250-600mm F5.6 ED [IF]
#
# Patent: US004848883
# Converted from photonstophotos.net Optical Bench data
# 33 surfaces, 17 glass elements, f/5.6

name: Ricoh smc Pentax-F 250-600mm F5.6 ED [IF]
focal_length: 250.00

surfaces:
# radius       thickness    ior      abbe     semi_ap   coating
  142.8920       14.0000      1.48749  70.20    110.700   1
  889.7370       0.5000       1.00000  0.00     110.700   0
  321.8650       5.6000       1.68893  31.10    108.700   1
  155.6220       2.4000       1.00000  0.00     104.040   0
  137.7920       13.1000      1.49700  81.60    105.040   1
  2243.0610      67.9000      1.00000  0.00     105.040   0
  -282.6350      4.2000       1.77250  49.60    71.210    1
  140.3580       3.5000       1.00000  0.00     71.210    0
  216.5670       8.0000       1.68893  31.10    69.920    1
  -1022.2900     34.7800      1.00000  0.00     69.920    0
  -493.6850      6.8000       1.49700  81.60    67.360    1
  -152.6570      0.1000       1.00000  0.00     67.360    0
  96.2690        9.7000       1.49700  81.60    65.360    1
  3071.9990      2.1000       1.00000  0.00     65.360    0
  -340.3510      3.6000       1.68893  31.10    63.040    1
  3882.8680      4.0000       1.00000  0.00     63.040    0
  -5180.3270     5.4000       1.80518  25.40    42.360    1
  -64.2940       2.3000       1.69680  55.50    42.360    1
  74.4410        4.8000       1.00000  0.00     36.400    0
  -67.5810       2.1000       1.72916  54.70    36.400    1
  6659.1970      61.7800      1.00000  0.00     39.360    0
  155.9840       8.2000       1.48749  70.20    41.480    1
  -46.0780       2.4000       1.68893  31.10    41.480    1
  -89.4210       4.2800       1.00000  0.00     41.480    0
  66.6960        4.7000       1.49700  81.60    41.900    1
  167.3420       7.0000       1.00000  0.00     41.900    0
  stop           78.9200      1.00000  0.00     36.016    0
  78.1590        4.8000       1.61484  51.20    39.560    1
  -191.3550      8.0000       1.00000  0.00     39.560    0
  -62.5900       1.8000       1.79952  42.20    38.280    1
  63.5650        0.3000       1.00000  0.00     38.280    0
  55.2890        5.0000       1.62588  35.70    38.280    1
  2697.0220      87.3000      1.00000  0.00     38.280    0
