# Ricoh smc Pentax 6x7 Macro 100mm f4.0 with Life Size Converter
#
# Patent: US006002533
# Converted from photonstophotos.net Optical Bench data
# 17 surfaces, 9 glass elements, f/4.0

name: Ricoh smc Pentax 6x7 Macro 100mm f4.0 with Life Size Converter
focal_length: 100.00

surfaces:
# radius       thickness    ior      abbe     semi_ap   coating
  81.4000        8.2400       1.71299  53.90    43.910    1
  -462.0000      2.9800       1.00000  0.00     43.910    0
  -67.2700       2.7000       1.64769  33.80    42.160    1
  193.4400       3.1600       1.00000  0.00     42.160    0
  -87.6100       5.5000       1.83400  37.20    38.810    1
  -52.7540       1.0000       1.00000  0.00     38.810    0
  46.5000        4.4000       1.72000  43.70    36.370    1
  95.9000        0.2000       1.00000  0.00     36.370    0
  25.0640        4.8000       1.67790  55.30    29.450    1
  48.8000        2.8000       1.62004  36.30    29.450    1
  17.7500        9.3000       1.00000  0.00     21.760    0
  stop           4.0000       1.00000  0.00     18.822    0
  -83.4840       2.5000       1.74400  44.80    18.700    1
  -43.4690       3.4500       1.00000  0.00     20.430    0
  -28.5980       9.0000       1.74077  27.80    27.190    1
  -168.9700      10.0000      1.72000  43.70    35.600    1
  -33.1240       77.4000      1.00000  0.00     35.600    0
