# Ricoh smc Pentax-M 28mm F3.5
#
# Patent: US003955883
# Converted from photonstophotos.net Optical Bench data
# 13 surfaces, 6 glass elements, f/3.5

name: Ricoh smc Pentax-M 28mm F3.5
focal_length: 28.00

surfaces:
# radius       thickness    ior      abbe     semi_ap   coating
  75.9156        4.6450       1.62280  57.00    34.830    1
  1111.7322      0.0980       1.00000  0.00     34.830    0
  59.9012        3.7660       1.62041  60.30    28.490    1
  10.9673        12.8070      1.00000  0.00     18.920    0
  23.3730        11.5160      1.72000  43.70    14.840    1
  -28.0986       0.0000       1.00000  0.00     15.950    0
  stop           2.9570       1.00000  0.00     10.938    0
  -17.7464       1.1140       1.74077  27.80    11.950    1
  35.6902        1.0580       1.00000  0.00     15.480    0
  -71.8623       2.0220       1.62280  57.00    13.400    1
  -15.9737       0.0980       1.00000  0.00     13.680    0
  -591.5493      2.0610       1.62041  60.30    13.610    1
  -26.0439       36.4316      1.00000  0.00     14.320    0
