# Ricoh smc Pentax-DA 14mm F2.8ED[IF]
#
# Patent: US20050237627
# Converted from photonstophotos.net Optical Bench data
# 24 surfaces, 12 glass elements, f/2.9

name: Ricoh smc Pentax-DA 14mm F2.8ED[IF]
focal_length: 14.38

surfaces:
# radius       thickness    ior      abbe     semi_ap   coating
  275.0000       3.6200       1.69680  55.50    56.380    1
  3128.8000      0.1000       1.00000  0.00     56.380    0
  52.6470        2.0000       1.72916  54.70    42.620    1
  21.2500        5.6700       1.00000  0.00     33.120    0
  42.9040        1.7000       1.78590  44.20    32.780    1
  18.0000        7.9000       1.00000  0.00     27.660    0
  -213.9540      4.2500       1.84666  23.80    27.540    1
  -46.7380       4.4300       1.00000  0.00     27.540    0
  42.2270        8.1100       1.48749  70.20    22.520    1
  -18.8000       2.0000       1.69100  54.80    22.520    1
  -24.8460       0.1100       1.00000  0.00     22.520    0
  36.0850        1.0000       1.80400  46.60    14.760    1
  9.8960         2.5700       1.00000  0.00     12.580    0
  27.9720        4.0000       1.80518  25.40    11.820    1
  2221.2310      1.5200       1.00000  0.00     11.820    0
  -15.3500       5.9700       1.48749  70.20    11.350    1
  -14.7800       2.0000       1.00000  0.00     11.350    0
  stop           4.3500       1.00000  0.00     11.350    0
  -42.3000       5.0000       1.78472  25.70    12.800    1
  48.6510        0.3200       1.00000  0.00     12.800    0
  96.9000        4.6200       1.49700  81.60    14.440    1
  -15.1800       0.1000       1.00000  0.00     14.440    0
  83.6200        3.5900       1.48749  70.20    17.100    1
  -30.1340       36.9800      1.00000  0.00     17.100    0
