# Ricoh 26.1mm F2.8 (GR3x)
#
# Patent: US20220026670
# Converted from photonstophotos.net Optical Bench data
# 15 surfaces, 8 glass elements, f/2.9

name: Ricoh 26.1mm F2.8 (GR3x)
focal_length: 26.05

surfaces:
# radius       thickness    ior      abbe     semi_ap   coating
  9.2470         2.9100       1.85400  40.38    13.680    1
  24.9080        0.7000       1.78880  28.43    12.040    1
  7.3600         2.0100       1.00000  0.00     9.030     0
  -22.7690       0.7000       1.63980  34.47    9.030     1
  61.4960        0.1000       1.00000  0.00     9.660     0
  17.3950        2.3200       1.88300  40.76    9.200     1
  -113.6510      1.2000       1.00000  0.00     9.200     0
  stop           1.2000       1.00000  0.00     7.348     0
  24.5220        2.5700       1.75500  52.32    10.040    1
  -9.1390        0.6000       1.53172  48.84    10.040    1
  33.0440        1.1500       1.00000  0.00     10.250    0
  -18.0000       1.0000       1.90270  31.00    10.250    1
  -26.6760       14.3780      1.00000  0.00     11.920    0
  0              1.4000       1.51633  64.14    33.200    1
  0              0.7000       1.00000  0.00     33.200    0
