# Ricoh smc Pentax-A 35-105mm F3.5
#
# Patent: US004576443
# Converted from photonstophotos.net Optical Bench data
# 29 surfaces, 15 glass elements, f/3.6

name: Ricoh smc Pentax-A 35-105mm F3.5
focal_length: 36.10

surfaces:
# radius       thickness    ior      abbe     semi_ap   coating
  113.9450       2.5000       1.80518  25.40    56.730    1
  48.7390        8.8000       1.69680  55.50    51.490    1
  273.9130       0.1000       1.00000  0.00     51.490    0
  56.2710        5.9000       1.75700  47.90    47.370    1
  241.3050       1.2500       1.00000  0.00     47.370    0
  661.8000       1.7000       1.83481  42.70    31.120    1
  24.7900        2.1000       1.00000  0.00     25.580    0
  36.4800        1.5000       1.77250  49.60    24.900    1
  20.4160        4.9700       1.00000  0.00     22.930    0
  -47.4220       1.3000       1.72916  54.70    22.930    1
  68.2950        0.1500       1.00000  0.00     23.640    0
  37.2200        3.4000       1.80518  25.40    21.750    1
  -139.7020      18.2900      1.00000  0.00     21.750    0
  stop           1.3400       1.00000  0.00     17.276    0
  67.6220        2.7000       1.69680  55.50    22.630    1
  -431.3610      10.3800      1.00000  0.00     22.630    0
  21.4290        4.6000       1.80610  40.90    22.420    1
  201.5780       2.1300       1.00000  0.00     22.420    0
  -71.2660       1.3500       1.80518  25.40    21.990    1
  41.7980        1.8600       1.00000  0.00     19.440    0
  41.4550        1.2500       1.83400  37.20    21.940    1
  18.1560        6.0000       1.48749  70.10    19.540    1
  -55.8910       5.7600       1.00000  0.00     19.540    0
  -181.5340      4.2000       1.65128  38.30    22.810    1
  -23.2120       3.6100       1.00000  0.00     22.810    0
  -16.0470       1.5000       1.83400  37.20    23.490    1
  -56.2200       0.1000       1.00000  0.00     26.130    0
  186.0950       3.5000       1.65844  50.90    27.120    1
  -63.8440       38.3800      1.00000  0.00     27.120    0
