# Ricoh smc Pentax-A 400mm F2.8 ED [IF]
#
# Patent: US004545654
# Converted from photonstophotos.net Optical Bench data
# 17 surfaces, 8 glass elements, f/2.9

name: Ricoh smc Pentax-A 400mm F2.8 ED [IF]
focal_length: 389.00

surfaces:
# radius       thickness    ior      abbe     semi_ap   coating
  262.9720       19.2630      1.48749  70.10    142.440   1
  -545.7900      1.4900       1.00000  0.00     142.440   0
  157.2770       23.8770      1.49700  81.60    133.680   1
  -404.4010      2.1550       1.00000  0.00     128.680   0
  -376.1280      9.4250       1.74320  49.30    128.260   1
  122.8310       1.9840       1.00000  0.00     114.520   0
  116.3770       21.2470      1.49700  81.60    116.180   1
  -4558.7070     48.4660      1.00000  0.00     112.440   0
  -234.1940      5.7140       1.80610  40.90    90.360    1
  529.1060       21.1850      1.00000  0.00     90.360    0
  -468.3870      6.8460       1.72151  29.20    87.860    1
  -155.3040      46.2250      1.00000  0.00     87.860    0
  97.5150        6.4420       1.69350  53.20    68.260    1
  292.6520       24.5810      1.00000  0.00     68.260    0
  114.6620       4.4660       1.65844  50.90    48.680    1
  48.6060        5.8350       1.00000  0.00     43.230    0
  stop           111.5500     1.00000  0.00     39.070    0
