# Ricoh SMC Pentax 6x7 600mm f4
#
# Patent: US003502393
# Converted from photonstophotos.net Optical Bench data
# 12 surfaces, 6 glass elements, f/4.0

name: Ricoh SMC Pentax 6x7 600mm f4
focal_length: 600.00

surfaces:
# radius       thickness    ior      abbe     semi_ap   coating
  225.2820       21.0000      1.51633  64.10    150.380   1
  -2402.4540     9.0000       1.00000  0.00     150.380   0
  -468.1680      6.0000       1.76182  26.50    147.110   1
  1318.9680      9.0000       1.00000  0.00     147.110   0
  168.5460       19.2000      1.51276  59.76    144.350   1
  1047.4980      120.0000     1.00000  0.00     144.350   0
  1219.7640      12.0000      1.53256  46.00    88.160    1
  -481.1640      60.0000      1.00000  0.00     88.160    0
  stop           3.0000       1.00000  0.00     46.159    0
  -97.5000       7.2000       1.59270  35.80    47.040    1
  -59.1000       4.8000       1.67000  57.30    47.880    1
  -878.8140      173.8000     1.00000  0.00     47.880    0
