# Ricoh HD Pentax-D FA 21mmF2.4ED Limited DC WR
#
# Patent: JP2022-117775
# Converted from photonstophotos.net Optical Bench data
# 22 surfaces, 12 glass elements, f/2.5

name: Ricoh HD Pentax-D FA 21mmF2.4ED Limited DC WR
focal_length: 21.32

surfaces:
# radius       thickness    ior      abbe     semi_ap   coating
  33.9910        2.2000       2.00100  29.10    42.510    1
  19.1170        4.9100       1.00000  0.00     32.860    0
  19.0000        2.7000       1.58080  59.20    33.310    1
  10.5320        12.9320      1.00000  0.00     27.060    0
  114.3020       1.6500       1.49700  81.60    26.700    1
  33.3180        5.4100       1.91082  35.20    23.370    1
  -449.6040      3.2600       1.00000  0.00     23.370    0
  -45.2150       1.4500       1.49700  81.60    22.380    1
  -254.8120      2.6000       1.90043  37.40    20.140    1
  -46.0470       8.5100       1.00000  0.00     20.140    0
  stop           5.1250       1.00000  0.00     16.878    0
  -22.0250       4.8500       1.49700  81.60    17.190    1
  -12.4970       1.3000       1.81600  46.60    20.170    1
  -19.2270       0.1500       1.00000  0.00     21.280    0
  51.7920        6.6500       1.43875  95.00    23.390    1
  -23.0100       2.4100       1.00000  0.00     23.390    0
  -31.2900       1.2000       2.00100  29.10    22.500    1
  -181.1450      1.3500       1.00000  0.00     26.270    0
  117.3980       6.3500       1.49700  81.60    27.740    1
  -24.2370       38.3400      1.00000  0.00     27.740    0
  0              1.5000       1.51633  64.10    44.460    1
  0              1.0000       1.00000  0.00     44.460    0
