# Ricoh smc Pentax-F 70-210mm F4-5.6 ED
#
# Patent: US004871241
# Converted from photonstophotos.net Optical Bench data
# 23 surfaces, 13 glass elements, f/3.9

name: Ricoh smc Pentax-F 70-210mm F4-5.6 ED
focal_length: 72.30

surfaces:
# radius       thickness    ior      abbe     semi_ap   coating
  80.0800        4.5900       1.48749  70.20    43.640    1
  1080.0300      0.1000       1.00000  0.00     43.640    0
  85.0000        2.2000       1.80518  25.40    42.320    1
  53.5000        0.1500       1.00000  0.00     39.920    0
  55.5550        6.0300       1.49700  81.60    39.920    1
  -533.1850      2.0000       1.00000  0.00     39.600    0
  -146.2280      1.2800       1.77250  49.60    25.180    1
  38.4210        2.1100       1.80518  25.40    25.180    1
  68.5970        2.5600       1.00000  0.00     25.180    0
  -50.3100       1.2800       1.74320  49.30    25.400    1
  32.5350        3.8600       1.80518  25.40    25.400    1
  267.1230       21.3900      1.00000  0.00     25.400    0
  132.3210       3.6000       1.74320  49.30    27.580    1
  -62.8000       0.1000       1.00000  0.00     27.580    0
  31.7870        7.7600       1.48749  70.20    26.920    1
  -35.1900       1.2900       1.80518  25.40    26.920    1
  152.9910       2.3500       1.00000  0.00     25.620    0
  stop           14.7000      1.00000  0.00     23.625    0
  128.5470       3.7100       1.64769  33.80    23.720    1
  -47.6160       17.2900      1.00000  0.00     23.720    0
  -23.0000       1.2000       1.78590  44.20    22.500    1
  296.5030       3.0000       1.59270  35.30    24.680    1
  -60.9600       39.8800      1.00000  0.00     24.680    0
