# Ricoh HD Pentax-DA 20-40mm F2.8-4ED Limited DC WR
#
# Patent: US20160154223
# Converted from photonstophotos.net Optical Bench data
# 18 surfaces, 9 glass elements, f/2.9

name: Ricoh HD Pentax-DA 20-40mm F2.8-4ED Limited DC WR
focal_length: 20.60

surfaces:
# radius       thickness    ior      abbe     semi_ap   coating
  47.8670        1.5620       1.72916  54.70    33.650    1
  17.0970        6.0600       1.00000  0.00     27.430    0
  46.1210        3.2400       1.68900  52.80    27.070    1
  19.3260        8.7610       1.00000  0.00     24.880    0
  33.1880        3.6600       1.76182  26.50    25.370    1
  69.8290        27.1170      1.00000  0.00     24.470    0
  64.5140        3.0600       1.74320  49.30    21.690    1
  -175.1210      0.1000       1.00000  0.00     21.690    0
  30.9120        5.7530       1.49700  81.60    21.630    1
  -30.2740       1.3400       1.78800  47.40    21.630    1
  201.4090       2.9000       1.00000  0.00     21.630    0
  stop           1.6500       1.00000  0.00     16.819    0
  62.0590        1.9930       1.71700  47.90    20.560    1
  441.6460       5.1230       1.00000  0.00     20.560    0
  42.4550        1.4830       1.84666  23.80    18.640    1
  20.8990        1.2670       1.00000  0.00     17.030    0
  64.7490        3.1660       1.60300  65.50    17.030    1
  -37.9580       39.0000      1.00000  0.00     17.950    0
