# Ricoh smc Pentax-D FA Macro 50mm F2.8
#
# Patent: US004923292
# Converted from photonstophotos.net Optical Bench data
# 16 surfaces, 8 glass elements, f/2.8

name: Ricoh smc Pentax-D FA Macro 50mm F2.8
focal_length: 50.01

surfaces:
# radius       thickness    ior      abbe     semi_ap   coating
  61.7480        1.5000       1.62012  49.60    33.720    1
  28.6080        14.3400      1.00000  0.00     30.720    0
  26.5250        4.9400       1.69680  55.50    25.760    1
  197.6850       7.5700       1.00000  0.00     25.760    0
  18.4250        3.7900       1.59270  35.30    17.550    1
  13.5500        7.0000       1.00000  0.00     15.760    0
  stop           5.0600       1.00000  0.00     14.394    0
  -12.9470       1.3000       1.69895  30.10    14.860    1
  129.5760       5.0500       1.69680  55.50    19.600    1
  -17.8270       0.0500       1.00000  0.00     19.600    0
  67.3120        3.6800       1.79952  42.20    24.360    1
  -59.7700       0.6500       1.00000  0.00     24.360    0
  125.4740       1.3000       1.69350  53.20    26.380    1
  34.5600        3.7200       1.00000  0.00     26.380    0
  171.4230       3.0000       1.60323  42.30    26.880    1
  -90.0000       38.0200      1.00000  0.00     26.880    0
