# Ricoh HD Pentax-DA 70mm F2.4 Limited
#
# Patent: US007542219
# Converted from photonstophotos.net Optical Bench data
# 12 surfaces, 6 glass elements, f/2.5

name: Ricoh HD Pentax-DA 70mm F2.4 Limited
focal_length: 67.74

surfaces:
# radius       thickness    ior      abbe     semi_ap   coating
  29.4700        4.3900       1.69799  55.50    29.040    1
  112.7280       0.1700       1.00000  0.00     29.040    0
  19.1820        4.0800       1.68159  57.50    26.080    1
  33.8550        3.8000       1.00000  0.00     24.680    0
  40.3450        1.1500       1.79425  25.50    21.940    1
  13.2580        6.5610       1.00000  0.00     19.480    0
  stop           2.7790       1.00000  0.00     15.974    0
  -25.1210       1.0000       1.67648  44.00    17.860    1
  -91.1710       1.6000       1.54354  60.10    18.640    1
  -46.1710       2.3000       1.00000  0.00     18.640    0
  112.5570       2.4000       1.80100  35.00    19.540    1
  -49.5020       37.8000      1.00000  0.00     19.540    0
