# Ricoh HD Pentax-DA 55-300mm F4.5-6.3ED PLM WR RE
#
# Patent: US20170329112
# Converted from photonstophotos.net Optical Bench data
# 26 surfaces, 14 glass elements, f/4.6

name: Ricoh HD Pentax-DA 55-300mm F4.5-6.3ED PLM WR RE
focal_length: 56.50

surfaces:
# radius       thickness    ior      abbe     semi_ap   coating
  66.2230        5.9400       1.51633  64.14    45.440    1
  990.0330       0.1500       1.00000  0.00     45.440    0
  119.7400       1.7000       1.78590  44.20    44.120    1
  41.9130        8.2700       1.48749  70.24    44.120    1
  533.5750       2.3920       1.00000  0.00     44.120    0
  -200.8630      1.2000       1.79952  42.22    19.920    1
  20.5380        2.9600       1.84666  23.78    19.920    1
  77.3680        2.1010       1.00000  0.00     19.920    0
  -49.9380       1.1000       1.80400  46.58    19.640    1
  3743.5040      39.0490      1.00000  0.00     19.640    0
  74.2710        3.2200       1.72916  54.68    21.240    1
  -101.4600      0.2000       1.00000  0.00     21.240    0
  33.3280        4.9200       1.49700  81.55    21.120    1
  -58.6010       1.2000       1.80610  33.27    21.120    1
  97.6820        2.7000       1.00000  0.00     21.120    0
  stop           15.0260      1.00000  0.00     19.374    0
  78.4510        1.1000       1.80610  33.27    19.600    1
  30.4010        1.2420       1.00000  0.00     19.600    0
  67.4760        4.5400       1.58913  61.13    20.040    1
  -67.4760       0.2000       1.00000  0.00     20.040    0
  26.3560        3.7300       1.58313  59.37    20.640    1
  200.0930       3.0100       1.00000  0.00     20.640    0
  -225.0820      2.1100       1.78472  25.68    17.680    1
  -47.8380       1.9680       1.00000  0.00     17.680    0
  -44.7910       1.0000       1.69680  55.53    16.620    1
  29.8610        52.4740      1.00000  0.00     16.620    0
