# Ricoh smc Pentax-M 35mm F1.4
#
# Patent: US004143944
# Converted from photonstophotos.net Optical Bench data
# 19 surfaces, 10 glass elements, f/1.4

name: Ricoh smc Pentax-M 35mm F1.4
focal_length: 35.25

surfaces:
# radius       thickness    ior      abbe     semi_ap   coating
  41.6000        6.3500       1.74320  49.40    44.640    1
  125.8400       0.3000       1.00000  0.00     42.710    0
  73.3900        1.2100       1.51633  64.10    39.710    1
  16.9600        8.8600       1.00000  0.00     29.230    0
  90.6300        2.5500       1.51633  64.10    29.060    1
  25.2400        4.0300       1.00000  0.00     29.060    0
  36.1300        15.5300      1.80610  40.90    30.700    1
  -21.8200       3.0500       1.62588  35.70    30.700    1
  -275.7300      3.5500       1.00000  0.00     30.700    0
  stop           3.4000       1.00000  0.00     28.423    0
  -38.8500       4.3800       1.73400  51.50    28.330    1
  -24.0400       1.2100       1.80518  25.40    28.680    1
  104.1300       3.5300       1.00000  0.00     30.300    0
  -117.8400      4.3800       1.73400  51.50    31.990    1
  -33.8400       0.1000       1.00000  0.00     31.990    0
  -251.9300      4.0300       1.71300  53.90    32.610    1
  -42.4800       1.0100       1.00000  0.00     32.610    0
  155.8400       3.9100       1.75700  47.90    30.750    1
  -126.7900      37.9100      1.00000  0.00     31.320    0
