# Ricoh smc PENTAX-FA 600mm F4ED[IF]
#
# Patent: US004904070
# Converted from photonstophotos.net Optical Bench data
# 15 surfaces, 8 glass elements, f/4.0

name: Ricoh smc PENTAX-FA 600mm F4ED[IF]
focal_length: 600.00

surfaces:
# radius       thickness    ior      abbe     semi_ap   coating
  237.0780       24.7200      1.49700  81.60    150.120   1
  -367.5780      34.0800      1.00000  0.00     150.120   0
  -232.8000      6.1200       1.74320  49.30    132.120   1
  449.9160       1.0200       1.00000  0.00     132.120   0
  199.5420       20.2800      1.49700  81.60    132.600   1
  -446.5680      126.5400     1.00000  0.00     132.600   0
  89.7300        4.5600       1.69350  53.20    79.870    1
  52.9080        14.7600      1.48749  70.20    79.870    1
  226.0080       42.1800      1.00000  0.00     79.870    0
  -309010.3560   4.0200       1.78472  25.70    53.520    1
  -300.7080      3.0600       1.58913  61.20    53.520    1
  80.0700        56.0400      1.00000  0.00     53.520    0
  stop           12.0000      1.00000  0.00     36.336    0
  -166.4580      5.1000       1.59270  35.30    39.120    1
  -115.0980      133.7400     1.00000  0.00     39.120    0
