# Ricoh smc Pentax-F 100mm F2.8 Macro
#
# Patent: US004770516
# Converted from photonstophotos.net Optical Bench data
# 18 surfaces, 9 glass elements, f/2.8

name: Ricoh smc Pentax-F 100mm F2.8 Macro
focal_length: 100.12

surfaces:
# radius       thickness    ior      abbe     semi_ap   coating
  64.0000        4.4500       1.78590  44.20    36.920    1
  727.4160       3.2900       1.00000  0.00     36.920    0
  31.7470        5.1100       1.80610  40.90    33.420    1
  66.7620        2.0000       1.00000  0.00     31.060    0
  130.3200       1.5000       1.80518  25.40    30.380    1
  26.0470        5.4150       1.00000  0.00     27.840    0
  stop           5.4150       1.00000  0.00     26.183    0
  -24.9400       1.8000       1.68893  31.10    26.160    1
  -403.2190      5.2600       1.74400  44.70    28.660    1
  -34.0180       0.1500       1.00000  0.00     29.810    0
  244.6680       4.1500       1.72000  42.00    30.610    1
  -57.0000       2.5000       1.00000  0.00     30.610    0
  -1351.2970     3.3100       1.80518  25.40    27.920    1
  -68.5970       4.6500       1.00000  0.00     27.920    0
  -55.5550       1.5000       1.80610  40.90    27.320    1
  46.0350        11.4100      1.00000  0.00     27.320    0
  51.3870        5.5200       1.51633  64.10    36.440    1
  -370.0000      47.1600      1.00000  0.00     36.440    0
