# Ricoh Pentax-110 20-40mm F2.8
#
# Patent: US004412725
# Converted from photonstophotos.net Optical Bench data
# 17 surfaces, 8 glass elements, f/2.8

name: Ricoh Pentax-110 20-40mm F2.8
focal_length: 20.60

surfaces:
# radius       thickness    ior      abbe     semi_ap   coating
  40.7000        1.5300       1.80610  40.90    36.980    1
  23.3700        9.1000       1.00000  0.00     32.630    0
  -54.4900       1.3600       1.61800  63.40    32.300    1
  425.0000       0.1000       1.00000  0.00     32.300    0
  60.0780        2.4300       1.80518  25.40    31.340    1
  126.2300       31.2700      1.00000  0.00     31.340    0
  75.2100        2.9800       1.77250  49.60    25.560    1
  -122.0000      0.1000       1.00000  0.00     25.560    0
  19.1750        4.2600       1.72916  54.70    23.080    1
  50.5010        0.1000       1.00000  0.00     22.540    0
  22.5340        2.5300       1.61800  63.40    20.060    1
  37.0500        2.5300       1.00000  0.00     18.820    0
  -100.2460      2.5600       1.80518  25.40    16.760    1
  15.6000        4.1900       1.00000  0.00     13.200    0
  68.0000        2.5400       1.80610  40.90    12.500    1
  -29.3000       0.8300       1.00000  0.00     12.500    0
  stop           22.3900      1.00000  0.00     8.148     0
