# Ricoh smc Pentax-FA 28mm F2.8 Soft
#
# Patent: US005822132
# Converted from photonstophotos.net Optical Bench data
# 11 surfaces, 5 glass elements, f/2.9

name: Ricoh smc Pentax-FA 28mm F2.8 Soft
focal_length: 27.75

surfaces:
# radius       thickness    ior      abbe     semi_ap   coating
  374.9000       2.8900       1.58913  61.20    37.600    1
  -419.0100      0.1000       1.00000  0.00     37.600    0
  62.5500        2.3100       1.62041  60.30    31.210    1
  13.8000        19.3000      1.00000  0.00     23.630    0
  23.3800        10.6100      1.77250  49.60    19.560    1
  -47.1700       1.6100       1.00000  0.00     19.560    0
  stop           3.4100       1.00000  0.00     13.703    0
  -23.4800       1.9300       1.78470  26.20    13.730    1
  34.6600        0.6400       1.00000  0.00     13.090    0
  190.5200       3.0900       1.77250  49.60    13.090    1
  -17.8900       35.3100      1.00000  0.00     14.380    0
