# Ricoh smc Pentax-FA 20-35mm F4AL
#
# Patent: US006327098
# Converted from photonstophotos.net Optical Bench data
# 20 surfaces, 11 glass elements, f/4.0

name: Ricoh smc Pentax-FA 20-35mm F4AL
focal_length: 20.60

surfaces:
# radius       thickness    ior      abbe     semi_ap   coating
  54.9000        1.5000       1.77250  49.60    36.760    1
  17.9290        7.3000       1.00000  0.00     28.440    0
  71.7000        1.5000       1.80400  46.60    27.660    1
  24.6000        0.2800       1.53256  45.90    26.100    1
  19.5810        8.9300       1.00000  0.00     25.660    0
  37.3500        3.0500       1.84666  23.80    24.600    1
  84.3180        14.6510      1.00000  0.00     24.600    0
  56.4050        5.0000       1.51742  52.40    17.620    1
  -23.7070       1.5000       1.80400  46.60    17.620    1
  -59.1550       8.4850       1.00000  0.00     17.620    0
  stop           1.7000       1.00000  0.00     13.523    0
  0              2.7300       1.61772  49.80    17.970    1
  -33.2090       0.1000       1.00000  0.00     17.970    0
  24.4060        5.4000       1.48749  70.20    17.400    1
  -24.4060       1.5000       1.80610  40.90    17.400    1
  135.0000       8.3800       1.00000  0.00     17.400    0
  46.2380        2.0800       1.84666  23.80    14.180    1
  21.5000        1.7300       1.00000  0.00     14.180    0
  -139.0000      3.0000       1.58913  61.20    15.160    1
  -22.0030       36.9100      1.00000  0.00     15.160    0
