# Ricoh 18.3mm F2.8 (GR II)
#
# Patent: US20130321936
# Converted from photonstophotos.net Optical Bench data
# 15 surfaces, 8 glass elements, f/2.8

name: Ricoh 18.3mm F2.8 (GR II)
focal_length: 18.30

surfaces:
# radius       thickness    ior      abbe     semi_ap   coating
  816.1410       0.8000       1.49710  81.56    12.280    1
  13.6660        1.7900       1.00000  0.00     10.130    0
  -23.5430       0.8000       1.68893  31.16    10.130    1
  200.4250       0.2000       1.00000  0.00     10.440    0
  15.4160        0.8000       1.84666  23.78    9.680     1
  9.5130         2.3400       1.88300  40.80    9.480     1
  -34.1210       1.5000       1.00000  0.00     9.480     0
  stop           1.0000       1.00000  0.00     7.304     0
  14.6910        2.5900       1.88300  40.80    9.520     1
  -9.0870        0.8900       1.68893  31.16    9.520     1
  12.9170        1.7300       1.00000  0.00     9.190     0
  -12.4190       1.2000       1.82080  42.71    9.190     1
  -13.8320       12.7600      1.00000  0.00     10.800    0
  0              1.4000       1.51680  64.20    30.380    1
  0              0.5000       1.00000  0.00     30.380    0
