# Ricoh smc Pentax-FA 24-90mm F3.5-4.5 AL [IF]
#
# Patent: US006128140
# Converted from photonstophotos.net Optical Bench data
# 26 surfaces, 14 glass elements, f/3.7

name: Ricoh smc Pentax-FA 24-90mm F3.5-4.5 AL [IF]
focal_length: 24.91

surfaces:
# radius       thickness    ior      abbe     semi_ap   coating
  445.9200       1.8000       1.84666  23.80    53.860    1
  81.2240        5.7500       1.77250  49.60    48.620    1
  -2385.6740     0.1000       1.00000  0.00     48.620    0
  47.9740        4.7300       1.77250  49.60    41.820    1
  128.2520       2.4500       1.00000  0.00     41.820    0
  159.7500       0.3000       1.52630  51.10    29.610    1
  102.0000       1.3000       1.83481  42.70    29.610    1
  14.3720        5.7300       1.00000  0.00     20.570    0
  -40.9490       4.8500       1.51742  52.40    20.570    1
  -16.5700       1.2000       1.83481  42.70    22.060    1
  -234.0000      0.1100       1.00000  0.00     20.350    0
  52.9690        4.2300       1.84666  23.80    19.620    1
  -26.2500       0.2300       1.00000  0.00     19.620    0
  -23.4400       1.2000       1.80400  46.60    19.620    1
  -354.6000      15.2100      1.00000  0.00     18.620    0
  stop           1.2000       1.00000  0.00     14.825    0
  37.7800        4.5200       1.61800  63.40    20.870    1
  -46.6940       0.1000       1.00000  0.00     20.870    0
  21.7300        4.4000       1.48749  70.20    21.040    1
  600.0000       2.5000       1.00000  0.00     21.040    0
  -38.7540       1.2000       1.84666  23.80    18.190    1
  90.4670        7.1400       1.00000  0.00     18.190    0
  42.2270        5.0000       1.60311  60.70    18.360    1
  -24.1400       0.1000       1.00000  0.00     18.360    0
  -376.1470      2.0000       1.75041  45.40    19.950    1
  35.0000        39.7200      1.00000  0.00     19.150    0
