# Ricoh 18.3mm F2.5 (A12)
#
# Patent: JP2012-003015
# Converted from photonstophotos.net Optical Bench data
# 18 surfaces, 10 glass elements, f/2.6

name: Ricoh 18.3mm F2.5 (A12)
focal_length: 18.30

surfaces:
# radius       thickness    ior      abbe     semi_ap   coating
  23.7200        1.1000       1.65160  58.60    18.240    1
  9.5200         3.4000       1.00000  0.00     14.930    0
  59.0400        1.7000       1.80610  40.40    14.320    1
  -90.6100       1.1000       1.00000  0.00     14.320    0
  -18.0200       0.9000       1.61290  37.00    13.610    1
  13.3700        3.0000       1.83480  42.70    12.630    1
  -29.5800       2.2000       1.00000  0.00     12.630    0
  stop           4.4600       1.00000  0.00     9.002     0
  21.5500        4.3000       1.83480  42.70    14.740    1
  -13.3400       0.8000       1.57500  41.50    14.740    1
  31.5800        2.9000       1.00000  0.00     14.740    0
  -16.1600       0.8000       1.84670  23.80    17.650    1
  31.2500        3.9000       1.83480  42.70    17.650    1
  -19.6700       0.1000       1.00000  0.00     17.650    0
  -181.4600      2.0000       1.85400  40.40    19.210    1
  -41.8800       14.1000      1.00000  0.00     19.210    0
  0              2.5000       1.51680  64.20    30.260    1
  0              0.4500       1.00000  0.00     30.260    0
