# Ricoh smc Pentax-FA 100-300mm F4-5.6
#
# Patent: US005347399
# Converted from photonstophotos.net Optical Bench data
# 23 surfaces, 12 glass elements, f/4.6

name: Ricoh smc Pentax-FA 100-300mm F4-5.6
focal_length: 103.01

surfaces:
# radius       thickness    ior      abbe     semi_ap   coating
  102.9420       5.7500       1.56907  71.30    54.760    1
  -2238.3180     0.2000       1.00000  0.00     54.760    0
  95.4900        10.3100      1.43875  95.00    51.900    1
  -102.7200      0.9800       1.00000  0.00     51.900    0
  -102.8020      2.4000       1.84666  23.90    50.120    1
  -207.6680      2.3000       1.00000  0.00     50.120    0
  453.0000       5.1000       1.80518  25.40    33.600    1
  -44.8500       1.5000       1.69680  55.50    33.600    1
  51.5550        4.5000       1.00000  0.00     29.560    0
  -48.2800       1.5000       1.77250  49.60    29.560    1
  237.7740       42.4500      1.00000  0.00     30.740    0
  97.9450        3.9000       1.64850  53.00    32.220    1
  -112.9530      0.2000       1.00000  0.00     32.220    0
  39.4430        7.3300       1.49700  81.60    31.260    1
  -90.7190       0.0900       1.00000  0.00     31.260    0
  -91.0540       1.5000       1.84666  23.90    31.260    1
  374.7140       14.7000      1.00000  0.00     31.260    0
  stop           34.3300      1.00000  0.00     23.653    0
  47.7300        3.1700       1.51742  52.40    21.990    1
  -2275.0000     1.8000       1.00000  0.00     21.990    0
  -34.1060       1.5000       1.80610  40.90    24.880    1
  34.1060        4.7400       1.78472  25.70    24.880    1
  -211.4640      47.0000      1.00000  0.00     24.880    0
