# Ricoh smc Pentax-F 28mm F2.8
#
# Patent: US004468100
# Converted from photonstophotos.net Optical Bench data
# 15 surfaces, 7 glass elements, f/2.8

name: Ricoh smc Pentax-F 28mm F2.8
focal_length: 28.78

surfaces:
# radius       thickness    ior      abbe     semi_ap   coating
  38.0000        1.4000       1.58913  61.00    31.400    1
  16.6140        6.4600       1.00000  0.00     25.940    0
  34.0000        1.3000       1.51633  64.10    24.500    1
  14.8500        7.1700       1.00000  0.00     21.710    0
  25.6740        4.5000       1.70000  48.10    19.120    1
  -151.3270      4.2200       1.00000  0.00     19.120    0
  stop           0.4000       1.00000  0.00     15.171    0
  94.8600        4.7500       1.65844  50.90    16.580    1
  -28.0900       4.0000       1.00000  0.00     16.580    0
  -17.9290       3.3300       1.76182  26.60    15.190    1
  48.2800        1.1900       1.00000  0.00     13.640    0
  -33.5520       2.4000       1.69350  53.20    13.640    1
  -16.1600       0.1000       1.00000  0.00     16.470    0
  -1141.7320     2.5000       1.69350  53.20    19.680    1
  -30.5000       36.7900      1.00000  0.00     19.680    0
