# Ricoh smc Pentax-FA 24mm F2 AL [IF]
#
# Patent: US004934797
# Converted from photonstophotos.net Optical Bench data
# 22 surfaces, 12 glass elements, f/2.0

name: Ricoh smc Pentax-FA 24mm F2 AL [IF]
focal_length: 24.48

surfaces:
# radius       thickness    ior      abbe     semi_ap   coating
  207.9350       3.2800       1.69680  55.50    50.500    1
  1589.6150      0.1000       1.00000  0.00     50.500    0
  65.1100        1.7500       1.78590  44.20    41.960    1
  21.0070        7.4100       1.00000  0.00     32.980    0
  182.6860       3.1000       1.74950  35.30    33.780    1
  -185.1340      4.0000       1.00000  0.00     33.780    0
  68.4570        1.3000       1.69680  25.40    25.400    1
  21.0470        8.7900       1.00000  0.00     21.480    0
  33.2380        8.9800       1.80518  25.40    22.160    1
  -99.7960       1.0000       1.00000  0.00     22.160    0
  stop           1.5900       1.00000  0.00     20.444    0
  -136.9920      1.6000       1.74000  28.30    21.660    1
  15.5180        8.4600       1.80440  39.60    21.660    1
  -29.6700       2.7400       1.00000  0.00     21.660    0
  -27.9430       0.1000       1.52010  50.80    17.810    1
  -27.9430       2.0000       1.78472  25.70    17.810    1
  49.0380        3.2600       1.00000  0.00     17.810    0
  -66.6260       1.5000       1.80518  25.40    22.160    1
  461.8570       5.4700       1.77250  49.60    24.900    1
  -27.2440       0.1000       1.00000  0.00     24.900    0
  -79.1320       4.9400       1.61800  63.40    27.960    1
  -24.3560       36.6200      1.00000  0.00     27.960    0
