# Ricoh Pentax-110 50mm F2.8
#
# Patent: US004289385
# Converted from photonstophotos.net Optical Bench data
# 11 surfaces, 5 glass elements, f/2.8

name: Ricoh Pentax-110 50mm F2.8
focal_length: 50.00

surfaces:
# radius       thickness    ior      abbe     semi_ap   coating
  22.8680        5.4270       1.60311  60.70    29.580    1
  105.4500       0.6450       1.00000  0.00     27.570    0
  16.6930        7.9360       1.51633  64.10    23.140    1
  38.5130        1.5780       1.00000  0.00     16.700    0
  1696.3280      2.7960       1.80518  25.40    15.220    1
  11.4590        4.9500       1.00000  0.00     12.130    0
  -16.6960       1.6770       1.74077  27.80    9.720     1
  -14.9480       1.1610       1.00000  0.00     10.260    0
  21.7750        1.6170       1.66446  35.80    9.990     1
  119.0410       3.3890       1.00000  0.00     10.120    0
  stop           20.0100      1.00000  0.00     7.408     0
