# Ricoh smc Pentax-M 35-70mm F2.8-3.5
#
# Patent: US004074931
# Converted from photonstophotos.net Optical Bench data
# 15 surfaces, 7 glass elements, f/2.8

name: Ricoh smc Pentax-M 35-70mm F2.8-3.5
focal_length: 36.00

surfaces:
# radius       thickness    ior      abbe     semi_ap   coating
  61.4980        1.9800       1.81600  46.80    48.480    1
  28.2920        10.1900      1.00000  0.00     40.280    0
  -115.8960      1.4000       1.69680  56.50    40.280    1
  77.9250        3.3000       1.00000  0.00     42.530    0
  54.5800        5.0100       1.77551  37.80    41.100    1
  -1879.3500     45.9890      1.00000  0.00     41.100    0
  54.2000        4.9900       1.69680  56.50    34.580    1
  -159.2220      1.0000       1.00000  0.00     34.580    0
  stop           1.0000       1.00000  0.00     24.752    0
  35.3350        6.4900       1.81600  46.80    32.410    1
  81.1540        2.6000       1.00000  0.00     29.970    0
  -131.4350      13.2400      1.80518  25.40    29.650    1
  26.4910        4.1900       1.00000  0.00     25.020    0
  99.3290        3.8000       1.75700  47.90    25.020    1
  -48.1290       44.8400      1.00000  0.00     25.020    0
