# Ricoh smc Pentax-FA 35mm F2 AL
#
# Patent: US006384987
# Converted from photonstophotos.net Optical Bench data
# 12 surfaces, 6 glass elements, f/2.1

name: Ricoh smc Pentax-FA 35mm F2 AL
focal_length: 35.00

surfaces:
# radius       thickness    ior      abbe     semi_ap   coating
  150.1640       1.5000       1.52249  59.80    34.760    1
  18.7540        15.0840      1.00000  0.00     28.740    0
  28.7850        8.5000       1.77250  49.60    26.200    1
  -28.7850       1.4000       1.62004  36.30    26.200    1
  -351.5520      6.4360       1.00000  0.00     26.200    0
  stop           7.0220       1.00000  0.00     19.947    0
  -17.9540       1.3000       1.72825  28.50    18.960    1
  89.7510        0.2520       1.00000  0.00     19.300    0
  144.3360       4.6260       1.80400  46.60    19.480    1
  -26.3160       0.1000       1.00000  0.00     20.180    0
  -85.3070       3.1870       1.66910  55.40    22.100    1
  -27.7900       37.3900      1.00000  0.00     22.100    0
