# Ricoh smc Pentax-F 35-80mm F4-5.6
#
# Patent: US005546232
# Converted from photonstophotos.net Optical Bench data
# 14 surfaces, 7 glass elements, f/3.9

name: Ricoh smc Pentax-F 35-80mm F4-5.6
focal_length: 35.96

surfaces:
# radius       thickness    ior      abbe     semi_ap   coating
  39.5400        1.6500       1.77250  49.60    27.620    1
  16.8660        6.5100       1.00000  0.00     22.240    0
  -103.9320      1.6000       1.80610  40.90    22.440    1
  -518.9600      0.1000       1.00000  0.00     22.440    0
  22.5980        2.7700       1.80518  25.40    21.260    1
  31.3450        27.9900      1.00000  0.00     21.260    0
  stop           1.2000       1.00000  0.00     16.144    0
  47.9040        3.2100       1.69680  55.50    16.460    1
  -47.9040       0.1000       1.00000  0.00     16.460    0
  15.4470        4.8100       1.51633  64.10    15.760    1
  -43.1090       5.6100       1.83400  37.20    15.760    1
  15.1500        3.6800       1.00000  0.00     13.680    0
  -67.8640       2.4400       1.58267  46.40    14.540    1
  -25.4490       42.6000      1.00000  0.00     14.540    0
