# Ricoh HD Pentax-DA 21mm F3.2 Limited
#
# Patent: US007411746
# Converted from photonstophotos.net Optical Bench data
# 15 surfaces, 9 glass elements, f/3.3

name: Ricoh HD Pentax-DA 21mm F3.2 Limited
focal_length: 21.60

surfaces:
# radius       thickness    ior      abbe     semi_ap   coating
  32.4860        3.6200       1.69680  55.50    23.300    1
  113.2380       0.1000       1.00000  0.00     23.300    0
  20.9020        1.1000       1.80400  46.60    17.560    1
  8.1780         6.7500       1.00000  0.00     13.440    0
  36.5610        1.2400       1.77250  49.60    10.580    1
  8.1780         5.6700       1.69895  30.10    10.580    1
  6403.3410      2.0000       1.00000  0.00     10.580    0
  stop           2.0000       1.00000  0.00     8.928     0
  -20.0130       2.5900       1.72916  54.70    9.460     1
  -8.6000        1.0000       1.74077  27.80    11.060    1
  0              2.3700       1.62299  58.20    11.200    1
  -19.1420       0.1000       1.00000  0.00     11.200    0
  -65.1190       0.1000       1.52972  42.70    12.460    1
  -69.5480       2.6800       1.77250  49.60    12.460    1
  -14.8860       36.7000      1.00000  0.00     12.460    0
