# Rodenstock Grandagon-N 65mm f5.6
#
# Patent: DE02444954
# Converted from photonstophotos.net Optical Bench data
# 13 surfaces, 8 glass elements, f/4.5

name: Rodenstock Grandagon-N 65mm f5.6
focal_length: 65.00

surfaces:
# radius       thickness    ior      abbe     semi_ap   coating
  65.8800        4.7500       1.46620  65.56    47.000    1
  16.4900        8.5500       1.00000  0.00     29.500    0
  26.2300        10.9500      1.67760  31.97    29.600    1
  14.9600        9.9000       1.62510  52.86    17.500    1
  -14.5400       0.6500       1.56290  46.88    17.500    1
  118.8500       1.6500       1.00000  0.00     15.750    0
  stop           0.3600       1.00000  0.00     15.536    0
  292.1600       0.7500       1.58550  59.19    15.600    1
  13.0500        9.5500       1.61130  58.65    16.000    1
  -10.9400       8.1000       1.67000  48.13    16.000    1
  -22.9600       8.0000       1.00000  0.00     26.500    0
  -16.7900       2.7500       1.48910  70.22    28.300    1
  -83.5400       45.0600      1.00000  0.00     40.750    0
