# Rodenstock Apo-Sironar-W 150mm f5.6
#
# Patent: DE03907928
# Converted from photonstophotos.net Optical Bench data
# 13 surfaces, 7 glass elements, f/5.6

name: Rodenstock Apo-Sironar-W 150mm f5.6
focal_length: 148.70

surfaces:
# radius       thickness    ior      abbe     semi_ap   coating
  32.6600        5.0000       1.49000  70.40    51.110    1
  39.2400        0.1000       1.00000  0.00     48.460    0
  32.9000        9.2000       1.60000  65.40    45.600    1
  169.0900       2.1000       1.55000  44.30    38.650    1
  19.9500        2.9100       1.00000  0.00     29.690    0
  36.1300        2.4500       1.52000  69.70    27.970    1
  52.5200        8.6000       1.00000  0.00     25.340    0
  stop           7.4500       1.00000  0.00     20.527    0
  -163.7100      2.3500       1.46000  65.80    26.340    1
  -52.7100       1.9200       1.00000  0.00     26.340    0
  -26.1300       2.4000       1.65000  39.60    26.340    1
  -136.2600      9.5500       1.64000  55.40    34.690    1
  -28.1800       123.5100     1.00000  0.00     40.510    0
