# Rodenstock Grandagon-N 75mm f6.8
#
# Patent: DE02635415
# Converted from photonstophotos.net Optical Bench data
# 11 surfaces, 6 glass elements, f/6.8

name: Rodenstock Grandagon-N 75mm f6.8
focal_length: 75.00

surfaces:
# radius       thickness    ior      abbe     semi_ap   coating
  76.6350        2.4680       1.52460  59.22    42.950    1
  17.5950        10.0280      1.00000  0.00     31.540    0
  19.6730        10.9430      1.73430  28.47    25.110    1
  9.8250         8.8130       1.62690  46.71    11.745    1
  61.5300        0.9600       1.00000  0.00     11.745    0
  stop           1.0050       1.00000  0.00     11.299    0
  127.2680       7.8530       1.65410  38.86    11.205    1
  -10.5530       8.8950       1.72730  29.02    13.890    1
  -24.4050       10.0280      1.00000  0.00     24.180    0
  -20.6100       2.0030       1.52460  59.22    32.170    1
  -134.8130      51.5900      1.00000  0.00     40.390    0
