# Rodenstock Grandagon-N 90mm f5.6
#
# Patent: DE02444954
# Converted from photonstophotos.net Optical Bench data
# 13 surfaces, 8 glass elements, f/4.5

name: Rodenstock Grandagon-N 90mm f5.6
focal_length: 90.00

surfaces:
# radius       thickness    ior      abbe     semi_ap   coating
  91.7300        6.6500       1.46620  65.56    65.350    1
  22.9600        11.9000      1.00000  0.00     41.150    0
  36.5200        15.2500      1.67760  31.97    41.250    1
  20.8200        13.8000      1.62510  52.86    24.400    1
  -20.2400       1.0000       1.56290  46.88    24.400    1
  164.8900       2.1000       1.00000  0.00     23.400    0
  stop           0.6500       1.00000  0.00     21.511    0
  405.3300       1.0000       1.58550  59.19    21.550    1
  18.1700        13.3000      1.61130  58.65    22.000    1
  -15.2300       11.2500      1.67000  48.13    22.000    1
  -31.9700       11.1500      1.00000  0.00     37.000    0
  -23.3700       3.8500       1.48910  70.22    39.500    1
  -116.3100      62.7700      1.00000  0.00     56.600    0
