# Rodenstock Sironar-N 100mm f/5.6
#
# Patent: DE02729831
# Converted from photonstophotos.net Optical Bench data
# 11 surfaces, 6 glass elements, f/5.6

name: Rodenstock Sironar-N 100mm f/5.6
focal_length: 100.00

surfaces:
# radius       thickness    ior      abbe     semi_ap   coating
  18.8000        6.0800       1.60550  60.45    23.790    1
  0              1.2300       1.55420  49.31    21.500    1
  14.1500        1.0900       1.00000  0.00     16.400    0
  22.7500        1.5000       1.51870  63.96    15.000    1
  33.7900        5.7900       1.00000  0.00     14.810    0
  stop           4.6800       1.00000  0.00     14.283    0
  -44.4200       1.4200       1.51870  63.96    13.800    1
  -27.6300       1.0900       1.00000  0.00     14.190    0
  -15.5900       1.9800       1.55420  49.31    16.840    1
  0              4.8500       1.60550  60.45    22.120    1
  -19.2800       83.1100      1.00000  0.00     23.180    0
