# US 3,300,267 Example 1
#
# Patent: US003300267
# Converted from photonstophotos.net Optical Bench data
# 12 surfaces, 7 glass elements, f/0.8

name: US 3,300,267 Example 1
focal_length: 100.00

surfaces:
# radius       thickness    ior      abbe     semi_ap   coating
  206.0000       14.5000      1.69400  54.60    137.060   1
  8390.0000      0.2000       1.00000  0.00     137.060   0
  98.9500        36.4000      1.67250  44.70    126.180   1
  -165.4000      2.4300       1.73430  28.40    126.180   1
  130.0000       0.2000       1.00000  0.00     110.820   0
  52.4000        30.7000      1.69400  54.60    92.580    1
  71.7000        14.5000      1.73430  28.40    67.400    1
  24.1900        13.4200      1.00000  0.00     41.380    0
  stop           0.0000       1.00000  0.00     39.659    0
  57.5000        5.4400       1.62410  36.10    45.220    1
  21.7000        30.0000      1.79220  50.20    39.140    1
  0              7.1200       1.00000  0.00     34.300    0
