# Rodenstock Grandagon-N 75mm f5.6
#
# Patent: DE02444954
# Converted from photonstophotos.net Optical Bench data
# 13 surfaces, 8 glass elements, f/4.5

name: Rodenstock Grandagon-N 75mm f5.6
focal_length: 75.00

surfaces:
# radius       thickness    ior      abbe     semi_ap   coating
  75.8000        5.5000       1.46620  65.56    53.800    1
  18.9700        9.8500       1.00000  0.00     33.900    0
  30.1800        12.6000      1.67760  31.97    34.000    1
  17.2200        11.4000      1.62510  52.86    20.250    1
  -16.7300       0.8500       1.56290  46.88    20.250    1
  136.7500       1.7500       1.00000  0.00     18.200    0
  stop           0.5000       1.00000  0.00     17.941    0
  334.9700       0.8500       1.58550  59.19    18.000    1
  15.0200        11.0000      1.61130  58.65    18.300    1
  -12.5900       9.3000       1.67000  48.13    18.300    1
  -26.4200       9.2000       1.00000  0.00     30.500    0
  -19.3200       3.2000       1.48910  70.22    32.700    1
  -96.1200       51.7800      1.00000  0.00     47.000    0
