# Samsung 60mm F2.8 Macro ED SSA OIS
#
# Patent: US008203795
# Converted from photonstophotos.net Optical Bench data
# 24 surfaces, 13 glass elements, f/2.9

name: Samsung 60mm F2.8 Macro ED SSA OIS
focal_length: 59.30

surfaces:
# radius       thickness    ior      abbe     semi_ap   coating
  61.5580        1.1000       1.84666  23.80    27.540    1
  24.2980        6.0000       1.61780  63.40    27.540    1
  -177.5890      0.1000       1.00000  0.00     27.540    0
  29.0640        3.8500       1.73968  49.00    22.720    1
  965.8670       2.0000       1.00000  0.00     22.720    0
  0              1.0000       1.56883  56.00    19.700    1
  18.0940        3.2200       1.00000  0.00     17.980    0
  -70.1180       1.0000       1.51680  64.20    17.980    1
  17.6230        2.9000       1.84666  23.80    19.200    1
  31.2540        10.9400      1.00000  0.00     17.520    0
  45.7690        1.3900       1.84666  23.80    17.920    1
  68.0300        0.9800       1.00000  0.00     17.920    0
  134.2850       1.7800       1.49700  81.60    19.200    1
  -134.2850      1.5000       1.00000  0.00     19.200    0
  stop           22.0052      1.00000  0.00     17.219    0
  -244.2310      1.0000       1.84666  23.80    25.580    1
  37.4270        5.2200       1.69680  55.50    25.580    1
  -47.2000       0.1000       1.00000  0.00     25.580    0
  54.9360        3.6000       1.77250  49.60    24.620    1
  -295.6830      11.7148      1.00000  0.00     24.620    0
  -72.2170       1.5000       1.48749  70.40    23.680    1
  72.2170        19.3000      1.00000  0.00     23.680    0
  0              2.8000       1.51680  64.20    28.360    1
  0              1.0000       1.00000  0.00     28.360    0
