# Samsung 30mm F2
#
# Patent: US20100149663
# Converted from photonstophotos.net Optical Bench data
# 11 surfaces, 5 glass elements, f/2.1

name: Samsung 30mm F2
focal_length: 30.76

surfaces:
# radius       thickness    ior      abbe     semi_ap   coating
  12.8750        3.3400       1.69680  55.50    16.420    1
  35.4000        0.2900       1.00000  0.00     14.460    0
  13.8300        1.8500       1.68384  31.60    13.400    1
  8.9460         4.2500       1.00000  0.00     11.650    0
  stop           5.4000       1.00000  0.00     10.560    0
  -8.3000        0.6500       1.78472  25.70    10.300    1
  -53.5900       0.2200       1.00000  0.00     13.260    0
  -37.4700       3.6200       1.80420  46.50    13.260    1
  -11.7630       0.1200       1.00000  0.00     15.660    0
  206.3000       3.5000       1.88300  40.80    20.670    1
  -26.5200       21.3500      1.00000  0.00     20.670    0
