# Samsung 20-50mm F3.5-5.6 ED II
#
# Patent: US20120057246
# Converted from photonstophotos.net Optical Bench data
# 20 surfaces, 10 glass elements, f/3.5

name: Samsung 20-50mm F3.5-5.6 ED II
focal_length: 20.59

surfaces:
# radius       thickness    ior      abbe     semi_ap   coating
  43.9630        1.2000       1.74330  49.20    26.300    1
  14.4140        5.9200       1.00000  0.00     21.900    0
  -113.8290      1.2000       1.65844  50.90    21.200    1
  44.9300        0.2200       1.00000  0.00     21.200    0
  25.4850        2.3600       1.92286  20.90    20.640    1
  52.0440        20.3890      1.00000  0.00     19.800    0
  31.3910        2.3900       1.48749  70.40    12.040    1
  -29.9620       0.4000       1.00000  0.00     12.040    0
  16.3600        3.3600       1.70154  41.10    11.760    1
  -43.7200       0.6700       1.84666  23.80    11.760    1
  27.1170        2.1000       1.00000  0.00     10.250    0
  stop           2.8920       1.00000  0.00     9.614     0
  -34.0620       0.9000       1.49700  81.60    9.040     1
  34.0620        6.1570       1.00000  0.00     9.040     0
  40.4980        3.5000       1.58913  61.10    13.980    1
  -20.6460       1.7500       1.00000  0.00     13.980    0
  -21.8290       1.6000       1.60342  38.00    15.380    1
  -50.8870       21.6770      1.00000  0.00     15.380    0
  0              2.0000       1.51680  64.20    28.660    1
  0              1.0000       1.00000  0.00     28.660    0
