# Samsung 45mm F1.8
#
# Patent: US20130314588
# Converted from photonstophotos.net Optical Bench data
# 16 surfaces, 8 glass elements, f/1.8

name: Samsung 45mm F1.8
focal_length: 46.33

surfaces:
# radius       thickness    ior      abbe     semi_ap   coating
  27.8070        1.3000       1.87387  28.70    25.720    1
  16.1740        5.4900       1.71390  53.20    25.720    1
  60.5060        0.1000       1.00000  0.00     25.720    0
  33.3900        2.8700       1.79824  45.10    22.920    1
  94.5710        2.9900       1.00000  0.00     22.920    0
  -156.3400      1.2000       1.61799  63.40    20.960    1
  22.4560        6.8100       1.00000  0.00     20.960    0
  stop           12.8800      1.00000  0.00     19.541    0
  34.7500        4.4100       1.83481  42.70    21.240    1
  -44.6870       0.5000       1.00000  0.00     21.240    0
  33.6600        2.9400       1.83481  42.70    20.760    1
  287.1830       1.3400       1.00000  0.00     20.020    0
  -43.6490       1.2000       1.76495  24.90    20.020    1
  24.2400        21.4800      1.00000  0.00     20.020    0
  0              2.8000       1.51679  64.20    28.480    1
  0              0.1200       1.00000  0.00     28.480    0
