# Samsung 50-200mm F4-5.6 ED OIS III
#
# Patent: US20110157719
# Converted from photonstophotos.net Optical Bench data
# 33 surfaces, 18 glass elements, f/4.1

name: Samsung 50-200mm F4-5.6 ED OIS III
focal_length: 51.91

surfaces:
# radius       thickness    ior      abbe     semi_ap   coating
  682.7270       1.3000       1.80518  25.50    44.700    1
  190.6590       3.9000       1.48749  70.40    44.700    1
  -178.2080      0.1000       1.00000  0.00     44.700    0
  67.5420        3.7100       1.49700  81.60    44.180    1
  222.1570       3.9980       1.00000  0.00     44.180    0
  -195.9460      1.2000       1.83481  42.70    22.500    1
  25.9050        1.4400       1.00000  0.00     19.280    0
  27.1460        2.6800       1.84666  23.80    21.460    1
  67.9210        4.3700       1.00000  0.00     21.460    0
  -52.3680       1.2000       1.88300  40.80    21.380    1
  57.3680        2.2300       1.84666  23.80    22.340    1
  -630.2800      21.8010      1.00000  0.00     22.340    0
  58.6420        2.8300       1.83400  37.30    24.960    1
  -87.1160       0.1000       1.00000  0.00     24.960    0
  24.3250        3.2700       1.49700  81.60    23.740    1
  116.2440       3.1800       1.00000  0.00     23.740    0
  23.5870        3.7800       1.48749  70.40    20.060    1
  -50.1810       1.0000       1.84666  23.80    20.060    1
  23.2630        2.7400       1.00000  0.00     15.800    0
  stop           8.6300       1.00000  0.00     14.612    0
  158.9680       3.6700       1.74950  35.00    17.000    1
  -12.3300       0.8000       1.83400  37.30    17.000    1
  -38.0460       1.6960       1.00000  0.00     17.000    0
  -30.4230       1.6000       1.69895  30.10    17.320    1
  -18.5890       2.8200       1.00000  0.00     17.320    0
  -17.9010       0.8000       1.83481  42.70    15.140    1
  -92.8020       14.8260      1.00000  0.00     16.880    0
  -20.7900       1.2000       1.61800  63.40    20.920    1
  -57.3610       0.1000       1.00000  0.00     23.660    0
  403.3590       2.5300       1.80610  33.30    25.740    1
  -53.2080       17.6560      1.00000  0.00     25.740    0
  0              2.8000       1.51680  64.20    32.500    1
  0              0.5300       1.00000  0.00     32.500    0
