# US 8,233,223 Example 1
#
# Patent: US008233223
# Converted from photonstophotos.net Optical Bench data
# 25 surfaces, 14 glass elements, f/2.9

name: US 8,233,223 Example 1
focal_length: 292.16

surfaces:
# radius       thickness    ior      abbe     semi_ap   coating
  112.6400       20.2600      1.49700  81.60    102.400   1
  -675.5300      0.5000       1.00000  0.00     102.400   0
  125.5380       10.8100      1.49700  81.60    93.600    1
  400.9660       4.0200       1.00000  0.00     93.600    0
  -1054.0000     4.6000       1.80610  40.70    92.900    1
  346.2220       30.7100      1.00000  0.00     92.900    0
  85.2400        3.5000       1.74400  44.90    69.600    1
  44.1070        15.6400      1.49700  81.60    68.500    1
  197.3730       19.7900      1.00000  0.00     68.500    0
  213.9770       4.2400       1.80518  25.70    48.200    1
  -213.9770      2.3000       1.88300  40.80    48.200    1
  72.3660        36.5100      1.00000  0.00     43.200    0
  stop           8.5000       1.00000  0.00     34.730    0
  106.4200       5.1000       1.84666  23.80    34.700    1
  -67.3800       1.7800       1.69895  30.10    34.700    1
  54.5000        6.6000       1.00000  0.00     30.600    0
  -89.4810       1.8000       1.48749  70.40    30.900    1
  92.0810        5.0000       1.00000  0.00     30.900    0
  117.1730       7.8000       1.83400  37.30    39.300    1
  -44.4180       1.8000       1.84666  23.80    39.300    1
  -233.2920      2.3200       1.00000  0.00     39.300    0
  69.9940        6.5000       1.48749  70.40    38.200    1
  546.7480       5.0000       1.00000  0.00     38.200    0
  0              2.0000       1.51680  64.20    39.400    1
  0              72.5800      1.00000  0.00     39.400    0
