# Samsung 18-55mm F3.5-5.6 OIS III
#
# Patent: US20110149118
# Converted from photonstophotos.net Optical Bench data
# 24 surfaces, 13 glass elements

name: Samsung 18-55mm F3.5-5.6 OIS III
focal_length: 18.55

surfaces:
# radius       thickness    ior      abbe     semi_ap   coating
  52.4090        2.0000       1.84666  23.78    42.400    1
  35.3370        6.5000       1.69680  55.46    39.780    1
  312.4000       0.8610       1.00000  0.00     39.780    0
  79.2750        1.2500       1.71300  53.94    28.000    1
  10.9460        7.1000       1.00000  0.00     19.000    0
  -61.4070       2.1000       1.69680  55.46    19.000    1
  23.8840        0.2700       1.00000  0.00     19.000    0
  18.0000        3.8000       1.80518  25.46    19.160    1
  63.2860        15.3350      1.00000  0.00     19.160    0
  37.7840        2.0000       1.60311  60.69    12.700    1
  -45.7940       4.1960       1.00000  0.00     12.700    0
  stop           0.1000       1.00000  0.00     11.300    0
  13.5110        3.3500       1.48749  70.44    12.180    1
  -37.9080       0.7000       1.84666  23.78    12.180    1
  95.5330        3.8400       1.00000  0.00     12.180    0
  -306.7450      1.7500       1.70154  41.15    10.600    1
  -18.1780       0.5500       1.63854  55.45    10.600    1
  38.5550        4.5300       1.00000  0.00     10.600    0
  30.7170        3.2500       1.58313  59.46    14.640    1
  -27.8310       1.5100       1.00000  0.00     14.640    0
  -23.2300       1.8000       1.80611  40.73    14.640    1
  -84.9870       20.9630      1.00000  0.00     16.040    0
  0              2.2400       1.51633  64.14    32.260    1
  0              0.1300       1.00000  0.00     32.260    0
