# Samsung 10mm F3.5 Fisheye
#
# Patent: US20130235467
# Converted from photonstophotos.net Optical Bench data
# 15 surfaces, 8 glass elements, f/3.6

name: Samsung 10mm F3.5 Fisheye
focal_length: 10.33

surfaces:
# radius       thickness    ior      abbe     semi_ap   coating
  31.2310        1.0000       1.61800  63.40    26.420    1
  8.0000         4.6000       1.00000  0.00     14.260    0
  15.6010        0.6000       1.72916  54.70    13.480    1
  5.8960         2.0700       1.00000  0.00     9.460     0
  11.0440        3.3600       1.67270  32.20    9.120     1
  -6.5590        0.7000       1.80450  39.60    9.120     1
  37.7810        2.0000       1.00000  0.00     9.120     0
  stop           2.0000       1.00000  0.00     5.808     0
  54.4730        3.5000       1.58913  61.10    10.340    1
  -8.7030        1.2100       1.00000  0.00     10.340    0
  -107.3120      3.5000       1.59349  67.00    12.080    1
  -7.6000        1.4000       1.84666  23.80    12.080    1
  -15.7430       21.7600      1.00000  0.00     14.700    0
  0              2.0000       1.51680  64.20    29.820    1
  0              0.5000       1.00000  0.00     29.820    0
