# Samsung 12-24mm F4-5.6 ED
#
# Patent: US20130235465
# Converted from photonstophotos.net Optical Bench data
# 19 surfaces, 10 glass elements, f/4.1

name: Samsung 12-24mm F4-5.6 ED
focal_length: 12.36

surfaces:
# radius       thickness    ior      abbe     semi_ap   coating
  35.5370        3.0000       1.83481  42.70    36.080    1
  12.6830        8.1100       1.00000  0.00     22.760    0
  3231.8060      1.7000       1.77250  49.60    24.180    1
  14.8050        4.5000       1.00000  0.00     22.200    0
  33.6420        3.2100       1.84666  23.80    22.960    1
  374.1220       14.2440      1.00000  0.00     22.960    0
  26.1770        1.0000       1.84666  23.80    18.280    1
  15.7160        4.0000       1.60342  38.00    17.280    1
  -230.0850      12.6680      1.00000  0.00     17.280    0
  stop           2.5000       1.00000  0.00     9.243     0
  14.2890        3.0000       1.49700  81.60    11.600    1
  304.4430       2.5500       1.00000  0.00     11.600    0
  19.0220        2.4000       1.48749  70.40    10.840    1
  -33.5610       1.2000       1.00000  0.00     10.840    0
  -20.8910       1.2000       1.88300  40.80    10.820    1
  14.5280        6.5000       1.48749  70.40    10.820    1
  -15.1860       1.0000       1.00000  0.00     13.440    0
  -22.5680       1.5000       1.77250  49.60    13.160    1
  -38.0340       21.6300      1.00000  0.00     14.680    0
