# Samsung 16mm F2.4
#
# Patent: US20130057972
# Converted from photonstophotos.net Optical Bench data
# 16 surfaces, 8 glass elements, f/2.5

name: Samsung 16mm F2.4
focal_length: 16.12

surfaces:
# radius       thickness    ior      abbe     semi_ap   coating
  19.9400        1.3000       1.48749  70.40    18.580    1
  8.3840         2.6300       1.00000  0.00     13.900    0
  15.2540        1.2000       1.58313  59.00    13.900    1
  8.0780         2.1400       1.00000  0.00     11.460    0
  30.4860        1.2000       1.64769  33.80    11.400    1
  11.3910        2.7500       1.83400  37.30    11.400    1
  82.8680        3.6200       1.00000  0.00     11.400    0
  stop           3.7600       1.00000  0.00     9.489     0
  27.3290        3.1000       1.75500  52.30    11.860    1
  -18.1090       2.3400       1.00000  0.00     11.860    0
  -29.0510       0.9000       1.84666  23.80    12.900    1
  29.0510        0.6700       1.00000  0.00     13.500    0
  102.3940       2.8400       1.75501  51.20    14.720    1
  -16.7830       19.1200      1.00000  0.00     14.720    0
  0              2.9200       1.51680  64.20    28.640    1
  0              0.5200       1.00000  0.00     28.640    0
