# Samsung 20mm F2.8
#
# Patent: US20120056976
# Converted from photonstophotos.net Optical Bench data
# 15 surfaces, 8 glass elements, f/2.9

name: Samsung 20mm F2.8
focal_length: 20.26

surfaces:
# radius       thickness    ior      abbe     semi_ap   coating
  14.2800        1.3000       1.74330  49.20    14.660    1
  7.8190         3.8200       1.00000  0.00     11.630    0
  -22.5000       0.8000       1.51823  59.00    12.020    1
  16.2000        2.6700       1.88300  40.80    12.020    1
  -49.0300       2.3900       1.00000  0.00     12.020    0
  stop           4.0500       1.00000  0.00     8.990     0
  24.1000        4.4000       1.80420  46.50    11.220    1
  -9.6000        1.0000       1.69895  30.10    11.220    1
  25.1700        1.7400       1.00000  0.00     12.180    0
  -105.0000      2.7400       1.68997  53.00    14.260    1
  -16.4000       22.5390      1.00000  0.00     14.260    0
  0              1.1200       1.51680  64.20    28.700    1
  0              0.5000       1.00000  0.00     28.700    0
  0              0.7000       1.51680  64.20    29.090    1
  0              0.4600       1.00000  0.00     29.090    0
