# Samyang AF 85mm F1.4 FE/F/RF
#
# Patent: WO2021-085655
# Converted from photonstophotos.net Optical Bench data
# 22 surfaces, 12 glass elements, f/1.5

name: Samyang AF 85mm F1.4 FE/F/RF
focal_length: 84.00

surfaces:
# radius       thickness    ior      abbe     semi_ap   coating
  58.9300        7.6700       2.00069  25.46    58.790    1
  235.0510       1.2320       1.00000  0.00     55.590    0
  40.2110        10.3950      1.49700  81.61    51.130    1
  0              1.9000       1.84666  23.78    51.130    1
  29.8460        3.6370       1.00000  0.00     39.910    0
  35.9050        6.8620       1.77250  49.62    41.380    1
  225.0770       1.9437       1.00000  0.00     38.580    0
  656.3330       1.0000       1.71300  53.94    38.580    1
  31.9300        9.9188       1.00000  0.00     34.380    0
  stop           4.1970       1.00000  0.00     32.194    0
  541.6890       1.9000       1.75520  27.53    33.140    1
  19.2230        10.4470      1.71300  53.94    31.620    1
  -94.8860       2.3310       1.00000  0.00     31.620    0
  -44.1710       1.5000       1.75520  27.53    31.620    1
  33.9150        6.3660       1.92286  20.88    32.180    1
  -167.0370      4.4280       1.00000  0.00     32.180    0
  145.8930       4.5890       2.00100  29.13    32.140    1
  -65.7550       16.4740      1.00000  0.00     32.140    0
  -36.3440       1.5000       1.94595  17.98    32.760    1
  -64.1190       14.6780      1.00000  0.00     35.420    0
  0              2.5000       1.51680  64.20    51.340    1
  0              0.5000       1.00000  0.00     51.340    0
