# Samyang AF 50mm F1.4 FE
#
# Patent: KR1020150147546
# Converted from photonstophotos.net Optical Bench data
# 20 surfaces, 10 glass elements, f/1.4

name: Samyang AF 50mm F1.4 FE
focal_length: 51.04

surfaces:
# radius       thickness    ior      abbe     semi_ap   coating
  206.7780       2.0000       1.64769  33.84    52.320    1
  37.9270        0.2000       1.00000  0.00     47.000    0
  36.1170        10.5000      2.00069  25.46    47.280    1
  0              0.1000       1.00000  0.00     47.280    0
  59.6250        3.0000       1.68400  31.30    39.500    1
  25.0940        10.7810      1.00000  0.00     32.940    0
  -39.1740       2.0000       1.72825  28.32    32.660    1
  29.5830        12.4500      1.69680  55.46    39.080    1
  -48.4310       0.1000       1.00000  0.00     39.080    0
  50.0000        7.4000       1.88300  40.80    39.040    1
  -131.8950      0.6000       1.00000  0.00     39.040    0
  stop           2.0018       1.00000  0.00     36.321    0
  38.0000        2.5000       1.68400  31.30    34.070    1
  18.1330        18.3278      1.00000  0.00     30.100    0
  65.2260        7.5000       1.68970  52.70    32.940    1
  -36.6320       7.5390       1.00000  0.00     32.940    0
  -123.0300      1.5000       1.56883  56.04    32.920    1
  50.0000        19.5000      1.00000  0.00     32.920    0
  0              2.5000       1.51680  64.20    43.640    1
  0              1.0216       1.00000  0.00     43.640    0
