# Samyang AF 35-150mm F2-2.8 L
#
# Patent: US20250231383
# Converted from photonstophotos.net Optical Bench data
# 43 surfaces, 23 glass elements, f/2.1

name: Samyang AF 35-150mm F2-2.8 L
focal_length: 35.99

surfaces:
# radius       thickness    ior      abbe     semi_ap   coating
  107.9050       2.3000       1.80610  33.27    67.180    1
  69.3500        8.9800       1.49700  81.61    64.600    1
  714.6440       0.3000       1.00000  0.00     64.600    0
  72.0550        7.4500       1.49700  81.61    61.100    1
  408.2250       1.2000       1.00000  0.00     61.100    0
  107.5720       0.1000       1.51700  52.00    43.590    1
  84.7040        1.0000       1.77250  49.62    43.590    1
  25.1930        9.3560       1.00000  0.00     34.500    0
  -62.1580       1.0000       1.49700  81.61    34.500    1
  51.2550        0.1000       1.00000  0.00     33.390    0
  44.2120        3.4300       1.80610  33.27    32.660    1
  85.1140        9.0370       1.00000  0.00     32.660    0
  81.2280        3.7200       1.71740  29.50    31.420    1
  -302.6020      4.1300       1.00000  0.00     31.100    0
  -29.2100       1.0000       1.59350  67.33    31.100    1
  -185.8080      0.1000       1.00000  0.00     33.880    0
  369.4470       2.9300       1.80610  33.27    35.130    1
  -231.5470      23.9150      1.00000  0.00     35.130    0
  stop           1.7000       1.00000  0.00     34.696    0
  42.1360        3.5100       1.92290  20.88    38.910    1
  60.3780        0.1000       1.00000  0.00     37.480    0
  45.2660        7.6900       1.51820  58.96    38.300    1
  -123.1600      0.1650       1.00000  0.00     38.300    0
  40.6760        3.6500       1.49700  81.61    35.080    1
  65.2910        0.5000       1.00000  0.00     33.260    0
  39.1350        8.4000       1.49700  81.61    32.660    1
  -45.7610       1.0000       2.00100  29.13    32.660    1
  18.6540        6.6900       1.61800  63.39    29.400    1
  61.8250        1.0180       1.00000  0.00     26.640    0
  31.8620        6.4300       1.80760  40.88    29.610    1
  -67.6690       3.3730       1.00000  0.00     29.610    0
  500.0000       1.0000       1.59270  35.45    27.030    1
  28.0580        10.0670      1.00000  0.00     24.450    0
  132.3450       6.0200       1.86970  20.02    31.200    1
  -45.6900       0.1030       1.00000  0.00     31.200    0
  -265.0280      3.8900       1.92290  20.88    32.160    1
  55.0630        1.4810       1.00000  0.00     28.380    0
  166.7140       3.2500       1.80810  22.76    32.360    1
  -166.7140      5.3640       1.00000  0.00     30.590    0
  -25.9460       1.9000       1.58480  58.71    30.590    1
  -83.2370       12.6020      1.00000  0.00     33.880    0
  0              2.5000       1.51680  64.20    60.920    1
  0              0.5031       1.00000  0.00     60.920    0
