# Samyang AF 24mm F1.8 FE
#
# Patent: US20240151940
# Converted from photonstophotos.net Optical Bench data
# 22 surfaces, 12 glass elements, f/1.9

name: Samyang AF 24mm F1.8 FE
focal_length: 24.80

surfaces:
# radius       thickness    ior      abbe     semi_ap   coating
  45.4560        1.0000       1.69680  55.46    37.940    1
  16.1030        16.9580      1.00000  0.00     29.000    0
  -28.5970       1.3000       1.84666  23.78    26.270    1
  62.6160        6.6000       1.83481  42.72    30.330    1
  -31.7240       0.3110       1.00000  0.00     30.330    0
  35.3740        4.4800       2.00100  29.13    27.520    1
  -390.2180      3.5680       1.00000  0.00     27.520    0
  -55.4770       4.8100       1.49700  81.61    25.510    1
  -18.4190       1.0000       1.60342  38.01    25.510    1
  -29.7440       1.1000       1.00000  0.00     25.510    0
  stop           10.5620      1.00000  0.00     21.287    0
  -9.3260        1.4000       1.68863  31.19    17.850    1
  -11.8590       0.1000       1.00000  0.00     21.150    0
  185.0160       7.0000       1.59349  67.00    22.410    1
  -16.3950       1.0000       1.00000  0.00     24.340    0
  -391.1400      1.6000       1.68863  31.19    26.670    1
  28.6330        1.7710       1.00000  0.00     24.690    0
  916.8550       6.1300       1.49700  81.61    24.690    1
  -20.8320       1.0000       1.58144  40.89    26.670    1
  -149.5210      13.8480      1.00000  0.00     29.160    0
  0              2.5000       1.51680  64.20    49.800    1
  0              0.5000       1.00000  0.00     49.800    0
