# Samyang AF 18mm F2.8 FE
#
# Patent: WO2021-246545
# Converted from photonstophotos.net Optical Bench data
# 20 surfaces, 10 glass elements, f/2.9

name: Samyang AF 18mm F2.8 FE
focal_length: 18.54

surfaces:
# radius       thickness    ior      abbe     semi_ap   coating
  25.8990        2.1000       1.92286  20.88    27.430    1
  10.8100        4.9980       1.00000  0.00     19.660    0
  61.2080        1.8100       1.51423  63.70    19.580    1
  21.7090        3.3140       1.00000  0.00     17.750    0
  -123.3150      0.8000       1.49700  81.61    19.380    1
  22.1340        4.0100       2.00100  29.13    19.380    1
  -60.5820       3.8470       1.00000  0.00     19.380    0
  -40.2600       4.7000       1.49700  81.61    13.590    1
  -15.7560       1.4440       1.00000  0.00     13.590    0
  stop           4.6660       1.00000  0.00     11.041    0
  -19.9000       1.5000       1.83157  37.20    10.970    1
  -44.6230       0.1000       1.00000  0.00     11.850    0
  70.1930        6.8400       1.49700  81.61    15.500    1
  -10.2150       1.0150       1.00000  0.00     15.500    0
  -459.1780      3.7700       1.76951  49.30    17.730    1
  -16.1900       0.1500       1.00000  0.00     17.730    0
  -19.5330       0.7000       1.72825  28.32    17.730    1
  27.3350        22.4440      1.00000  0.00     18.190    0
  0              2.5000       1.51680  64.20    50.090    1
  0              0.5000       1.00000  0.00     50.090    0
