# Samyang AF 24mm F2.8 FE
#
# Patent: WO2020-230915
# Converted from photonstophotos.net Optical Bench data
# 17 surfaces, 8 glass elements, f/2.9

name: Samyang AF 24mm F2.8 FE
focal_length: 25.00

surfaces:
# radius       thickness    ior      abbe     semi_ap   coating
  47.2900        0.7000       1.43700  95.10    21.000    1
  12.0580        4.5580       1.00000  0.00     15.800    0
  -20.5390       1.1000       1.98613  16.48    15.800    1
  -37.7230       0.3000       1.00000  0.00     17.640    0
  20.0010        3.6380       1.80755  40.89    16.800    1
  -20.3260       0.1000       1.00000  0.00     16.800    0
  18.7510        1.1000       1.51815  64.03    12.060    1
  9.5990         2.0370       1.00000  0.00     10.820    0
  stop           4.3395       1.00000  0.00     9.498     0
  -10.3240       2.7240       1.69815  31.19    9.320     1
  -14.0740       0.1000       1.00000  0.00     14.580    0
  -187.4080      5.1420       1.77250  49.62    18.760    1
  -12.1760       2.1334       1.00000  0.00     18.760    0
  0              0.7000       1.92286  20.88    20.780    1
  30.8900        21.5230      1.00000  0.00     19.780    0
  0              2.5000       1.51680  64.20    52.600    1
  0              0.5000       1.00000  0.00     52.600    0
