# Samyang AF 14mm F2.8 FE/RF
#
# Patent: KR1020170053557
# Converted from photonstophotos.net Optical Bench data
# 27 surfaces, 15 glass elements, f/2.9

name: Samyang AF 14mm F2.8 FE/RF
focal_length: 14.54

surfaces:
# radius       thickness    ior      abbe     semi_ap   coating
  110.2290       5.9000       1.69680  55.46    72.420    1
  192.4970       0.1000       1.00000  0.00     68.060    0
  61.2190        2.3200       1.80610  33.27    51.800    1
  20.9520        3.3730       1.00000  0.00     36.080    0
  63.3950        2.6500       1.80500  40.90    36.080    1
  22.9960        5.2000       1.00000  0.00     30.420    0
  37.4800        1.4000       1.49700  81.61    30.380    1
  13.7790        18.4185      1.00000  0.00     24.640    0
  23.8160        4.2000       1.84666  23.78    19.460    1
  -91.8880       1.1000       1.92286  20.88    19.460    1
  444.1680       0.1000       1.00000  0.00     19.460    0
  200.0000       2.0000       1.87795  37.30    17.680    1
  178.3310       3.4802       1.00000  0.00     17.680    0
  88.8700        0.9000       1.71736  29.50    15.220    1
  9.8780         7.5500       1.60342  38.01    15.220    1
  -10.9750       0.9000       1.84666  23.78    15.220    1
  -18.4340       0.1290       1.00000  0.00     15.220    0
  stop           2.9630       1.00000  0.00     13.083    0
  -59.8940       0.9000       1.56384  60.83    14.680    1
  30.3410        0.8600       1.00000  0.00     14.680    0
  17.9090        6.6100       1.58853  60.37    16.180    1
  -12.5350       0.1000       1.00000  0.00     16.180    0
  -18.8010       0.9000       1.78200  37.10    17.120    1
  14.4030        7.6500       1.49700  81.61    17.120    1
  -40.6280       22.6600      1.00000  0.00     19.460    0
  0              2.5000       1.51680  64.20    43.640    1
  0              0.4484       1.00000  0.00     43.640    0
