# Samyang 135mm F2.0 ED UMC
#
# Patent: KR1020150155317
# Converted from photonstophotos.net Optical Bench data
# 19 surfaces, 11 glass elements, f/2.1

name: Samyang 135mm F2.0 ED UMC
focal_length: 130.00

surfaces:
# radius       thickness    ior      abbe     semi_ap   coating
  88.0000        8.2970       1.77250  49.62    64.800    1
  509.7860       0.1000       1.00000  0.00     63.420    0
  49.5820        13.6950      1.49700  81.61    57.560    1
  -549.4240      2.8000       1.84666  23.78    57.560    1
  49.9020        1.2570       1.00000  0.00     48.800    0
  50.7100        11.6630      1.92286  20.88    48.580    1
  -176.3450      2.8000       1.71736  29.50    46.240    1
  34.9260        35.3160      1.00000  0.00     38.880    0
  stop           0.7000       1.00000  0.00     29.400    0
  54.7710        2.9020       1.75500  52.32    28.560    1
  164.4200       1.5360       1.00000  0.00     27.900    0
  -115.3900      2.0510       1.71736  29.50    27.840    1
  56.8010        7.4210       1.00000  0.00     26.780    0
  49.9160        4.2940       1.84666  23.78    29.000    1
  -207.4510      1.7230       1.59270  35.45    29.160    1
  40.4870        4.8230       1.00000  0.00     29.620    0
  133.0590       1.6000       1.71736  29.50    31.680    1
  33.9060        7.6670       1.75500  52.32    33.060    1
  -118.2550      44.0400      1.00000  0.00     33.580    0
