# Samyang XP 35mm F1.2
#
# Patent: KR1020180084767
# Converted from photonstophotos.net Optical Bench data
# 25 surfaces, 13 glass elements, f/1.3

name: Samyang XP 35mm F1.2
focal_length: 35.96

surfaces:
# radius       thickness    ior      abbe     semi_ap   coating
  80.6200        2.6000       1.84666  23.78    59.100    1
  36.9710        9.6130       1.00000  0.00     51.180    0
  226.7110       2.6000       1.49700  81.61    52.140    1
  48.6160        13.3860      1.00000  0.00     50.120    0
  -52.2920       2.6000       1.75520  27.53    50.120    1
  312.7930       1.4080       1.00000  0.00     54.860    0
  0              7.5000       2.00100  29.13    55.820    1
  -72.1490       0.1000       1.00000  0.00     55.820    0
  98.5120        6.0000       1.92286  20.88    57.320    1
  0              6.7958       1.00000  0.00     57.320    0
  68.0130        10.0000      1.83481  42.72    56.780    1
  -244.2820      0.1000       1.00000  0.00     56.780    0
  68.0950        13.2100      1.71300  53.94    53.640    1
  -52.2010       2.5000       1.72825  28.32    53.640    1
  37.1710        7.7325       1.00000  0.00     40.260    0
  stop           10.6410      1.00000  0.00     35.798    0
  -93.7200       2.6000       1.68863  31.19    33.410    1
  32.3110        0.1000       1.00000  0.00     33.410    0
  34.3340        15.1500      1.49700  81.61    35.000    1
  -22.0000       1.7000       1.59270  35.45    35.000    1
  963.2930       0.1000       1.00000  0.00     38.290    0
  84.3140        9.5700       1.85343  40.54    39.920    1
  -37.6810       35.9856      1.00000  0.00     39.920    0
  0              2.5000       1.51680  64.20    45.720    1
  0              0.5286       1.00000  0.00     45.720    0
