# Samyang AF 85mm F1.4 EF
#
# Patent: KR1020200129711
# Converted from photonstophotos.net Optical Bench data
# 20 surfaces, 11 glass elements, f/1.5

name: Samyang AF 85mm F1.4 EF
focal_length: 84.50

surfaces:
# radius       thickness    ior      abbe     semi_ap   coating
  73.2030        8.1410       1.77250  49.62    60.800    1
  3101.0220      0.4000       1.00000  0.00     60.800    0
  41.8630        7.3980       1.74330  49.22    52.130    1
  101.4220       4.5000       1.00000  0.00     50.610    0
  312.1790       1.8000       1.72825  28.32    47.580    1
  35.3370        7.0000       1.00000  0.00     41.580    0
  52.7410        5.0000       1.77250  49.62    40.480    1
  426.8640       1.6125       1.00000  0.00     40.480    0
  551.8650       1.8000       1.80610  33.27    35.700    1
  32.4230        10.4271      1.00000  0.00     33.660    0
  stop           6.4870       1.00000  0.00     30.946    0
  -39.8980       1.8000       1.54814  45.82    31.780    1
  32.1850        8.8330       1.78590  43.93    35.540    1
  -52.2390       0.4650       1.00000  0.00     35.700    0
  159.2450       0.1300       1.51700  52.00    35.700    1
  273.0380       4.5680       1.77250  49.62    35.700    1
  -72.4830       1.8000       1.64769  33.84    35.700    1
  -300.8320      37.3000      1.00000  0.00     35.700    0
  0              2.5000       1.51680  64.20    43.860    1
  0              0.5078       1.00000  0.00     44.060    0
