# Samyang 50mm F1.4 AS UMC
#
# Patent: KR1020140184971
# Converted from photonstophotos.net Optical Bench data
# 20 surfaces, 11 glass elements, f/1.5

name: Samyang 50mm F1.4 AS UMC
focal_length: 52.31

surfaces:
# radius       thickness    ior      abbe     semi_ap   coating
  55.0420        7.9589       1.69680  55.46    49.090    1
  1031.4410      0.1000       1.00000  0.00     49.090    0
  30.7710        5.5156       1.84666  23.78    42.280    1
  33.7430        0.0000       1.00000  0.00     33.660    0
  33.7430        2.2345       1.71736  29.50    33.660    1
  18.4720        3.3232       1.00000  0.00     25.670    0
  22.0450        2.7378       1.68445  31.40    29.720    1
  16.5050        7.1827       1.00000  0.00     25.320    0
  stop           2.6141       1.00000  0.00     26.148    0
  -59.6480       5.4333       1.69680  55.41    27.320    1
  -29.2860       2.7649       1.00000  0.00     29.840    0
  -21.7300       2.0001       1.62588  35.69    28.350    1
  63.5130        12.0150      1.77250  49.59    36.500    1
  -30.0730       0.7000       1.00000  0.00     36.500    0
  450.0000       0.1000       1.51700  52.00    35.080    1
  755.9760       6.5971       1.77250  49.62    35.080    1
  -31.2510       2.0000       1.64769  33.85    35.080    1
  -105.6710      38.4900      1.00000  0.00     35.080    0
  0              2.5000       1.51680  64.19    46.980    1
  0              0.5000       1.00000  0.00     46.980    0
