# Samyang 100mm F2.8 ED UMC Macro
#
# Patent: KR1020150182611
# Converted from photonstophotos.net Optical Bench data
# 28 surfaces, 15 glass elements, f/2.9

name: Samyang 100mm F2.8 ED UMC Macro
focal_length: 98.04

surfaces:
# radius       thickness    ior      abbe     semi_ap   coating
  65.3400        2.7000       1.65844  50.85    47.800    1
  36.7400        1.2000       1.00000  0.00     44.600    0
  36.6800        5.0000       1.78590  43.93    44.600    1
  49.8400        41.9151      1.00000  0.00     43.000    0
  49.8400        5.2000       1.92286  20.88    34.200    1
  0              0.2618       1.00000  0.00     33.500    0
  37.8100        6.9262       1.49700  81.61    31.140    1
  -125.8400      2.0000       1.84666  23.78    29.140    1
  30.0000        1.6761       1.00000  0.00     26.080    0
  59.2600        7.5000       1.48749  70.44    26.060    1
  -27.5100       2.0000       1.84666  23.78    25.280    1
  -112.4900      1.7425       1.00000  0.00     25.560    0
  -37.4200       2.0000       1.68893  31.16    25.560    1
  556.2900       5.7000       1.80518  25.46    27.060    1
  -35.5300       0.1000       1.00000  0.00     27.900    0
  138.1200       4.5000       1.72000  50.34    27.480    1
  -138.1200      0.2020       1.00000  0.00     27.000    0
  stop           3.0000       1.00000  0.00     23.860    0
  80.3600        2.0000       1.70154  41.15    21.400    1
  26.2400        8.2016       1.00000  0.00     19.820    0
  -76.9000       2.0000       1.48749  70.44    19.400    1
  76.9000        5.0000       1.00000  0.00     20.800    0
  58.9300        5.7677       1.83400  37.35    26.000    1
  -39.0900       0.3908       1.00000  0.00     26.460    0
  -51.6300       2.0000       1.51680  64.20    26.260    1
  -619.7200      2.5142       1.00000  0.00     26.460    0
  -35.0300       2.0000       1.72825  28.32    26.460    1
  -74.0400       40.6400      1.00000  0.00     27.700    0
