# Samyang AF 35mm F2.8 FE
#
# Patent: KR1020180065114
# Converted from photonstophotos.net Optical Bench data
# 16 surfaces, 8 glass elements, f/2.9

name: Samyang AF 35mm F2.8 FE
focal_length: 35.18

surfaces:
# radius       thickness    ior      abbe     semi_ap   coating
  -15.4920       0.9000       1.73432  28.32    15.400    1
  -33.4940       0.1000       1.00000  0.00     15.400    0
  27.9560        3.4240       1.77641  49.70    14.560    1
  -22.6480       0.5000       1.00000  0.00     14.560    0
  stop           2.0000       1.00000  0.00     12.472    0
  533.4480       0.7000       1.62408  36.30    12.340    1
  13.7480        1.1790       1.00000  0.00     12.340    0
  19.9400        1.1960       1.93323  20.88    12.740    1
  27.6640        3.6656       1.00000  0.00     12.740    0
  36.8280        6.7280       1.83945  42.72    14.560    1
  -9.6840        1.0000       1.65222  33.84    14.560    1
  59.9900        4.2460       1.00000  0.00     16.070    0
  -8.4190        1.5000       1.69385  31.19    16.070    1
  -10.5000       17.3600      1.00000  0.00     18.440    0
  0              2.5000       1.51680  64.20    44.400    1
  0              0.5000       1.00000  0.00     44.400    0
