# Samsung 18-200mm F3.5-6.3 ED OIS
#
# Patent: US20120154913
# Converted from photonstophotos.net Optical Bench data
# 34 surfaces, 19 glass elements, f/3.5

name: Samsung 18-200mm F3.5-6.3 ED OIS
focal_length: 18.50

surfaces:
# radius       thickness    ior      abbe     semi_ap   coating
  108.6920       1.5000       1.80518  25.50    51.860    1
  59.8490        8.1300       1.49700  81.60    50.220    1
  -431.6930      0.1500       1.00000  0.00     50.220    0
  52.3070        5.8000       1.62041  60.30    47.480    1
  179.7390       1.1000       1.00000  0.00     47.480    0
  141.1660       1.3000       1.83481  42.70    26.740    1
  13.9050        5.9600       1.00000  0.00     18.680    0
  -32.8560       1.1000       1.83481  42.70    18.680    1
  68.7780        0.1500       1.00000  0.00     19.760    0
  30.2710        5.5400       1.84666  23.80    19.500    1
  -23.2860       0.1400       1.00000  0.00     19.220    0
  -21.9080       1.0000       1.80420  46.50    19.220    1
  138.1730       19.4550      1.00000  0.00     19.220    0
  -67.1590       1.2000       1.74400  44.90    14.980    1
  -97.1510       1.0000       1.00000  0.00     14.980    0
  stop           6.8120       1.00000  0.00     13.257    0
  37.5860        3.2000       1.58673  61.30    16.760    1
  -49.7010       2.2880       1.00000  0.00     16.760    0
  17.4350        4.9500       1.49700  81.60    16.920    1
  -58.5460       0.9000       1.84666  23.80    15.460    1
  38.5540        2.4300       1.51742  52.20    14.720    1
  -83.7580       2.5000       1.00000  0.00     14.720    0
  -77.6590       1.2000       1.69090  53.30    14.200    1
  12.0660        2.8700       1.72825  28.30    14.200    1
  25.3160        6.3280       1.00000  0.00     14.200    0
  25.2230        4.6800       1.58123  59.50    18.240    1
  -58.8200       0.1500       1.00000  0.00     18.240    0
  46.9240        7.5700       1.51742  52.20    17.960    1
  -11.9840       1.4000       1.83481  42.70    17.960    1
  29.5490        0.4300       1.00000  0.00     19.780    0
  27.3660        4.7400       1.58144  40.90    19.780    1
  -91.4920       20.7570      1.00000  0.00     20.200    0
  0              2.2400       1.51633  64.10    30.760    1
  0              0.6000       1.00000  0.00     30.760    0
