# Schneider Super-Angulon 8 / 90
#
# Patent: DE00975637
# Converted from photonstophotos.net Optical Bench data
# 11 surfaces, 6 glass elements, f/8.0

name: Schneider Super-Angulon 8 / 90
focal_length: 90.00

surfaces:
# radius       thickness    ior      abbe     semi_ap   coating
  165.3210       1.9530       1.46450  65.70    46.320    1
  20.7540        13.6980      1.00000  0.00     33.700    0
  23.0130        10.0260      1.71740  29.50    25.430    1
  12.6180        9.8730       1.56010  47.00    14.870    1
  941.3460       1.2870       1.00000  0.00     14.870    0
  stop           1.0260       1.00000  0.00     12.580    0
  0              9.1620       1.58270  46.50    15.250    1
  -12.6720       9.7560       1.71740  29.50    15.250    1
  -24.2100       13.6980      1.00000  0.00     25.430    0
  -20.9790       1.9530       1.46450  65.70    33.460    1
  -269.0370      66.0600      1.00000  0.00     45.980    0
