# Schneider Tele-Variogon 4.0 / 80-240
#
# Patent: US003336094
# Converted from photonstophotos.net Optical Bench data
# 24 surfaces, 14 glass elements, f/4.0

name: Schneider Tele-Variogon 4.0 / 80-240
focal_length: 80.00

surfaces:
# radius       thickness    ior      abbe     semi_ap   coating
  143.4400       8.4000       1.52542  64.60    75.890    1
  -333.8000      0.1500       1.00000  0.00     75.890    0
  77.5500        9.7300       1.50378  76.70    68.320    1
  1288.0000      2.8700       1.78470  26.10    68.320    1
  134.6400       3.7800       1.00000  0.00     64.520    0
  -210.0000      3.0000       1.50137  56.50    45.520    1
  -80.2000       1.5000       1.48749  70.00    45.520    1
  46.3900        33.9100      1.00000  0.00     42.350    0
  -62.7000       1.2000       1.73350  51.00    30.680    1
  32.9100        4.7000       1.78470  26.10    32.360    1
  389.0000       29.7600      1.00000  0.00     32.360    0
  160.5000       4.0000       1.62041  60.30    32.690    1
  -93.7600       2.4000       1.00000  0.00     32.690    0
  106.2000       5.1100       1.52542  64.60    32.840    1
  -258.6000      0.2000       1.00000  0.00     32.840    0
  46.3900        11.2700      1.62280  56.90    31.620    1
  -86.1600       3.0700       1.78470  26.10    31.620    1
  60.1300        2.0000       1.00000  0.00     26.900    0
  stop           49.0000      1.00000  0.00     25.120    0
  58.9600        4.1000       1.53172  48.90    30.010    1
  -303.0000      3.3000       1.00000  0.00     30.010    0
  -52.4800       1.5000       1.74400  44.90    29.680    1
  58.5600        4.0000       1.69895  30.10    31.400    1
  -257.2000      39.6100      1.00000  0.00     31.400    0
