# Schneider Variogon 2.8 / 45-100
#
# Patent: US003482900
# Converted from photonstophotos.net Optical Bench data
# 25 surfaces, 14 glass elements, f/2.8

name: Schneider Variogon 2.8 / 45-100
focal_length: 48.00

surfaces:
# radius       thickness    ior      abbe     semi_ap   coating
  110.5600       2.3000       1.80518  25.46    54.260    1
  60.3100        7.5000       1.55232  63.49    54.260    1
  268.8000       0.1000       1.00000  0.00     52.940    0
  46.4900        8.7500       1.62041  60.29    53.140    1
  219.4000       0.6380       1.00000  0.00     53.140    0
  420.0000       1.5000       1.62230  53.14    30.280    1
  28.0900        6.8000       1.00000  0.00     26.520    0
  -181.2000      1.0000       1.71300  53.80    29.940    1
  41.8100        5.0000       1.72830  28.66    29.940    1
  -230.6000      10.8850      1.00000  0.00     29.940    0
  -56.1200       3.0000       1.60565  37.95    21.680    1
  -26.9900       1.0000       1.71300  53.89    21.680    1
  -428.0000      14.0280      1.00000  0.00     21.680    0
  339.4000       3.0000       1.65844  50.84    24.240    1
  -52.0000       1.2500       1.00000  0.00     24.240    0
  stop           1.2500       1.00000  0.00     24.115    0
  48.7300        3.9000       1.62041  60.29    26.060    1
  946.6000       0.1000       1.00000  0.00     26.060    0
  26.9000        1.5000       1.62364  36.75    24.010    1
  12.1500        5.0000       1.62041  60.29    21.520    1
  38.2100        5.0000       1.00000  0.00     21.520    0
  -109.6600      1.5500       1.64831  33.77    21.660    1
  25.4500        7.9500       1.00000  0.00     18.520    0
  84.7900        3.5000       1.57057  53.86    24.660    1
  -35.8900       49.0900      1.00000  0.00     24.660    0
