# Schneider TV-Variogon 2.1-6.6 / 20-600
#
# Patent: US003912373
# Converted from photonstophotos.net Optical Bench data
# 56 surfaces, 32 glass elements, f/2.1

name: Schneider TV-Variogon 2.1-6.6 / 20-600
focal_length: 20.00

surfaces:
# radius       thickness    ior      abbe     semi_ap   coating
  -1013.6000     3.8000       1.64300  59.90    128.000   1
  260.4000       13.2000      1.00000  0.00     120.000   0
  -347.2000      3.8000       1.64300  59.90    120.400   1
  182.8000       0.4000       1.00000  0.00     114.400   0
  179.6000       12.6000      1.69400  31.00    115.600   1
  -2118.2000     2.8000       1.00000  0.00     115.600   0
  352.2000       16.4000      1.68000  54.90    105.600   1
  -149.6000      3.6000       1.79100  25.90    105.600   1
  328.8000       3.0000       1.00000  0.00     98.400    0
  842.2000       12.0000      1.64300  59.90    99.200    1
  -174.6000      0.0000       1.00000  0.00     99.200    0
  197.4000       9.4000       1.64300  59.90    99.200    1
  -2955.6000     0.0000       1.00000  0.00     99.200    0
  102.6000       8.8000       1.64300  59.90    99.200    1
  191.8000       0.2600       1.00000  0.00     99.200    0
  120.4000       2.4000       1.79200  47.20    49.600    1
  44.2000        11.8000      1.00000  0.00     44.400    0
  -79.0000       3.8000       1.76100  27.40    40.400    1
  -47.4000       1.8000       1.71600  53.60    40.400    1
  38.4000        8.8000       1.72300  29.30    40.400    1
  383.2000       89.1200      1.00000  0.00     40.400    0
  -47.0000       1.8000       1.71600  53.60    36.800    1
  76.0000        3.8000       1.72700  29.00    37.600    1
  -553.6000      28.3600      1.00000  0.00     37.600    0
  413.6000       4.8000       1.50300  56.20    45.400    1
  -77.8000       0.0000       1.00000  0.00     45.400    0
  173.2000       5.2000       1.50300  56.20    46.400    1
  -104.6000      1.2000       1.00000  0.00     46.400    0
  stop           1.2000       1.00000  0.00     45.068    0
  46.4000        10.4000      1.49900  66.80    44.200    1
  -66.8000       1.8000       1.76100  27.40    44.200    1
  -1101.4000     1.3600       1.00000  0.00     44.200    0
  -1970.4000     9.8000       1.76100  27.40    41.800    1
  -30.6000       1.4000       1.73400  28.50    41.800    1
  74.2000        2.4600       1.00000  0.00     41.800    0
  147.8000       6.6000       1.76100  27.40    36.800    1
  -41.2000       1.8000       1.79200  47.20    36.800    1
  72.4000        4.4000       1.00000  0.00     36.800    0
  -145.8000      1.8000       1.79200  47.20    35.800    1
  93.4000        28.7800      1.00000  0.00     35.800    0
  244.6000       7.8000       1.48900  70.20    52.200    1
  -77.2000       0.0000       1.00000  0.00     52.200    0
  83.8000        11.8000      1.48900  70.20    53.000    1
  -64.0000       2.8000       1.69400  31.00    53.000    1
  -106.8000      0.0000       1.00000  0.00     53.000    0
  44.2000        7.2000       1.48900  70.20    48.400    1
  228.8000       11.8000      1.00000  0.00     48.400    0
  711.2000       2.8000       1.79200  47.20    39.200    1
  41.8000        6.8000       1.00000  0.00     35.600    0
  -516.2000      2.4000       1.79200  47.20    35.200    1
  36.6000        8.8000       1.48900  70.20    35.200    1
  -77.2000       0.0000       1.00000  0.00     35.200    0
  40.8000        5.8000       1.48900  70.20    37.600    1
  797.4000       15.6000      1.00000  0.00     37.600    0
  0              66.0000      1.51800  64.00    38.800    1
  0              4.6500       1.00000  0.00     38.800    0
