# Schneider Xenon 1.9 / 50
#
# Patent: CH346706
# Converted from photonstophotos.net Optical Bench data
# 11 surfaces, 6 glass elements, f/2.0

name: Schneider Xenon 1.9 / 50
focal_length: 50.00

surfaces:
# radius       thickness    ior      abbe     semi_ap   coating
  27.4200        3.3500       1.67003  47.20    27.300    1
  78.1300        0.6400       1.00000  0.00     27.300    0
  19.8400        4.4700       1.69347  53.50    25.260    1
  84.1600        1.7600       1.66446  35.90    25.260    1
  12.9500        6.0700       1.00000  0.00     18.760    0
  stop           4.5400       1.00000  0.00     17.285    0
  -15.1000       1.5900       1.63980  34.60    17.420    1
  45.0900        5.9400       1.65844  50.80    21.500    1
  -20.9400       0.1100       1.00000  0.00     21.500    0
  1179.6900      2.6300       1.74472  44.70    23.390    1
  -38.6200       36.2000      1.00000  0.00     23.390    0
