# Schneider Cine-Xenon 1.4 / 25
#
# Patent: US003005379
# Converted from photonstophotos.net Optical Bench data
# 12 surfaces, 7 glass elements, f/1.4

name: Schneider Cine-Xenon 1.4 / 25
focal_length: 25.00

surfaces:
# radius       thickness    ior      abbe     semi_ap   coating
  18.4980        4.5600       1.67790  55.50    19.000    1
  -114.2250      0.7530       1.68890  31.20    19.000    1
  74.1880        0.0800       1.00000  0.00     16.500    0
  9.5950         2.7350       1.67700  47.20    15.820    1
  15.1300        1.1230       1.61660  36.60    15.820    1
  6.3330         3.4530       1.00000  0.00     10.740    0
  stop           2.3500       1.00000  0.00     10.462    0
  -8.6730        0.9030       1.67270  32.20    10.380    1
  31.5530        3.8580       1.65830  57.30    13.060    1
  -12.3850       0.0800       1.00000  0.00     13.060    0
  53.6050        2.3750       1.74400  44.90    13.090    1
  -21.3030       14.3500      1.00000  0.00     13.090    0
