# Schneider Technika Super Angulon 8 / 75
#
# Patent: JP1967-023896
# Converted from photonstophotos.net Optical Bench data
# 11 surfaces, 6 glass elements, f/8.0

name: Schneider Technika Super Angulon 8 / 75
focal_length: 75.00

surfaces:
# radius       thickness    ior      abbe     semi_ap   coating
  137.7675       1.6275       1.46450  65.70    37.810    1
  17.2950        11.4150      1.00000  0.00     28.960    0
  19.1775        8.3550       1.71740  29.50    19.370    1
  10.5150        8.2275       1.56010  47.00    12.310    1
  784.4550       1.1275       1.00000  0.00     12.310    0
  stop           0.8000       1.00000  0.00     10.484    0
  0              7.6350       1.58270  46.50    12.310    1
  -10.5600       8.1300       1.71740  29.50    12.310    1
  -20.1750       11.4150      1.00000  0.00     20.260    0
  -17.4825       1.6275       1.46450  65.70    28.500    1
  -224.1975      55.0500      1.00000  0.00     36.970    0
