# Schneider Curtagon 2.8 / 35 gen 2
#
# Patent: US003318653
# Converted from photonstophotos.net Optical Bench data
# 13 surfaces, 6 glass elements, f/2.8

name: Schneider Curtagon 2.8 / 35 gen 2
focal_length: 35.00

surfaces:
# radius       thickness    ior      abbe     semi_ap   coating
  69.7550        2.1000       1.46450  65.79    24.580    1
  16.5200        13.1880      1.00000  0.00     22.900    0
  27.4330        4.6830       1.70180  41.14    16.380    1
  -64.2780       0.3360       1.00000  0.00     16.380    0
  14.1120        1.7570       1.61720  54.04    15.150    1
  24.0700        1.7270       1.00000  0.00     15.150    0
  stop           1.1400       1.00000  0.00     14.210    0
  -61.2500       1.1380       1.78470  26.10    13.880    1
  15.4600        1.9110       1.00000  0.00     13.110    0
  139.3140       2.1980       1.58900  48.64    13.380    1
  -34.5800       1.4530       1.00000  0.00     13.380    0
  -29.6100       2.6080       1.72000  50.31    13.680    1
  -16.5870       36.0890      1.00000  0.00     13.680    0
