# Schneider Video-Xenon T2.1 / 75
#
# Patent: DE102012014955
# Converted from photonstophotos.net Optical Bench data
# 15 surfaces, 8 glass elements, f/2.1

name: Schneider Video-Xenon T2.1 / 75
focal_length: 75.00

surfaces:
# radius       thickness    ior      abbe     semi_ap   coating
  132.7100       5.0000       1.65200  33.78    49.130    1
  43.7400        10.7000      1.00000  0.00     44.070    0
  94.2000        6.5300       1.80000  34.95    44.120    1
  1347.1500      12.9600      1.00000  0.00     44.120    0
  43.6000        7.2500       1.88000  40.75    42.580    1
  -428.1800      5.8000       1.00000  0.00     42.580    0
  -145.1200      3.9300       1.77000  49.58    38.010    1
  -68.9800       2.7200       1.67000  32.03    39.130    1
  28.9800        6.2900       1.00000  0.00     32.000    0
  stop           11.7000      1.00000  0.00     29.446    0
  -49.4300       2.5800       1.73000  28.52    31.180    1
  125.8700       5.7400       1.73000  54.66    34.240    1
  -50.6300       1.9300       1.00000  0.00     34.240    0
  174.5600       5.3200       1.81000  40.59    35.170    1
  -85.0800       62.8700      1.00000  0.00     35.170    0
