# Schneider Xenar 2.8 / 50
#
# Patent: DE00753329
# Converted from photonstophotos.net Optical Bench data
# 10 surfaces, 5 glass elements, f/2.9

name: Schneider Xenar 2.8 / 50
focal_length: 50.00

surfaces:
# radius       thickness    ior      abbe     semi_ap   coating
  21.6150        2.8585       1.58900  61.20    18.860    1
  -611.7000      0.2035       1.00000  0.00     18.860    0
  27.1200        2.0350       1.63750  56.10    17.840    1
  42.6050        2.4420       1.00000  0.00     16.500    0
  -36.1900       0.8235       1.60450  37.80    15.620    1
  16.4650        3.1000       1.00000  0.00     14.020    0
  stop           0.9890       1.00000  0.00     14.062    0
  -101.9550      1.4245       1.51450  54.70    14.400    1
  19.5250        3.7210       1.60250  59.50    16.000    1
  -19.6750       40.9300      1.00000  0.00     16.000    0
