# Schneider Cinegon 1.9 / 6.5
#
# Patent: DE00927540
# Converted from photonstophotos.net Optical Bench data
# 15 surfaces, 8 glass elements, f/1.9

name: Schneider Cinegon 1.9 / 6.5
focal_length: 1.00

surfaces:
# radius       thickness    ior      abbe     semi_ap   coating
  86.5800        6.0125       1.67270  32.20    22.510    1
  -32.6755       1.1830       1.51010  63.40    22.510    1
  10.4390        25.2200      1.00000  0.00     16.430    0
  -53.0270       1.1830       1.67270  32.20    8.450     1
  175.4350       2.3855       1.51010  63.40    8.840     1
  -16.8675       0.5005       1.00000  0.00     8.840     0
  stop           0.4550       1.00000  0.00     6.770     0
  9.1390         1.4300       1.62040  60.30    6.830     1
  -149.1100      0.0260       1.00000  0.00     6.830     0
  5.4600         1.4105       1.62040  60.30    6.110     1
  7.0005         0.9620       1.00000  0.00     5.590     0
  -18.2000       0.4030       1.69900  30.10    5.590     1
  4.6930         1.9370       1.00000  0.00     4.650     0
  13.0650        1.5275       1.63850  55.50    5.720     1
  -7.1565        8.5500       1.00000  0.00     5.720     0
