# Schneider Super-Symmar HM 5.6 / 120
#
# Patent: US004773745
# Converted from photonstophotos.net Optical Bench data
# 15 surfaces, 8 glass elements, f/5.6

name: Schneider Super-Symmar HM 5.6 / 120
focal_length: 120.00

surfaces:
# radius       thickness    ior      abbe     semi_ap   coating
  46.9824        3.0200       1.46450  65.77    48.680    1
  24.2650        4.2120       1.00000  0.00     39.210    0
  35.5390        7.9480       1.75500  52.30    40.080    1
  104.7580       5.9600       1.62540  35.56    35.750    1
  35.9980        8.4000       1.00000  0.00     27.740    0
  57.8600        2.3840       1.77250  49.60    21.970    1
  67.0930        2.2140       1.00000  0.00     20.680    0
  stop           1.7600       1.00000  0.00     20.583    0
  385.7950       23.1740      1.62040  60.33    21.660    1
  -22.8110       2.3840       1.66680  33.01    28.660    1
  -33.5770       0.4060       1.00000  0.00     32.130    0
  -140.9230      7.0090       1.62040  60.33    35.100    1
  -53.8180       3.1000       1.00000  0.00     42.190    0
  -34.1700       3.0200       1.47870  58.70    41.570    1
  157.7580       98.3300      1.00000  0.00     46.920    0
