# Schneider Variogon 2.8 / 10-40
#
# Patent: US003057257
# Converted from photonstophotos.net Optical Bench data
# 23 surfaces, 13 glass elements, f/2.8

name: Schneider Variogon 2.8 / 10-40
focal_length: 10.00

surfaces:
# radius       thickness    ior      abbe     semi_ap   coating
  68.5100        4.0000       1.52542  64.55    36.540    1
  -451.0000      0.0800       1.00000  0.00     36.540    0
  57.4400        3.8700       1.62041  60.29    34.380    1
  -846.5000      1.1700       1.76182  26.52    34.380    1
  94.1500        2.9100       1.00000  0.00     32.740    0
  -170.1000      2.0500       1.75520  27.53    24.630    1
  -46.3900       0.6200       1.50378  66.73    24.630    1
  18.6300        25.6700      1.00000  0.00     19.840    0
  -23.6300       0.5900       1.50378  66.73    10.520    1
  28.2500        1.5600       1.75520  27.53    10.520    1
  73.2300        16.0300      1.00000  0.00     10.520    0
  61.5300        1.3700       1.62041  60.29    7.290     1
  -20.8300       0.6800       1.62001  36.34    7.290     1
  -58.1900       8.4000       1.00000  0.00     7.290     0
  stop           0.6000       1.00000  0.00     6.488     0
  12.9900        2.0400       1.62041  60.29    7.180     1
  -210.0000      0.0300       1.00000  0.00     7.180     0
  7.7900         2.0200       1.62041  60.29    6.550     1
  9.9100         1.3600       1.00000  0.00     5.710     0
  -25.9800       0.5700       1.69895  30.05    5.180     1
  6.6400         2.7500       1.00000  0.00     4.540     0
  18.6800        2.1700       1.65830  57.29    7.000     1
  -10.6300       12.3100      1.00000  0.00     7.000     0
