# Schneider Xenon 2 / 50
#
# Patent: CH352844
# Converted from photonstophotos.net Optical Bench data
# 11 surfaces, 6 glass elements, f/2.0

name: Schneider Xenon 2 / 50
focal_length: 50.00

surfaces:
# radius       thickness    ior      abbe     semi_ap   coating
  27.4150        3.3550       1.67003  47.20    27.800    1
  78.1250        0.6350       1.00000  0.00     27.800    0
  19.8350        4.4650       1.69347  53.50    22.990    1
  84.1600        1.7600       1.66446  35.90    22.990    1
  12.9450        5.8950       1.00000  0.00     18.180    0
  stop           4.7100       1.00000  0.00     17.329    0
  -15.1000       1.5850       1.63980  34.60    17.060    1
  45.0900        5.9400       1.65844  50.80    19.930    1
  -20.9350       0.1050       1.00000  0.00     19.930    0
  1179.6850      2.6250       1.74472  44.70    21.170    1
  -38.6200       36.2200      1.00000  0.00     23.050    0
