# US 7,791,825 Example 1
#
# Patent: US007791825
# Converted from photonstophotos.net Optical Bench data
# 15 surfaces, 8 glass elements

name: US 7,791,825 Example 1
focal_length: 100.00

surfaces:
# radius       thickness    ior      abbe     semi_ap   coating
  40.2957        3.3610       1.88300  40.76    25.530    1
  103.3874       0.2000       1.00000  0.00     25.530    0
  40.0797        3.8298       1.61336  44.49    23.580    1
  21.5114        0.4284       1.00000  0.00     20.310    0
  22.3300        4.3541       1.59240  68.40    20.600    1
  -532.7755      1.3790       1.63775  42.41    18.740    1
  25.5872        7.3755       1.00000  0.00     16.880    0
  stop           6.1615       1.00000  0.00     11.720    0
  -25.5872       1.3790       1.63775  42.41    15.770    1
  532.7755       4.3541       1.59240  68.40    17.300    1
  -22.3300       1.6424       1.00000  0.00     18.830    0
  -21.5114       3.8298       1.61336  44.49    19.520    1
  -40.0797       0.2000       1.00000  0.00     22.460    0
  -103.3874      3.3610       1.88300  40.76    24.300    1
  -40.2957       126.9009     1.00000  0.00     24.300    0
