# Schneider Curtagon 4 / 28
#
# Patent: US002824495
# Converted from photonstophotos.net Optical Bench data
# 14 surfaces, 7 glass elements, f/4.0

name: Schneider Curtagon 4 / 28
focal_length: 28.00

surfaces:
# radius       thickness    ior      abbe     semi_ap   coating
  28.3190        1.3830       1.62280  56.90    25.180    1
  15.8120        3.5810       1.00000  0.00     21.560    0
  40.9420        1.3440       1.62300  58.10    21.820    1
  18.2730        12.6140      1.00000  0.00     19.420    0
  30.8200        4.6280       1.62610  39.10    13.380    1
  -52.6620       0.1480       1.00000  0.00     13.380    0
  14.3780        1.9040       1.47070  67.20    11.220    1
  48.4570        3.3220       1.00000  0.00     11.220    0
  stop           1.1500       1.00000  0.00     9.245     0
  -29.4640       1.0780       1.69900  30.10    9.180     1
  15.7050        1.2540       1.00000  0.00     10.060    0
  61.3450        0.8930       1.67270  32.20    10.060    1
  39.5580        3.1390       1.67790  55.30    10.060    1
  -15.5680       36.5000      1.00000  0.00     10.060    0
