# Schneider Super-Angulon 5.6 / 75
#
# Patent: US003376091
# Converted from photonstophotos.net Optical Bench data
# 13 surfaces, 8 glass elements, f/5.6

name: Schneider Super-Angulon 5.6 / 75
focal_length: 75.00

surfaces:
# radius       thickness    ior      abbe     semi_ap   coating
  92.0630        5.2800       1.46450  65.80    51.600    1
  19.1180        10.9880      1.00000  0.00     32.760    0
  26.1680        9.7500       1.71700  47.90    28.350    1
  15.6750        12.3600      1.61405  55.10    16.880    1
  -16.1100       1.1100       1.56138  45.30    16.880    1
  270.2030       1.1100       1.00000  0.00     14.010    0
  stop           1.1100       1.00000  0.00     18.974    0
  -789.4580      1.1100       1.56883  56.00    14.430    1
  17.8800        10.7030      1.61375  56.30    16.580    1
  -12.2180       9.6680       1.70181  41.10    16.580    1
  -26.0550       9.0300       1.00000  0.00     25.790    0
  -19.4850       3.2030       1.52015  63.60    31.670    1
  -96.2400       50.8700      1.00000  0.00     43.860    0
