# Schneider Cinegon 1.8 / 10
#
# Patent: US003038379
# Converted from photonstophotos.net Optical Bench data
# 15 surfaces, 9 glass elements, f/1.8

name: Schneider Cinegon 1.8 / 10
focal_length: 10.00

surfaces:
# radius       thickness    ior      abbe     semi_ap   coating
  -120.4000      0.9800       1.74400  44.90    28.880    1
  17.0700        9.7500       1.50140  56.50    24.690    1
  -30.6100       0.1000       1.00000  0.00     24.690    0
  38.0400        4.1000       1.74000  28.20    20.400    1
  -41.8800       1.4600       1.51280  57.20    20.400    1
  7.9100         15.1100      1.00000  0.00     12.600    0
  stop           10.0000      1.00000  0.00     9.823     0
  1317.0000      0.9800       1.67270  32.20    15.000    1
  28.2800        4.8800       1.56870  63.10    15.000    1
  -19.5000       0.0500       1.00000  0.00     15.000    0
  47.4600        3.4100       1.64250  58.10    18.020    1
  -53.0300       0.0500       1.00000  0.00     18.020    0
  24.4000        5.1200       1.54000  59.70    18.080    1
  -20.9400       0.8800       1.72820  28.30    18.080    1
  140.1000       17.4100      1.00000  0.00     20.150    0
