# Schneider APO-Symmar 5.6 / 100
#
# Patent: US006028720
# Converted from photonstophotos.net Optical Bench data
# 11 surfaces, 6 glass elements, f/5.6

name: Schneider APO-Symmar 5.6 / 100
focal_length: 101.20

surfaces:
# radius       thickness    ior      abbe     semi_ap   coating
  19.9800        6.1000       1.60520  65.10    26.310    1
  -2744.0000     1.8000       1.54980  53.30    24.400    1
  14.7400        1.2000       1.00000  0.00     17.630    0
  23.3500        1.8000       1.52230  69.50    17.630    1
  34.6600        6.0000       1.00000  0.00     15.990    0
  stop           5.4000       1.00000  0.00     14.375    0
  -46.1900       1.8000       1.53020  76.60    15.650    1
  -28.9800       1.2000       1.00000  0.00     17.500    0
  -16.2800       2.1000       1.54980  53.30    17.500    1
  -428.1800      5.2000       1.60520  65.10    23.390    1
  -20.1000       85.8800      1.00000  0.00     24.720    0
