# Schneider Variogon 1.8 / 8-40
#
# Patent: US003442573
# Converted from photonstophotos.net Optical Bench data
# 25 surfaces, 13 glass elements, f/1.8

name: Schneider Variogon 1.8 / 8-40
focal_length: 8.00

surfaces:
# radius       thickness    ior      abbe     semi_ap   coating
  60.0300        7.5000       1.62299  58.12    40.700    1
  -86.8000       2.0000       1.80518  25.46    40.700    1
  749.5000       0.1000       1.00000  0.00     40.700    0
  51.4300        4.3000       1.62299  58.12    39.720    1
  358.5000       0.4700       1.00000  0.00     39.720    0
  200.4000       1.0000       1.67790  55.52    22.460    1
  16.2800        4.6000       1.00000  0.00     18.200    0
  -25.0000       2.1000       1.80518  25.46    18.200    1
  -15.6100       1.0000       1.46450  65.79    19.300    1
  43.0900        27.7400      1.00000  0.00     19.300    0
  -10.8400       1.0000       1.62041  60.29    10.500    1
  -23.0200       1.6900       1.00000  0.00     11.760    0
  64.6800        2.2000       1.62230  53.14    11.900    1
  -20.3600       1.0000       1.00000  0.00     11.900    0
  0              9.0000       1.51680  64.20    12.220    1
  0              0.7500       1.00000  0.00     12.220    0
  stop           2.7500       1.00000  0.00     10.613    0
  21.7100        2.5500       1.67790  55.62    11.940    1
  246.2000       0.0500       1.00000  0.00     11.940    0
  15.3000        1.8000       1.74400  44.90    11.940    1
  97.4600        1.4000       1.00000  0.00     11.940    0
  -24.5000       4.9000       1.78470  26.10    10.560    1
  8.8200         2.2500       1.00000  0.00     8.600     0
  16.7700        2.4500       1.71300  53.89    10.060    1
  -12.9000       13.1600      1.00000  0.00     10.060    0
