# Schneider Super-Angulon 8 / 65
#
# Patent: US002781695
# Converted from photonstophotos.net Optical Bench data
# 11 surfaces, 6 glass elements, f/8.0

name: Schneider Super-Angulon 8 / 65
focal_length: 65.00

surfaces:
# radius       thickness    ior      abbe     semi_ap   coating
  140.4690       1.6590       1.46450  65.70    40.120    1
  17.6340        11.6390      1.00000  0.00     29.710    0
  19.5540        8.5190       1.71740  29.50    20.590    1
  10.7210        8.3890       1.56010  47.00    11.470    1
  799.8360       1.2980       1.00000  0.00     11.470    0
  stop           0.6670       1.00000  0.00     9.050     0
  0              7.7850       1.58270  46.50    11.470    1
  -10.7670       8.2890       1.71740  29.50    11.470    1
  -20.5710       11.6390      1.00000  0.00     20.590    0
  -17.8250       1.6590       1.40450  65.70    29.710    1
  -228.5940      47.4700      1.00000  0.00     40.120    0
