# Schneider Super-Symmar XL 5.6 / 110 Asph
#
# Patent: US005870234
# Converted from photonstophotos.net Optical Bench data
# 12 surfaces, 6 glass elements, f/5.6

name: Schneider Super-Symmar XL 5.6 / 110 Asph
focal_length: 109.90

surfaces:
# radius       thickness    ior      abbe     semi_ap   coating
  169.6720       3.0000       1.52583  51.25    57.660    1
  23.8840        8.4650       1.00000  0.00     40.480    0
  27.7510        12.8600      1.75844  52.09    37.340    1
  44.6240        7.1900       1.00000  0.00     27.100    0
  28.3820        2.4000       1.75844  52.09    22.180    1
  35.2290        3.5000       1.00000  0.00     21.590    0
  stop           1.0350       1.00000  0.00     21.393    0
  73.0260        10.4700      1.59142  61.03    21.560    1
  -17.6220       3.5000       1.62408  36.12    20.870    1
  -31.1970       1.3600       1.00000  0.00     20.870    0
  -30.8370       3.3000       1.50349  56.13    22.160    1
  152.0360       101.2700     1.00000  0.00     28.880    0
