# Sigma 28mm F1.4 DG HSM A
#
# Patent: JP2019-219472
# Converted from photonstophotos.net Optical Bench data
# 32 surfaces, 18 glass elements, f/1.5

name: Sigma 28mm F1.4 DG HSM A
focal_length: 28.70

surfaces:
# radius       thickness    ior      abbe     semi_ap   coating
  47.3207        1.9000       1.76385  48.49    57.980    1
  25.1370        8.4554       1.00000  0.00     43.640    0
  46.9543        2.4000       1.59201  67.02    47.480    1
  23.2091        8.1561       1.00000  0.00     47.480    0
  618.4976       3.2330       1.95375  32.32    41.940    1
  -139.9990      4.0127       1.00000  0.00     41.940    0
  -40.5659       1.7000       1.43700  95.10    40.810    1
  94.3906        6.6136       1.91082  35.25    43.520    1
  -70.5544       2.4296       1.00000  0.00     43.520    0
  -46.9968       1.5000       1.73800  32.33    40.500    1
  32.1175        8.6744       1.59282  68.63    41.740    1
  -544.2563      0.2500       1.00000  0.00     41.740    0
  60.1374        7.5297       1.80420  46.50    44.060    1
  -94.6982       7.0149       1.00000  0.00     44.060    0
  69.9167        4.3560       1.76385  48.49    42.000    1
  -904.2656      0.1500       1.00000  0.00     42.000    0
  112.6199       3.6175       1.76802  49.24    40.500    1
  -158.1655      0.1500       1.00000  0.00     40.500    0
  385.7929       4.1192       1.92286  20.88    37.920    1
  -67.3866       1.1000       1.73800  32.33    37.920    1
  30.2728        5.6940       1.00000  0.00     31.080    0
  stop           5.1548       1.00000  0.00     28.200    0
  -40.6450       7.8692       1.49700  81.61    28.900    1
  -17.6592       1.0000       1.72047  34.71    31.940    1
  89.6119        4.1610       1.49700  81.61    33.960    1
  -102.4644      0.1500       1.00000  0.00     33.960    0
  67.2593        8.6087       1.59282  68.63    35.120    1
  -32.5264       0.1500       1.00000  0.00     35.120    0
  -74.3568       3.4000       1.76802  49.24    31.780    1
  -43.9446       36.5101      1.00000  0.00     35.560    0
  0              1.4500       1.52301  58.59    47.180    1
  0              1.0000       1.00000  0.00     47.180    0
