# Sigma 60mm F2.8 DN A
#
# Patent: JP2014-145954
# Converted from photonstophotos.net Optical Bench data
# 17 surfaces, 9 glass elements, f/2.9

name: Sigma 60mm F2.8 DN A
focal_length: 60.00

surfaces:
# radius       thickness    ior      abbe     semi_ap   coating
  31.1200        3.3500       1.80420  46.50    26.920    1
  73.2700        4.9300       1.00000  0.00     24.280    0
  21.5000        4.4000       1.59282  68.62    19.920    1
  -1000.0000     1.5500       1.60342  38.01    19.920    1
  15.2500        4.5000       1.00000  0.00     15.560    0
  stop           10.1300      1.00000  0.00     14.016    0
  -17.7200       1.0500       1.64769  33.84    14.560    1
  -34.6700       2.7000       1.00000  0.00     15.460    0
  44.2600        4.0500       1.59201  67.02    18.480    1
  -23.8500       1.9400       1.00000  0.00     18.480    0
  -1000.0000     0.7000       1.58144  40.89    19.140    1
  20.3800        2.9000       1.00000  0.00     18.700    0
  61.6400        0.7000       1.69895  30.05    21.840    1
  17.9800        4.8500       2.00100  29.13    21.840    1
  100.0000       23.0700      1.00000  0.00     21.840    0
  0              2.2000       1.51680  64.20    30.040    1
  0              1.0000       1.00000  0.00     30.040    0
