# Sigma 50mm F2.8 (dp3 Merrill/Quattro)
#
# Patent: JP2014-126652
# Converted from photonstophotos.net Optical Bench data
# 19 surfaces, 10 glass elements, f/2.9

name: Sigma 50mm F2.8 (dp3 Merrill/Quattro)
focal_length: 48.72

surfaces:
# radius       thickness    ior      abbe     semi_ap   coating
  24.8702        3.9377       1.88300  40.80    23.040    1
  143.8625       1.7773       1.00000  0.00     23.040    0
  18.4598        3.7358       1.59282  68.62    16.900    1
  -133.1738      0.8000       1.80610  33.27    16.900    1
  15.3383        4.4992       1.00000  0.00     13.140    0
  stop           6.7172       1.00000  0.00     10.600    0
  -15.1537       0.8000       1.90366  31.32    10.010    1
  24.2003        3.3262       1.83481  42.72    13.540    1
  -18.3336       0.1500       1.00000  0.00     13.540    0
  36.4736        2.1561       1.83400  37.34    15.780    1
  -85.1508       1.8000       1.00000  0.00     15.780    0
  44.3715        0.8000       1.62004  36.30    16.900    1
  16.4586        2.5073       1.00000  0.00     16.900    0
  -412.6963      3.8324       1.84666  23.78    18.860    1
  -26.2443       2.9513       1.00000  0.00     18.860    0
  -14.7356       0.8000       1.80420  46.50    18.660    1
  -122.8394      0.9580       1.00000  0.00     21.780    0
  104.8826       4.6192       1.80834  40.92    26.300    1
  -78.8550       8.8352       1.00000  0.00     26.300    0
