# Sigma APO Macro 180mm F5.6 UC
#
# Patent: JP1992-110811
# Converted from photonstophotos.net Optical Bench data
# 16 surfaces, 9 glass elements, f/5.7

name: Sigma APO Macro 180mm F5.6 UC
focal_length: 174.86

surfaces:
# radius       thickness    ior      abbe     semi_ap   coating
  81.3700        6.1700       1.49700  81.60    39.440    1
  -114.7000      0.2600       1.00000  0.00     39.440    0
  46.7200        7.1700       1.49700  81.60    35.680    1
  -87.9200       2.3000       1.83400  37.30    35.680    1
  270.4000       12.4800      1.00000  0.00     35.680    0
  -411.0000      2.9400       1.84667  23.80    27.080    1
  -39.2600       1.5000       1.78590  43.90    23.780    1
  44.1000        14.5000      1.00000  0.00     26.940    0
  stop           11.6300      1.00000  0.00     18.386    0
  258.5000       1.5000       1.75520  27.50    21.640    1
  64.4300        3.9900       1.48749  70.40    21.640    1
  -40.2000       33.4500      1.00000  0.00     21.640    0
  -35.9700       1.5000       1.71300  53.90    24.340    1
  210.0300       1.2000       1.00000  0.00     27.180    0
  67.6800        2.7100       1.84666  23.80    31.220    1
  366.0000       40.0800      1.00000  0.00     31.320    0
