# Sigma 10-18mm F2.8 DC DN C
#
# Patent: JP2024-104911
# Converted from photonstophotos.net Optical Bench data
# 24 surfaces, 13 glass elements, f/2.9

name: Sigma 10-18mm F2.8 DC DN C
focal_length: 10.30

surfaces:
# radius       thickness    ior      abbe     semi_ap   coating
  72.6802        1.9000       1.85135  40.10    37.940    1
  14.1404        6.0015       1.00000  0.00     24.980    0
  25.7643        1.3000       1.59201  67.02    25.280    1
  12.3826        6.9302       1.00000  0.00     21.180    0
  -33.1567       0.9000       1.43700  95.10    20.900    1
  23.0203        3.7847       1.87071  40.73    20.360    1
  -699.7264      16.5964      1.00000  0.00     20.360    0
  37.9214        1.6669       1.85883  30.00    16.990    1
  109.3038       0.1500       1.00000  0.00     16.990    0
  16.4389        0.9000       2.05090  26.94    16.620    1
  10.1471        4.0909       1.59270  35.45    15.040    1
  44.9237        3.2532       1.00000  0.00     15.040    0
  stop           1.6302       1.00000  0.00     10.597    0
  46.1313        0.9000       1.91650  31.60    17.130    1
  19.4148        3.5181       1.43700  95.10    15.570    1
  -47.8864       0.3000       1.00000  0.00     15.570    0
  20.1908        4.2241       1.55332  71.68    15.560    1
  -26.2480       1.6000       1.00000  0.00     15.560    0
  -119.0214      0.9000       1.74330  49.22    12.710    1
  22.8303        4.6173       1.00000  0.00     13.240    0
  24.8505        5.2005       1.43700  95.10    17.370    1
  -17.5000       0.3091       1.00000  0.00     17.370    0
  -72.4668       0.8500       1.80610  40.73    16.720    1
  51.0249        16.3954      1.00000  0.00     17.780    0
