# Sigma 70-300mm F4-5.6 DG OS
#
# Patent: JP2010-217838
# Converted from photonstophotos.net Optical Bench data
# 28 surfaces, 16 glass elements, f/4.2

name: Sigma 70-300mm F4-5.6 DG OS
focal_length: 70.33

surfaces:
# radius       thickness    ior      abbe     semi_ap   coating
  75.8217        6.2482       1.48749  70.44    54.540    1
  1517.9676      0.0000       1.00000  0.00     54.540    0
  89.9292        2.2000       1.80611  40.73    52.640    1
  44.1835        9.1465       1.49700  81.60    47.300    1
  540.2669       7.2667       1.00000  0.00     52.760    0
  -231.4665      1.0000       1.71300  53.94    25.180    1
  20.2932        3.7666       1.84666  23.78    25.180    1
  43.8137        2.9572       1.00000  0.00     23.170    0
  -49.1641       1.0000       1.77250  49.62    23.170    1
  242.8808       25.6147      1.00000  0.00     24.500    0
  stop           1.7000       1.00000  0.00     24.046    0
  163.8409       3.1798       1.60342  38.01    26.560    1
  -68.4319       0.1500       1.00000  0.00     26.560    0
  39.5600        6.1848       1.51680  64.10    26.820    1
  -39.5600       0.8000       1.80610  33.27    26.820    1
  114.9469       7.5065       1.00000  0.00     26.820    0
  32.8852        4.3054       1.51742  52.15    26.820    1
  721.8645       2.6291       1.00000  0.00     26.820    0
  84.3278        3.8529       1.48749  70.44    25.180    1
  -127.3455      0.8206       1.00000  0.00     25.180    0
  35.4638        4.2094       1.48749  70.44    23.980    1
  -76.1941       0.8000       1.74950  35.04    23.980    1
  33.5941        17.0001      1.00000  0.00     20.280    0
  110.3244       2.7086       1.71736  29.50    22.560    1
  -72.6753       2.2357       1.00000  0.00     22.560    0
  -21.5634       3.1815       1.84666  23.78    21.700    1
  -17.3303       0.8000       1.77250  49.62    24.860    1
  -80.3992       46.1960      1.00000  0.00     24.860    0
