# JP 2015-075501 Example 4
#
# Patent: JP2015-075501
# Converted from photonstophotos.net Optical Bench data
# 19 surfaces, 10 glass elements, f/1.8

name: JP 2015-075501 Example 4
focal_length: 17.12

surfaces:
# radius       thickness    ior      abbe     semi_ap   coating
  123.0000       1.0000       1.95375  32.32    24.760    1
  15.4331        2.8510       1.00000  0.00     20.460    0
  28.3212        4.6089       1.91082  35.25    21.920    1
  -49.4986       2.4714       1.00000  0.00     21.920    0
  130.3075       3.9362       1.88202  37.22    17.620    1
  -27.6383       0.8000       1.48749  70.44    17.420    1
  24.4762        2.1059       1.00000  0.00     12.380    0
  stop           6.9573       1.00000  0.00     10.548    0
  -8.4568        0.8000       1.80518  25.46    12.800    1
  875.1123       3.5819       1.88100  40.14    15.220    1
  -13.2635       0.1500       1.00000  0.00     15.220    0
  33.2976        4.4893       1.69350  53.20    18.440    1
  -18.3152       1.6000       1.00000  0.00     18.440    0
  24.9134        0.8000       1.84666  23.78    18.880    1
  15.0023        2.6708       1.00000  0.00     17.340    0
  32.4046        2.4854       1.77250  49.62    19.420    1
  95.9500        11.6919      1.00000  0.00     19.420    0
  0              4.0000       1.51680  64.20    23.660    1
  0              1.0000       1.00000  0.00     23.660    0
