# JP 2015-043104 Example 8
#
# Patent: JP2015-043104
# Converted from photonstophotos.net Optical Bench data
# 13 surfaces, 7 glass elements, f/2.9

name: JP 2015-043104 Example 8
focal_length: 44.90

surfaces:
# radius       thickness    ior      abbe     semi_ap   coating
  21.0503        4.4734       1.80420  46.50    19.380    1
  -320.5490      1.2000       1.56732  42.84    19.180    1
  16.2004        4.8638       1.00000  0.00     15.280    0
  stop           6.8098       1.00000  0.00     12.802    0
  -16.1298       0.8000       1.64769  33.84    14.660    1
  30.6296        2.5710       1.80420  46.50    14.660    1
  -76.2679       0.1500       1.00000  0.00     14.660    0
  46.4632        4.5298       1.77250  49.62    16.720    1
  -22.6543       3.7279       1.00000  0.00     16.720    0
  -28.4019       1.0000       1.56732  42.84    18.560    1
  35.6397        4.5396       1.00000  0.00     18.560    0
  -85.0675       3.5533       1.77250  49.62    22.040    1
  -22.8930       29.5405      1.00000  0.00     22.040    0
