# Sigma 28-80mm F3.5-5.6 Aspherical Macro HF
#
# Patent: JP2001-350089
# Converted from photonstophotos.net Optical Bench data
# 18 surfaces, 8 glass elements, f/3.6

name: Sigma 28-80mm F3.5-5.6 Aspherical Macro HF
focal_length: 29.10

surfaces:
# radius       thickness    ior      abbe     semi_ap   coating
  44.6900        1.4000       1.83400  37.30    40.260    1
  18.8500        7.2700       1.00000  0.00     31.010    0
  129.3400       1.2000       1.69680  55.60    35.770    1
  39.3000        0.0700       1.52050  51.00    28.470    1
  34.0900        2.4300       1.00000  0.00     28.470    0
  30.1300        4.2100       1.78472  25.70    32.060    1
  82.8100        33.7900      1.00000  0.00     27.700    0
  stop           10.1800      1.00000  0.00     16.207    0
  28.0300        3.5100       1.69680  55.60    20.900    1
  -165.0800      0.1500       1.00000  0.00     20.900    0
  21.8300        3.1100       1.51680  64.40    19.960    1
  104.7000       0.7500       1.00000  0.00     17.250    0
  -95.9300       7.8100       1.80610  33.30    17.250    1
  18.1900        1.8800       1.00000  0.00     17.160    0
  125.6900       2.6800       1.51680  64.40    17.160    1
  -27.6500       0.3000       1.00000  0.00     17.160    0
  0              4.0000       1.00000  0.00     25.480    0
  0              41.8400      1.00000  0.00     34.600    0
