# JP 2018-018041 Example 01
#
# Patent: JP2018-018041
# Converted from photonstophotos.net Optical Bench data
# 28 surfaces, 16 glass elements, f/1.9

name: JP 2018-018041 Example 01
focal_length: 14.42

surfaces:
# radius       thickness    ior      abbe     semi_ap   coating
  195.9286       4.0000       1.69350  53.20    82.760    1
  30.6086        8.2206       1.00000  0.00     56.100    0
  39.8790        1.7000       2.00100  29.13    58.800    1
  24.4334        13.0405      1.00000  0.00     45.200    0
  158.1530       2.0000       1.59201  67.02    47.500    1
  48.4894        8.6465       1.00000  0.00     42.390    0
  -108.4275      1.4000       1.43700  95.10    42.390    1
  38.4872        6.9774       1.88300  40.81    42.760    1
  566.3987       3.0000       1.00000  0.00     42.760    0
  70.1630        2.9758       1.95375  32.32    38.260    1
  211.6734       0.1500       1.00000  0.00     38.260    0
  52.4880        1.2000       2.00100  29.13    37.200    1
  27.4589        14.1235      1.00000  0.00     32.300    0
  92.6291        1.0000       1.43700  95.10    31.260    1
  31.2178        6.0304       1.73800  32.26    31.260    1
  -191.6101      10.9920      1.00000  0.00     31.260    0
  stop           1.0000       1.00000  0.00     27.043    0
  77.9718        4.3297       1.59282  68.62    28.760    1
  -68.8556       1.8988       1.00000  0.00     28.260    0
  -230.4809      5.3958       1.43700  95.10    28.260    1
  -24.2000       0.9000       1.88300  40.81    28.260    1
  24.2000        8.6715       1.59282  68.62    28.260    1
  -74.3964       0.2992       1.00000  0.00     28.260    0
  44.3076        7.9389       1.59282  69.62    28.260    1
  -34.0861       0.2168       1.00000  0.00     29.760    0
  200.0000       0.9000       1.88300  40.81    28.760    1
  24.6104        6.9804       1.55332  71.68    30.340    1
  -86.9710       39.0000      1.00000  0.00     30.340    0
