# Sigma APO 135-400mm F4.5-5.6 RF ZEN
#
# Patent: JP1998-039215
# Converted from photonstophotos.net Optical Bench data
# 26 surfaces, 14 glass elements, f/4.6

name: Sigma APO 135-400mm F4.5-5.6 RF ZEN
focal_length: 138.86

surfaces:
# radius       thickness    ior      abbe     semi_ap   coating
  346.8500       3.6000       1.83400  37.30    75.510    1
  131.9000       0.1000       1.00000  0.00     72.660    0
  131.9000       10.0400      1.49700  81.60    72.660    1
  -314.8500      0.2000       1.00000  0.00     72.660    0
  122.8000       7.4500       1.49700  81.60    71.880    1
  1000.0000      3.3000       1.00000  0.00     71.880    0
  -103.3000      3.8200       1.80610  33.30    39.340    1
  44.0500        6.0000       1.84666  23.80    36.860    1
  1000.0000      56.9800      1.00000  0.00     36.860    0
  369.0000       1.7000       1.65844  50.90    38.220    1
  122.8000       1.9300       1.00000  0.00     38.220    0
  176.8300       5.0400       1.48749  70.40    38.580    1
  -85.2500       1.5000       1.00000  0.00     38.580    0
  94.7800        6.7400       1.49700  81.60    37.150    1
  -60.0000       1.7000       1.83400  37.30    37.150    1
  -509.7500      0.2000       1.00000  0.00     38.800    0
  77.1500        4.7800       1.48749  70.40    35.580    1
  -183.4400      16.4700      1.00000  0.00     35.580    0
  stop           22.3900      1.00000  0.00     24.496    0
  99.7500        0.1000       1.52071  51.70    25.050    1
  62.2000        2.0100       1.77250  49.60    25.050    1
  23.7900        3.8700       1.00000  0.00     22.920    0
  32.2400        3.4800       1.71736  29.50    22.340    1
  103.4100       5.3500       1.00000  0.00     22.340    0
  -18.7800       1.3500       1.77250  49.60    20.860    1
  -25.0800       50.2400      1.00000  0.00     21.840    0
