# Sigma 50mm F1.4 DG HSM Art
#
# Patent: JP2015-114366
# Converted from photonstophotos.net Optical Bench data
# 23 surfaces, 13 glass elements, f/1.5

name: Sigma 50mm F1.4 DG HSM Art
focal_length: 49.58

surfaces:
# radius       thickness    ior      abbe     semi_ap   coating
  59.9687        7.5464       1.91082  35.25    62.440    1
  178.4018       0.6242       1.00000  0.00     62.440    0
  192.0154       2.0000       1.62588  35.74    60.040    1
  28.7552        16.1562      1.00000  0.00     45.880    0
  -67.9622       10.7338      1.49700  81.61    46.560    1
  -26.2761       1.5000       1.54814  45.82    46.560    1
  43.9346        10.7524      1.88300  40.81    46.560    1
  -94.4447       0.0000       1.00000  0.00     46.560    0
  0              9.9796       1.00000  0.00     43.880    0
  49.8944        3.9121       1.92286  20.88    42.120    1
  108.4891       0.1500       1.00000  0.00     42.120    0
  47.6761        8.0538       1.72916  54.67    39.740    1
  -69.2432       0.9500       1.72825  28.32    39.740    1
  31.4317        6.0186       1.00000  0.00     31.880    0
  stop           4.6436       1.00000  0.00     29.944    0
  -31.6556       0.9500       1.62588  35.74    31.200    1
  71.6171        4.6610       1.59282  68.62    33.760    1
  -96.5972       0.1500       1.00000  0.00     33.760    0
  85.5221        6.6571       1.59282  68.62    34.100    1
  -40.3262       0.9500       1.51742  52.15    34.100    1
  57.5543        0.9291       1.00000  0.00     34.100    0
  77.4702        5.8822       1.77250  49.47    34.100    1
  -47.5092       38.7999      1.00000  0.00     34.100    0
