# Sigma Macro 70mm F2.8 EX DG
#
# Patent: JP2008-020656
# Converted from photonstophotos.net Optical Bench data
# 20 surfaces, 10 glass elements, f/2.9

name: Sigma Macro 70mm F2.8 EX DG
focal_length: 68.91

surfaces:
# radius       thickness    ior      abbe     semi_ap   coating
  369.5500       1.8000       1.54072  47.20    38.420    1
  34.9800        13.4500      1.00000  0.00     35.920    0
  46.1600        5.6500       1.77250  49.60    33.000    1
  -135.9000      0.1500       1.00000  0.00     33.000    0
  31.7300        3.5000       1.69680  55.50    28.800    1
  69.5000        5.7900       1.00000  0.00     28.800    0
  1000.0000      1.0000       1.60342  38.00    29.420    1
  22.7400        12.1000      1.00000  0.00     27.070    0
  stop           4.2000       1.00000  0.00     20.997    0
  -27.0100       1.0000       1.58144  40.90    22.400    1
  101.8800       4.7000       1.56045  71.60    24.990    1
  -35.2800       1.8500       1.00000  0.00     24.990    0
  1000.0000      3.0500       1.56045  71.60    26.110    1
  -53.2000       0.1500       1.00000  0.00     26.110    0
  125.4600       3.0000       1.49700  81.60    26.560    1
  -89.7000       1.5000       1.00000  0.00     26.560    0
  0              1.2000       1.64000  60.20    28.680    1
  52.8200        2.6000       1.00000  0.00     25.820    0
  931.0000       2.3500       1.83481  42.70    29.380    1
  -113.6000      55.8157      1.00000  0.00     29.380    0
