# Sigma 150-600mm F5-6.3 DG OS HSM C
#
# Patent: JP2016-080825
# Converted from photonstophotos.net Optical Bench data
# 35 surfaces, 20 glass elements, f/5.2

name: Sigma 150-600mm F5-6.3 DG OS HSM C
focal_length: 154.67

surfaces:
# radius       thickness    ior      abbe     semi_ap   coating
  528.6730       3.0000       1.83481  42.72    92.760    1
  143.5131       10.5261      1.49700  81.61    92.820    1
  -536.1702      0.1500       1.00000  0.00     92.820    0
  133.2008       9.3074       1.49700  81.61    92.220    1
  0              48.3963      1.00000  0.00     92.220    0
  148.9229       2.9114       1.71736  29.50    47.800    1
  700.0000       22.6935      1.00000  0.00     47.800    0
  165.3603       2.7965       1.51742  52.15    31.920    1
  -165.3603      1.0000       1.88300  40.80    31.920    1
  93.6370        6.0627       1.00000  0.00     28.840    0
  -250.0754      0.7000       1.69680  55.46    28.820    1
  92.3831        2.8270       1.00000  0.00     28.030    0
  -57.3765       0.7000       1.69680  55.46    28.030    1
  75.3753        2.7812       1.80518  25.46    29.480    1
  -472.9495      30.4954      1.00000  0.00     29.480    0
  284.2091       3.3355       1.69680  55.46    30.560    1
  -67.7648       0.1500       1.00000  0.00     30.560    0
  70.9155        5.0947       1.49700  81.61    29.900    1
  -53.8213       1.0000       1.90043  37.37    29.900    1
  337.6022       0.1500       1.00000  0.00     29.240    0
  34.4130        5.7994       1.58144  40.89    29.240    1
  96.3145        1.3784       1.00000  0.00     26.870    0
  45.9295        1.9000       1.88100  40.14    27.440    1
  30.4137        5.5139       1.00000  0.00     24.540    0
  stop           34.1791      1.00000  0.00     24.009    0
  160.1209       4.1084       1.65844  50.85    25.420    1
  -35.9129       1.0000       1.95375  32.32    25.420    1
  -80.1123       0.1500       1.00000  0.00     25.420    0
  67.7459        2.2114       1.58913  61.25    25.420    1
  554.6238       18.4411      1.00000  0.00     25.420    0
  63.9746        1.0000       1.91082  35.25    23.520    1
  29.1749        8.7771       1.00000  0.00     23.520    0
  -72.7482       1.0000       1.43700  95.10    22.760    1
  31.9872        4.5267       1.64769  33.84    27.160    1
  -1000.0000     54.8430      1.00000  0.00     27.160    0
