# Sigma 28mm F1.8 EX DG Aspherical Macro
#
# Patent: JP2001-330771
# Converted from photonstophotos.net Optical Bench data
# 22 surfaces, 12 glass elements, f/1.9

name: Sigma 28mm F1.8 EX DG Aspherical Macro
focal_length: 27.10

surfaces:
# radius       thickness    ior      abbe     semi_ap   coating
  68.1500        4.2000       1.74330  49.50    52.640    1
  112.7800       0.2200       1.00000  0.00     51.440    0
  50.5500        1.5000       1.70154  41.00    45.480    1
  19.8000        8.1700       1.00000  0.00     36.470    0
  65.3700        0.1500       1.51840  52.10    35.060    1
  50.1000        1.5000       1.78590  44.10    35.060    1
  23.7400        12.6600      1.00000  0.00     31.300    0
  1000.0000      9.8200       1.80610  33.30    29.420    1
  -81.1400       0.1500       1.00000  0.00     29.420    0
  41.8800        7.5500       1.80610  33.30    29.420    1
  89.7000        6.8100       1.00000  0.00     29.420    0
  stop           4.3100       1.00000  0.00     27.009    0
  100.0000       6.6200       1.71300  54.10    28.920    1
  -36.0800       0.2000       1.51840  52.10    28.920    1
  -31.2200       2.6900       1.00000  0.00     28.920    0
  -44.0500       5.6000       1.69680  55.60    27.040    1
  -24.5400       1.1800       1.75520  27.50    27.040    1
  42.9200        1.9600       1.00000  0.00     22.440    0
  -220.5000      5.5800       1.60625  63.10    27.720    1
  -45.7500       0.1500       1.00000  0.00     27.720    0
  302.0000       4.7900       1.60625  63.10    29.600    1
  -37.8900       38.5200      1.00000  0.00     29.600    0
