# Sigma 24mm F1.4 DG DN A
#
# Patent: JP2023-074094
# Converted from photonstophotos.net Optical Bench data
# 32 surfaces, 17 glass elements, f/1.5

name: Sigma 24mm F1.4 DG DN A
focal_length: 23.86

surfaces:
# radius       thickness    ior      abbe     semi_ap   coating
  161.4805       2.8015       1.58313  59.38    54.530    1
  26.5270        2.7786       1.00000  0.00     40.510    0
  31.5334        1.5000       1.43700  95.10    42.040    1
  19.7048        9.4216       1.00000  0.00     34.220    0
  102.0441       3.2383       2.00069  25.46    36.280    1
  -444.8551      6.9281       1.00000  0.00     36.280    0
  -28.8940       1.0500       1.61340  44.27    29.470    1
  74.0668        0.4500       1.00000  0.00     31.430    0
  32.7524        3.0446       1.73077  40.50    30.920    1
  60.9305        3.9697       1.00000  0.00     30.920    0
  173.5602       5.9483       1.59349  67.00    32.590    1
  -34.1836       6.3557       1.00000  0.00     32.590    0
  -36.8596       0.9500       1.77047  29.74    30.280    1
  -173.8209      0.1500       1.00000  0.00     33.550    0
  44.3951        6.8110       1.77250  49.50    35.140    1
  -80.7953       0.1500       1.00000  0.00     35.140    0
  67.0933        3.8187       2.00100  29.13    33.890    1
  -237.0573      0.9500       1.61340  44.27    33.890    1
  71.4524        3.3044       1.00000  0.00     30.210    0
  stop           1.4000       1.00000  0.00     27.993    0
  225.1592       7.2264       1.55032  75.50    29.190    1
  -22.5226       0.9000       1.85451  25.15    29.190    1
  93.2011        0.1500       1.00000  0.00     25.120    0
  40.7178        0.9000       1.77047  29.74    27.580    1
  23.0838        4.7828       1.43700  95.10    24.540    1
  99.7497        0.5000       1.00000  0.00     27.580    0
  47.5495        6.1520       2.00100  29.13    30.130    1
  -47.5495       0.1500       1.00000  0.00     30.130    0
  65.5334        0.9000       1.61340  44.27    29.190    1
  35.4713        3.9899       1.00000  0.00     27.280    0
  -160.0000      1.5000       1.80610  40.73    27.280    1
  240.0000       21.7787      1.00000  0.00     29.480    0
