# Sigma 8mm F3.5 EX DG Circular Fisheye
#
# Patent: JP2008-003108
# Converted from photonstophotos.net Optical Bench data
# 18 surfaces, 11 glass elements, f/3.5

name: Sigma 8mm F3.5 EX DG Circular Fisheye
focal_length: 8.15

surfaces:
# radius       thickness    ior      abbe     semi_ap   coating
  102.1000       2.7000       1.58913  61.20    62.740    1
  17.8400        11.4700      1.00000  0.00     34.630    0
  69.1800        4.8800       1.80518  25.40    32.700    1
  -69.1800       1.5000       1.80420  46.50    32.700    1
  14.3500        14.2000      1.00000  0.00     21.780    0
  91.0300        1.9300       1.80420  46.50    16.860    1
  11.0000        6.4200       1.67270  32.10    16.860    1
  -29.1500       2.5500       1.00000  0.00     16.860    0
  -43.8700       2.8000       1.80420  46.50    11.960    1
  10.5300        3.0000       1.53172  48.60    11.960    1
  -61.8900       7.2390       1.00000  0.00     11.960    0
  stop           3.0110       1.00000  0.00     10.841    0
  35.0900        1.0000       1.71700  48.10    15.200    1
  19.9100        4.1000       1.49700  81.60    15.200    1
  -19.9100       0.1500       1.00000  0.00     15.200    0
  44.0500        1.0000       1.80610  33.30    14.840    1
  16.4400        4.0000       1.48749  70.20    14.840    1
  -28.0900       40.8006      1.00000  0.00     14.840    0
