# JP 2015-055858 Example 1
#
# Patent: JP2015-055858
# Converted from photonstophotos.net Optical Bench data
# 36 surfaces, 20 glass elements, f/4.1

name: JP 2015-055858 Example 1
focal_length: 24.85

surfaces:
# radius       thickness    ior      abbe     semi_ap   coating
  200.0000       1.7500       1.84666  23.78    68.200    1
  78.8290        8.1910       1.72916  54.67    68.040    1
  998.8660       0.1500       1.00000  0.00     68.040    0
  58.4900        6.6480       1.72916  54.67    59.680    1
  145.3560       3.5040       1.00000  0.00     59.680    0
  614.6130       0.1000       1.51840  52.10    32.480    1
  137.7290       1.1000       1.88300  40.80    32.480    1
  16.6280        7.3970       1.00000  0.00     24.140    0
  -37.2120       0.9500       1.72916  54.67    22.980    1
  106.7260       0.1730       1.00000  0.00     22.980    0
  45.1210        4.5880       1.84666  23.78    22.980    1
  -45.1210       1.0000       1.00000  0.00     22.660    0
  -28.5210       0.9000       1.72916  54.67    22.660    1
  -84.3050       24.2790      1.00000  0.00     22.500    0
  stop           1.1500       1.00000  0.00     14.207    0
  76.3230        2.3540       1.72916  54.67    23.160    1
  -578.5590      0.1500       1.00000  0.00     23.160    0
  31.8080        0.8000       2.00100  29.13    24.300    1
  19.6780        5.4990       1.43700  95.10    23.980    1
  236.4150       0.1500       1.00000  0.00     23.980    0
  56.9870        5.0320       1.49700  81.61    24.140    1
  -38.7170       2.0250       1.00000  0.00     24.140    0
  -38.1790       2.3400       1.84666  23.78    23.320    1
  -25.3210       0.9000       1.59171  66.86    23.160    1
  93.4700        1.1920       1.00000  0.00     23.160    0
  29.0120        2.4500       1.90366  31.31    24.020    1
  48.4830        2.3810       1.00000  0.00     22.740    0
  -63.5070       0.8000       1.84666  23.78    22.740    1
  -62040.0000    7.5310       1.00000  0.00     23.200    0
  35.0758        7.2780       1.58673  60.99    24.640    1
  -25.4050       0.1500       1.00000  0.00     24.640    0
  302.6930       5.9710       1.62004  36.30    23.780    1
  -20.5000       0.8000       1.90366  31.31    24.420    1
  35.1520        2.0160       1.00000  0.00     24.420    0
  429.1600       2.3810       1.91082  35.25    24.420    1
  -84.3980       38.6526      1.00000  0.00     24.420    0
