# Sigma 15mm F2.8 EX DG Diagonal Fisheye
#
# Patent: JP1990-248910
# Converted from photonstophotos.net Optical Bench data
# 14 surfaces, 7 glass elements, f/2.8

name: Sigma 15mm F2.8 EX DG Diagonal Fisheye
focal_length: 15.30

surfaces:
# radius       thickness    ior      abbe     semi_ap   coating
  74.9500        2.4700       1.69680  55.50    58.210    1
  15.5600        16.8800      1.00000  0.00     30.340    0
  45.9600        2.4700       1.78590  43.90    21.150    1
  12.2000        3.0100       1.00000  0.00     16.630    0
  21.3200        3.6100       1.76182  26.60    15.860    1
  -49.7300       1.0500       1.00000  0.00     15.860    0
  -35.0100       12.4100      1.80610  33.30    13.440    1
  -249.9600      1.5000       1.00000  0.00     16.060    0
  stop           1.5500       1.00000  0.00     14.421    0
  558.5300       5.2000       1.48749  70.40    15.460    1
  -16.1200       0.1000       1.00000  0.00     17.380    0
  74.5900        5.0400       1.48749  70.40    16.390    1
  -13.3300       0.9800       1.80518  25.50    16.390    1
  -28.0600       38.9600      1.00000  0.00     17.820    0
