# Sigma 100-400mm F5-6.3 DG OS HSM C
#
# Patent: JP2017-223778
# Converted from photonstophotos.net Optical Bench data
# 37 surfaces, 21 glass elements, f/5.2

name: Sigma 100-400mm F5-6.3 DG OS HSM C
focal_length: 103.16

surfaces:
# radius       thickness    ior      abbe     semi_ap   coating
  316.5000       2.0000       1.83481  42.72    63.890    1
  89.7500        8.2000       1.49700  81.61    61.450    1
  -415.0000      0.1500       1.00000  0.00     61.450    0
  88.0000        7.5300       1.49700  81.61    60.890    1
  -1000.0000     4.0000       1.00000  0.00     60.890    0
  111.8000       2.9700       1.69895  30.05    43.070    1
  750.0000       13.4100      1.00000  0.00     43.070    0
  340.0000       2.3500       1.54814  45.82    28.870    1
  -119.0000      0.9000       1.83481  42.72    30.290    1
  78.9000        6.1500       1.00000  0.00     30.290    0
  -340.0000      1.0000       1.72916  54.67    24.240    1
  92.7000        2.3500       1.00000  0.00     24.830    0
  -51.9000       1.0000       1.72916  54.67    24.830    1
  51.9000        2.5500       1.85478  24.80    25.060    1
  410.0000       27.7000      1.00000  0.00     25.060    0
  118.0000       3.6500       1.59349  67.00    26.880    1
  -57.4000       0.1500       1.00000  0.00     26.880    0
  60.9000        2.8500       1.59349  67.00    26.540    1
  -505.5000      0.8600       1.00000  0.00     25.660    0
  -81.0000       1.0000       2.00100  29.13    25.660    1
  -640.0000      0.1500       1.00000  0.00     27.380    0
  28.2900        4.1500       1.69895  30.05    25.180    1
  50.3000        1.0000       2.00100  29.13    25.320    1
  28.5000        4.1000       1.00000  0.00     22.820    0
  stop           30.2000      1.00000  0.00     21.313    0
  -1000.0000     2.1500       1.71736  29.50    25.770    1
  -73.0500       0.1500       1.00000  0.00     25.770    0
  65.0000        4.2500       1.65844  50.85    24.500    1
  -44.3000       1.0000       1.95375  32.32    24.500    1
  187.5000       0.2500       1.00000  0.00     24.500    0
  57.7000        2.8500       1.55032  75.50    24.160    1
  -292.5000      13.7500      1.00000  0.00     24.160    0
  77.9500        1.0000       1.95375  32.32    27.870    1
  27.5600        6.9000       1.00000  0.00     23.680    0
  -77.9500       1.0000       1.49700  81.61    22.200    1
  29.9300        5.3500       1.73800  32.26    28.020    1
  -292.5000      52.6388      1.00000  0.00     28.020    0
