# Sigma 10-20mm F3.5 EX DC HSM
#
# Patent: JP2010-243737
# Converted from photonstophotos.net Optical Bench data
# 26 surfaces, 15 glass elements, f/3.6

name: Sigma 10-20mm F3.5 EX DC HSM
focal_length: 10.36

surfaces:
# radius       thickness    ior      abbe     semi_ap   coating
  1000.0000      3.2000       1.69100  53.05    50.790    1
  19.6950        7.0820       1.00000  0.00     35.410    0
  36.2080        2.0000       1.76900  49.43    34.700    1
  23.1740        13.7130      1.00000  0.00     28.720    0
  159.6250       0.2000       1.51800  52.09    24.620    1
  119.9120       1.0000       1.80400  46.50    24.620    1
  24.3410        1.0850       1.00000  0.00     22.890    0
  25.0000        4.3830       1.69900  30.05    22.890    1
  78.8020        22.5330      1.00000  0.00     22.890    0
  stop           1.4000       1.00000  0.00     10.508    0
  216.8520       0.8000       1.90400  31.32    16.780    1
  18.1080        4.0640       1.67300  32.17    16.780    1
  -57.7360       0.1500       1.00000  0.00     16.780    0
  24.1930        3.9930       1.49700  81.61    17.640    1
  -54.2460       1.5030       1.00000  0.00     17.640    0
  -31.8710       0.8000       1.71300  53.94    14.210    1
  20.7340        2.4900       1.84700  23.78    15.920    1
  118.1810       8.7640       1.00000  0.00     15.920    0
  28.8810        5.1980       1.45900  90.28    22.420    1
  -45.8770       0.1500       1.00000  0.00     22.420    0
  693.9750       0.8500       2.00100  25.46    23.600    1
  22.5000        7.1500       1.45900  90.28    23.600    1
  -30.0000       0.1500       1.00000  0.00     23.600    0
  -633.0570      0.1500       1.51800  52.09    24.800    1
  -179.4470      3.1890       1.48700  70.44    24.800    1
  -39.7370       38.2400      1.00000  0.00     25.680    0
