# Sigma 18-50mm F2.8 DC DN C
#
# Patent: JP2022-138408
# Converted from photonstophotos.net Optical Bench data
# 24 surfaces, 13 glass elements, f/2.9

name: Sigma 18-50mm F2.8 DC DN C
focal_length: 18.60

surfaces:
# radius       thickness    ior      abbe     semi_ap   coating
  42.8265        0.9000       1.94594  17.98    39.970    1
  32.1120        6.7513       1.80420  46.50    37.530    1
  236.8753       1.2000       1.00000  0.00     36.950    0
  118.7080       1.3585       1.80610  40.73    25.920    1
  13.1547        5.3647       1.00000  0.00     18.610    0
  -29.9910       1.8181       1.61340  44.27    18.610    1
  17.2312        4.1672       1.92119  23.96    17.190    1
  -92.5541       2.4941       1.00000  0.00     16.550    0
  -16.4610       0.9000       1.87070  40.73    14.900    1
  -25.2612       12.5837      1.00000  0.00     17.150    0
  stop           1.2000       1.00000  0.00     12.103    0
  20.0155        5.0910       1.77250  49.50    20.130    1
  -53.1253       0.3000       1.00000  0.00     20.130    0
  541.6343       1.9439       1.77047  29.74    20.570    1
  13.1960        3.5741       1.49700  81.61    18.410    1
  28.3170        3.2611       1.00000  0.00     17.480    0
  28.1911        5.0638       1.59271  66.97    19.530    1
  -19.9913       1.6500       1.00000  0.00     19.530    0
  67.2826        0.9000       1.74330  49.22    16.570    1
  22.0887        8.7454       1.00000  0.00     15.800    0
  -256.5466      0.8000       1.62004  36.30    22.090    1
  237.7732       0.8117       1.00000  0.00     23.190    0
  376.5427       3.2855       1.72916  54.67    29.000    1
  -57.0348       17.6476      1.00000  0.00     29.000    0
