# JP 2015-055858 Example 3
#
# Patent: JP2015-055858
# Converted from photonstophotos.net Optical Bench data
# 31 surfaces, 17 glass elements, f/2.8

name: JP 2015-055858 Example 3
focal_length: 24.85

surfaces:
# radius       thickness    ior      abbe     semi_ap   coating
  250.0000       1.5000       1.84666  23.78    70.960    1
  82.1490        7.2060       1.77250  49.62    67.120    1
  821.4110       0.1500       1.00000  0.00     67.120    0
  62.6140        5.3530       1.77250  49.62    55.600    1
  163.3070       3.3000       1.00000  0.00     55.600    0
  104.7770       0.8500       1.85135  40.10    36.080    1
  17.2890        8.0430       1.00000  0.00     26.230    0
  -43.6060       0.8500       1.72916  54.67    26.230    1
  48.9640        0.4980       1.00000  0.00     28.080    0
  37.3030        6.2160       1.80518  25.46    25.520    1
  -44.0640       0.9800       1.00000  0.00     25.520    0
  -29.2990       0.8500       1.72916  54.67    25.200    1
  -115.9540      25.7590      1.00000  0.00     25.200    0
  stop           1.0000       1.00000  0.00     21.016    0
  35.0260        11.4840      1.49700  81.60    24.560    1
  1849.0240      0.1500       1.00000  0.00     24.560    0
  36.8490        1.0000       2.00100  29.13    25.520    1
  20.8950        5.6610       1.43700  95.10    25.200    1
  -269.3320      0.1500       1.00000  0.00     25.200    0
  35.7980        3.9400       1.49700  81.60    24.880    1
  -328.3160      2.5190       1.00000  0.00     24.880    0
  -81.9170       1.0000       1.69350  53.20    23.280    1
  34.0560        2.1420       1.92286  20.88    22.960    1
  62.0600        2.4430       1.00000  0.00     22.960    0
  34.8170        2.2380       1.49700  81.60    24.560    1
  62.1440        14.5970      1.00000  0.00     24.560    0
  61.5870        6.2190       1.80610  40.73    30.040    1
  -35.0890       0.1500       1.00000  0.00     30.040    0
  -88.8390       3.0740       1.49700  81.60    29.640    1
  -40.9640       1.0000       1.80518  25.46    29.840    1
  69.9990        40.1490      1.00000  0.00     29.840    0
