# Sigma 120-300mm F2.8 DG OS HSM Sport
#
# Patent: JP2012-027217
# Converted from photonstophotos.net Optical Bench data
# 42 surfaces, 23 glass elements, f/2.9

name: Sigma 120-300mm F2.8 DG OS HSM Sport
focal_length: 123.75

surfaces:
# radius       thickness    ior      abbe     semi_ap   coating
  296.1563       3.5000       1.80610  33.26    99.900    1
  151.5152       0.1500       1.00000  0.00     98.742    0
  151.5152       14.5835      1.43700  94.97    98.788    1
  -323.1248      0.1500       1.00000  0.00     98.746    0
  121.9843       11.1548      1.43700  94.97    96.522    1
  816.7428       2.4995       1.00000  0.00     95.568    0
  106.1720       9.7057       1.76181  26.60    62.360    1
  -241.5127      2.0000       1.48749  70.41    60.286    1
  169.1358       4.4143       1.00000  0.00     55.572    0
  269.5277       1.8000       1.72916  54.65    52.516    1
  93.0684        4.2351       1.00000  0.00     50.206    0
  -465.2950      1.7500       1.80420  46.48    50.140    1
  109.5567       5.9810       1.00000  0.00     48.740    0
  -95.1590       1.7500       1.80420  46.48    48.732    1
  422.3129       42.9416      1.00000  0.00     49.678    0
  335.5392       8.4477       1.48749  70.41    52.000    1
  -61.4768       1.7500       1.80610  33.26    52.340    1
  -94.9507       0.1500       1.00000  0.00     53.600    0
  407.3899       3.2390       1.51680  64.17    54.288    1
  -407.3899      52.8452      1.00000  0.00     54.354    0
  59.0520        9.0346       1.49700  81.58    54.394    1
  -859.0671      8.2482       1.00000  0.00     53.732    0
  49.7493        8.0000       1.77250  49.60    45.958    1
  83.0967        2.4272       1.00000  0.00     42.136    0
  661.9343       2.2000       1.80610  33.26    42.092    1
  30.9722        7.4489       1.48749  70.41    37.798    1
  72.1770        8.1747       1.00000  0.00     36.706    0
  stop           9.3966       1.00000  0.00     35.400    0
  54.6204        6.0034       1.71300  53.92    32.960    1
  1000.0000      5.0000       1.00000  0.00     31.800    0
  514.6967       4.0140       1.80518  25.45    31.228    1
  -55.3320       1.0000       1.48749  70.41    30.968    1
  37.4105        4.7078       1.00000  0.00     28.912    0
  -63.8576       1.0000       1.71300  53.92    28.896    1
  47.0346        3.8000       1.00000  0.00     29.572    0
  82.0066        6.1165       1.58144  40.87    31.612    1
  -63.0820       0.1500       1.00000  0.00     32.400    0
  68.7019        8.2426       1.48749  70.41    33.594    1
  -39.1070       1.2000       1.83400  37.33    33.628    1
  172.0806       0.1500       1.00000  0.00     34.736    0
  59.8680        5.3635       1.54072  47.18    35.816    1
  -672.9107      55.2700      1.00000  0.00     36.062    0
