# Sigma APO Macro 180mm F3.5 EX DG IF HSM
#
# Patent: JP2001-033704
# Converted from photonstophotos.net Optical Bench data
# 25 surfaces, 13 glass elements, f/3.6

name: Sigma APO Macro 180mm F3.5 EX DG IF HSM
focal_length: 178.65

surfaces:
# radius       thickness    ior      abbe     semi_ap   coating
  203.3186       4.4589       1.48749  70.40    60.570    1
  -701.8517      0.2000       1.00000  0.00     60.570    0
  65.1873        6.9575       1.49700  81.60    55.430    1
  231.0082       8.7833       1.00000  0.00     55.430    0
  105.0914       2.5000       1.83400  37.30    48.610    1
  40.4934        9.0947       1.49700  81.60    45.030    1
  837.1765       0.2000       1.00000  0.00     45.030    0
  67.1323        4.2611       1.48749  70.40    40.010    1
  196.1001       9.9681       1.00000  0.00     40.010    0
  -433.6780      2.5000       1.77250  49.60    33.520    1
  55.6005        9.2234       1.00000  0.00     30.750    0
  -1224.1984     1.5241       1.77250  49.60    34.950    1
  42.8803        3.8991       1.84666  23.80    30.030    1
  180.5401       41.2023      1.00000  0.00     30.030    0
  stop           23.1829      1.00000  0.00     29.999    0
  139.3223       4.7425       1.60311  60.70    34.950    1
  -79.0665       0.2000       1.00000  0.00     34.950    0
  137.1656       5.6264       1.60311  60.70    35.530    1
  -58.9865       1.8000       1.72825  28.30    35.530    1
  -266.5302      5.5193       1.00000  0.00     35.530    0
  0              15.1580      1.00000  0.00     34.180    0
  -129.1924      1.4778       1.51680  64.20    30.280    1
  179.4842       2.5415       1.00000  0.00     30.280    0
  -61.3636       1.5000       1.51680  64.20    31.890    1
  -274.7097      54.1414      1.00000  0.00     31.890    0
