# Sigma 18-200mm F3.5-6.3 DC
#
# Patent: JP2006-259016
# Converted from photonstophotos.net Optical Bench data
# 31 surfaces, 17 glass elements, f/3.6

name: Sigma 18-200mm F3.5-6.3 DC
focal_length: 18.78

surfaces:
# radius       thickness    ior      abbe     semi_ap   coating
  97.6740        1.5500       1.84666  23.80    51.380    1
  56.5040        7.3530       1.49700  81.60    51.380    1
  -451.7060      0.1500       1.00000  0.00     51.380    0
  52.1870        4.8200       1.72916  54.70    45.920    1
  167.1610       2.4300       1.00000  0.00     45.920    0
  88.4140        0.0800       1.51840  52.10    23.920    1
  79.2870        1.0000       1.83481  42.70    23.920    1
  12.3020        4.4720       1.00000  0.00     16.790    0
  -31.1740       0.8000       1.80420  46.50    16.790    1
  46.1100        0.1500       1.00000  0.00     18.840    0
  22.9860        5.7670       1.74077  27.80    18.060    1
  -22.9850       0.4170       1.00000  0.00     18.060    0
  -18.1650       0.8000       1.80420  46.50    14.980    1
  34.1520        1.8690       1.76182  26.60    16.380    1
  -374.2980      20.4110      1.00000  0.00     16.380    0
  stop           0.8320       1.00000  0.00     13.789    0
  28.1610        2.8580       1.49700  81.60    17.320    1
  -69.4650       0.1500       1.00000  0.00     17.320    0
  27.9210        2.7580       1.48749  70.40    17.320    1
  -94.6990       0.6840       1.00000  0.00     17.320    0
  -29.2370       1.1100       1.80610  40.70    15.030    1
  148.3810       6.1050       1.00000  0.00     17.140    0
  29.2810        4.4570       1.48749  70.40    20.460    1
  -29.2820       0.1500       1.00000  0.00     20.460    0
  42.9250        2.7100       1.48749  70.40    20.120    1
  -1508.8450     1.0580       1.00000  0.00     20.120    0
  158.9480       0.1500       1.51840  52.10    19.600    1
  -887.3570      2.8530       1.80610  40.70    19.680    1
  21.5580        1.2900       1.00000  0.00     17.210    0
  74.0120        2.9040       1.48749  70.40    19.500    1
  -74.0150       38.5800      1.00000  0.00     19.500    0
