# JP 2016-075828 Example 1
#
# Patent: JP2016-075828
# Converted from photonstophotos.net Optical Bench data
# 48 surfaces, 26 glass elements, f/2.9

name: JP 2016-075828 Example 1
focal_length: 72.41

surfaces:
# radius       thickness    ior      abbe     semi_ap   coating
  320.9564       2.5001       1.70154  41.15    77.840    1
  92.9685        1.0166       1.00000  0.00     72.720    0
  90.5436        10.4875      1.43700  95.10    76.560    1
  -517.3094      0.0999       1.00000  0.00     76.560    0
  131.2148       5.9059       1.43700  95.10    74.240    1
  1765.7095      0.1000       1.00000  0.00     74.240    0
  80.8598        8.2818       1.43700  95.10    70.920    1
  719.6553       2.4673       1.00000  0.00     70.920    0
  571.9791       5.0019       1.91082  32.25    45.320    1
  -59.6976       1.5000       1.72916  54.67    45.320    1
  54.0233        3.7874       1.00000  0.00     37.640    0
  -7920.8413     1.5000       1.62041  60.34    37.640    1
  37.6933        4.0201       1.84666  23.78    34.320    1
  90.0809        4.6647       1.00000  0.00     34.320    0
  -50.4877       1.5000       1.83481  42.72    34.320    1
  175.1500       17.2479      1.00000  0.00     37.120    0
  241.2259       4.6801       1.77250  49.62    40.200    1
  -74.5200       0.1000       1.00000  0.00     40.200    0
  117.7652       3.4988       1.80610  40.73    41.220    1
  -2751.8787     1.5000       1.84666  23.78    41.740    1
  100.4374       12.7044      1.00000  0.00     41.740    0
  78.8269        4.2005       1.80610  33.27    40.340    1
  -297.0148      1.9658       1.00000  0.00     40.340    0
  -69.1862       1.5000       1.80610  33.27    37.180    1
  1850.1920      29.5661      1.00000  0.00     41.300    0
  stop           3.3664       1.00000  0.00     36.855    0
  54.0807        6.4015       1.72916  54.67    41.620    1
  -1399.4113     0.7435       1.00000  0.00     41.620    0
  40.6750        5.2672       1.43700  95.10    39.380    1
  228.6055       0.6343       1.00000  0.00     39.380    0
  136.7370       1.5000       1.80610  33.27    37.780    1
  25.9552        7.6955       1.43700  95.10    37.460    1
  234.7050       2.2245       1.00000  0.00     37.460    0
  78.7634        3.1011       1.80518  25.46    31.700    1
  -324.4353      0.9500       1.51680  64.20    31.700    1
  33.5942        3.9793       1.00000  0.00     28.290    0
  -119.6508      0.9500       1.69895  30.05    28.290    1
  92.9496        2.2413       1.00000  0.00     31.700    0
  97.0844        4.2678       1.59349  67.00    32.420    1
  -100.1899      0.2000       1.00000  0.00     32.420    0
  85.2607        4.2090       1.43700  95.10    34.400    1
  -279.0081      5.8541       1.00000  0.00     34.400    0
  -33.2997       1.6439       1.78590  43.93    33.840    1
  -132.4959      3.8427       1.00000  0.00     36.560    0
  -13541.2201    5.1314       1.80518  25.46    40.860    1
  -61.9423       53.5495      1.00000  0.00     40.860    0
  0              1.4500       1.52301  58.59    48.300    1
  0              1.0000       1.00000  0.00     48.300    0
