# Sigma APO Zoom 70-210mm F2.8
#
# Patent: JP1994-051202
# Converted from photonstophotos.net Optical Bench data
# 32 surfaces, 17 glass elements, f/2.9

name: Sigma APO Zoom 70-210mm F2.8
focal_length: 72.56

surfaces:
# radius       thickness    ior      abbe     semi_ap   coating
  106.0700       2.5000       1.80518  25.40    72.920    1
  75.2000        0.1000       1.00000  0.00     71.720    0
  75.2000        12.4600      1.49700  81.60    71.720    1
  -737.3800      15.6200      1.00000  0.00     71.720    0
  99.4100        6.8100       1.49700  81.60    66.960    1
  689.1800       3.0000       1.00000  0.00     66.960    0
  -176.8300      5.1200       1.62588  35.80    38.620    1
  -43.0800       1.4000       1.58913  61.20    38.620    1
  50.7900        5.5600       1.00000  0.00     34.180    0
  -150.6600      1.4000       1.51009  63.50    34.360    1
  42.5000        3.7300       1.80518  25.40    34.360    1
  127.9400       2.8000       1.00000  0.00     32.760    0
  -77.7200       1.4000       1.71300  54.10    32.760    1
  239.2500       28.9300      1.00000  0.00     34.360    0
  -197.1100      2.2500       1.51742  52.20    38.440    1
  -82.2200       0.1500       1.00000  0.00     38.440    0
  160.8700       6.5900       1.56965  49.20    38.540    1
  -42.7100       1.5000       1.76182  26.50    38.540    1
  -107.8800      17.5200      1.00000  0.00     38.540    0
  57.3900        3.9900       1.49700  81.60    39.920    1
  331.1800       0.2000       1.00000  0.00     39.920    0
  36.5600        4.8900       1.49700  81.60    38.380    1
  88.7300        3.5000       1.00000  0.00     36.840    0
  stop           11.3700      1.00000  0.00     33.537    0
  110.5900       2.4400       1.68893  31.20    30.180    1
  28.5200        10.9300      1.00000  0.00     26.260    0
  65.9400        4.4200       1.54072  47.20    29.000    1
  -65.2400       7.0800       1.00000  0.00     29.000    0
  -37.6500       1.7700       1.77250  49.70    28.140    1
  218.0000       0.6100       1.00000  0.00     34.360    0
  96.2700        4.8000       1.74330  49.50    34.360    1
  -64.5500       59.9700      1.00000  0.00     34.360    0
