# Sigma 24mm F1.4 DG HSM Art
#
# Patent: JP2016-012034
# Converted from photonstophotos.net Optical Bench data
# 27 surfaces, 15 glass elements, f/1.5

name: Sigma 24mm F1.4 DG HSM Art
focal_length: 24.65

surfaces:
# radius       thickness    ior      abbe     semi_ap   coating
  53.9982        1.8000       1.92119  23.96    54.590    1
  25.7944        5.0922       1.00000  0.00     43.720    0
  45.1546        2.4000       1.58913  61.25    44.960    1
  28.8431        7.6405       1.00000  0.00     40.320    0
  100.4997       1.4000       1.43700  95.10    42.500    1
  32.8511        6.1150       1.00000  0.00     37.720    0
  143.4549       4.2773       1.90366  31.32    39.700    1
  -119.4892      3.2925       1.00000  0.00     39.700    0
  -41.2211       2.4229       1.43700  95.10    38.810    1
  59.9885        5.7000       2.00100  29.13    40.040    1
  -177.6617      5.2435       1.00000  0.00     40.040    0
  49.5300        6.9508       1.59282  68.63    34.980    1
  -64.3890       0.2000       1.00000  0.00     34.980    0
  68.3007        5.6229       1.59282  68.63    31.980    1
  -52.5390       0.9000       1.64769  33.84    31.980    1
  33.9121        5.9413       1.00000  0.00     27.060    0
  stop           4.1343       1.00000  0.00     25.140    0
  -31.5430       5.5164       1.43700  95.10    25.300    1
  -16.7305       0.9000       1.80610  33.27    27.380    1
  189.9985       3.3257       1.59282  68.63    30.060    1
  -73.8340       0.1500       1.00000  0.00     30.060    0
  67.3617        7.8492       1.59282  68.63    32.410    1
  -33.3415       0.1500       1.00000  0.00     32.410    0
  -169.3198      0.9000       1.60342  38.01    32.700    1
  77.1561        0.4138       1.00000  0.00     31.560    0
  81.0787        5.8071       1.77250  49.47    32.930    1
  -42.4883       38.4500      1.00000  0.00     32.930    0
