# Sigma 8-16mm F4.5-5.6 DC HSM
#
# Patent: JP2011-227124
# Converted from photonstophotos.net Optical Bench data
# 28 surfaces, 16 glass elements, f/4.6

name: Sigma 8-16mm F4.5-5.6 DC HSM
focal_length: 8.30

surfaces:
# radius       thickness    ior      abbe     semi_ap   coating
  34.3750        2.0000       1.91082  35.25    57.560    1
  23.3150        9.2170       1.00000  0.00     43.820    0
  77.6090        3.5000       1.77250  49.62    45.990    1
  19.1010        9.7500       1.00000  0.00     33.340    0
  26.0000        1.7980       1.77250  49.62    29.190    1
  14.7640        5.9220       1.00000  0.00     23.060    0
  -381.6040      0.9000       2.00099  29.14    24.860    1
  30.2180        0.4890       1.00000  0.00     21.110    0
  24.8920        3.9020       1.91082  35.25    23.630    1
  243.7050       21.7440      1.00000  0.00     23.630    0
  stop           1.5000       1.00000  0.00     7.289     0
  42.6160        0.8000       1.77250  49.62    8.920     1
  9.2450         2.7100       1.72824  28.32    8.920     1
  -143.9350      8.9380       1.00000  0.00     8.920     0
  -45.5130       4.4770       1.43700  95.00    15.160    1
  -9.2270        0.8000       1.77250  49.62    15.160    1
  -19.2810       0.1570       1.00000  0.00     15.160    0
  71.8320        4.6280       1.43700  95.00    17.230    1
  -16.2590       0.9000       1.00000  0.00     17.230    0
  -59.9590       2.3340       1.49700  81.61    22.490    1
  -24.4780       0.8500       1.91082  35.25    22.490    1
  20.2420        7.5030       1.43700  95.00    22.490    1
  -22.9000       1.1340       1.00000  0.00     22.490    0
  1000.0000      5.9290       1.43700  95.00    26.980    1
  -22.8720       0.2010       1.00000  0.00     26.980    0
  -30.2480       0.1000       1.51840  52.09    26.620    1
  -28.8280       2.5180       1.48749  26.96    26.960    1
  -22.4090       38.3000      1.00000  0.00     27.590    0
