# Sigma APO Macro 150mm F2.8 EX DG OS HSM
#
# Patent: JP2012-063403
# Converted from photonstophotos.net Optical Bench data
# 33 surfaces, 19 glass elements, f/2.9

name: Sigma APO Macro 150mm F2.8 EX DG OS HSM
focal_length: 150.00

surfaces:
# radius       thickness    ior      abbe     semi_ap   coating
  172.3015       6.2500       1.65844  50.85    57.700    1
  -240.1703      0.6000       1.00000  0.00     57.700    0
  117.3228       7.8700       1.49700  81.61    53.460    1
  -117.3228      1.8000       1.80518  25.46    53.460    1
  0              0.2000       1.00000  0.00     53.460    0
  51.3542        10.3700      1.49700  81.61    48.000    1
  -118.7741      1.7000       1.77250  49.62    48.000    1
  303.8511       2.4200       1.00000  0.00     48.000    0
  171.2605       1.3000       1.72916  54.67    42.000    1
  49.9070        4.2000       1.00000  0.00     38.720    0
  -944.6684      4.4500       1.84666  23.78    38.720    1
  -60.4640       1.2000       1.48749  70.44    39.820    1
  303.9765       2.2100       1.00000  0.00     39.820    0
  -315.1893      1.2000       1.72916  54.67    36.940    1
  86.6671        24.6600      1.00000  0.00     34.760    0
  stop           22.5200      1.00000  0.00     34.039    0
  99.4050        4.8500       1.72916  54.67    35.120    1
  -76.1692       0.1500       1.00000  0.00     35.120    0
  59.6187        5.8000       1.49700  81.61    33.100    1
  -59.6187       1.2000       1.80518  25.46    33.100    1
  -592.3620      2.5500       1.00000  0.00     33.100    0
  -132.8024      1.2000       1.68893  31.16    29.340    1
  307.7510       3.0000       1.00000  0.00     29.340    0
  107.4042       3.5000       1.80518  25.46    27.420    1
  -67.3066       0.9500       1.72916  54.67    27.420    1
  32.7082        3.6300       1.00000  0.00     25.060    0
  -82.6498       0.9500       1.71300  53.94    25.060    1
  110.3321       2.5000       1.00000  0.00     27.340    0
  67.0168        6.3500       1.80611  40.73    32.320    1
  -87.1218       0.7200       1.00000  0.00     32.320    0
  -228.2708      1.5500       1.75520  27.53    33.280    1
  33.1513        6.6200       1.83400  37.35    33.280    1
  581.2078       54.0200      1.00000  0.00     33.280    0
