# JP 2017-173409 Example 1
#
# Patent: JP2017-173409
# Converted from photonstophotos.net Optical Bench data
# 25 surfaces, 14 glass elements, f/1.9

name: JP 2017-173409 Example 1
focal_length: 132.00

surfaces:
# radius       thickness    ior      abbe     semi_ap   coating
  123.2737       8.6599       1.55032  75.50    75.280    1
  -517.3964      0.2000       1.00000  0.00     74.660    0
  90.7371        7.5968       1.43700  95.10    68.100    1
  484.4018       0.2000       1.00000  0.00     66.400    0
  62.8390        11.9140      1.49700  81.61    61.230    1
  -268.1175      3.0000       1.90366  31.32    59.290    1
  79.0217        3.7993       1.00000  0.00     53.860    0
  68.8115        2.5000       1.64769  52.00    52.000    1
  57.2192        6.6088       1.83481  50.33    50.330    1
  178.1879       2.6850       1.00000  0.00     48.950    0
  132.8315       4.1315       1.84666  23.78    45.640    1
  -218.4764      2.5000       1.69680  55.46    44.980    1
  36.6470        5.6216       1.00000  0.00     38.180    0
  -1098.3475     2.0000       1.48749  70.45    38.130    1
  60.6124        15.4580      1.00000  0.00     36.660    0
  stop           22.1404      1.00000  0.00     34.917    0
  742.0814       3.3278       1.77250  49.62    32.400    1
  -81.1532       0.2000       1.00000  0.00     32.590    0
  64.4348        6.9893       1.69680  55.46    32.400    1
  -42.0387       2.1241       1.62004  36.30    32.250    1
  76.7134        3.6721       1.00000  0.00     31.390    0
  -71.4290       1.5000       1.51742  52.15    31.420    1
  -194.7969      40.2498      1.00000  0.00     32.000    0
  0              1.4500       1.52301  58.59    42.830    1
  0              1.0000       1.00000  0.00     43.010    0
