# Sigma 35mm F1.4 DG DN Art
#
# Patent: JP2022-033487
# Converted from photonstophotos.net Optical Bench data
# 27 surfaces, 15 glass elements, f/1.5

name: Sigma 35mm F1.4 DG DN Art
focal_length: 33.72

surfaces:
# radius       thickness    ior      abbe     semi_ap   coating
  305.0235       2.2000       1.48749  70.44    50.060    1
  24.7212        14.4681      1.00000  0.00     40.090    0
  -50.0835       1.5000       1.43700  95.10    40.090    1
  76.0889        0.6300       1.00000  0.00     40.940    0
  59.3842        6.8109       1.88100  40.14    41.220    1
  -134.6441      3.9968       1.00000  0.00     41.220    0
  240.5313       6.4886       1.77250  49.50    37.900    1
  -43.7781       1.0000       1.59270  35.45    37.900    1
  58.9630        1.1632       1.00000  0.00     34.340    0
  46.0805        1.0000       1.61340  44.27    36.800    1
  25.4742        10.9986      1.45860  90.19    34.800    1
  -128.5813      0.1500       1.00000  0.00     37.080    0
  54.1975        7.3991       1.55032  75.50    36.940    1
  -69.1018       1.0500       1.00000  0.00     36.940    0
  stop           3.9908       1.00000  0.00     32.452    0
  -201.4141      0.9000       1.48749  70.44    31.620    1
  26.6994        12.0473      1.00000  0.00     29.700    0
  37.4241        0.8500       1.85451  25.15    29.420    1
  23.7169        7.4401       1.55032  75.50    27.380    1
  -202.1596      0.1500       1.00000  0.00     29.420    0
  44.6216        6.0412       1.95375  32.32    31.320    1
  -81.3192       0.3285       1.00000  0.00     31.320    0
  -163.4460      0.9000       1.61340  44.27    30.660    1
  22.8329        4.0260       1.00000  0.00     27.160    0
  54.8915        6.5602       1.77250  49.50    31.420    1
  -42.0436       0.9000       1.77047  29.74    31.420    1
  76.9936        20.9607      1.00000  0.00     31.420    0
