# Sigma 18-50mm F2.8-4.5 DC OS HSM
#
# Patent: JP2010-211056
# Converted from photonstophotos.net Optical Bench data
# 33 surfaces, 18 glass elements, f/2.9

name: Sigma 18-50mm F2.8-4.5 DC OS HSM
focal_length: 18.60

surfaces:
# radius       thickness    ior      abbe     semi_ap   coating
  89.7000        1.6000       1.77250  46.62    50.060    1
  31.4500        0.1500       1.51840  52.07    42.680    1
  28.1000        7.8100       1.00000  0.00     42.680    0
  218.0000       3.3200       1.84660  23.78    40.830    1
  -218.0000      7.5900       1.00000  0.00     40.830    0
  -319.6000      1.0000       1.77250  49.62    31.480    1
  99.1400        2.0400       1.00000  0.00     29.000    0
  -110.7500      1.0000       1.72920  54.67    29.000    1
  34.9800        3.1000       1.84660  23.76    28.010    1
  82.5100        24.8000      1.00000  0.00     28.010    0
  -433.6900      2.3800       1.58760  61.08    18.870    1
  -42.2000       0.0500       1.00000  0.00     18.870    0
  0              0.4500       1.00000  0.00     18.300    0
  46.5000        0.8500       1.84660  23.78    18.920    1
  19.5600        3.6000       1.77250  46.62    17.110    1
  784.0000       0.1500       1.00000  0.00     17.110    0
  21.0000        3.1800       1.49700  81.61    18.100    1
  131.9000       1.7000       1.00000  0.00     18.100    0
  stop           2.3000       1.00000  0.00     13.095    0
  -61.3300       0.8000       1.77250  49.62    13.630    1
  31.3100        1.4200       1.00000  0.00     12.360    0
  -24.5400       0.8000       1.77250  49.62    12.360    1
  24.5400        2.5300       1.84660  23.78    13.630    1
  -101.1600      7.6200       1.00000  0.00     13.630    0
  32.7000        4.6500       1.49700  81.61    18.140    1
  -24.7100       0.1500       1.00000  0.00     18.140    0
  -135.9000      2.0500       1.77250  49.62    18.930    1
  -38.6700       0.8500       1.84660  23.78    18.930    1
  0              1.5700       1.00000  0.00     19.820    0
  -1000.0000     0.1500       1.51840  52.07    20.160    1
  -135.4000      2.8600       1.48750  70.44    20.160    1
  -35.0900       0.0000       1.00000  0.00     23.230    0
  0              38.5300      1.00000  0.00     20.200    0
