# JP 2017-040769 Example 5
#
# Patent: JP2017-040769
# Converted from photonstophotos.net Optical Bench data
# 36 surfaces, 20 glass elements, f/1.8

name: JP 2017-040769 Example 5
focal_length: 51.50

surfaces:
# radius       thickness    ior      abbe     semi_ap   coating
  208.0835       2.5000       1.80610  33.27    76.580    1
  82.1778        8.6309       1.43700  95.10    73.720    1
  3616.6180      19.7423      1.00000  0.00     73.720    0
  94.1285        7.1731       1.49700  81.61    65.100    1
  -694.1117      1.0000       1.00000  0.00     65.100    0
  107.7475       4.8483       1.49700  81.61    60.400    1
  1070.3327      3.4656       1.00000  0.00     60.400    0
  -370.8798      3.5447       1.84666  23.78    42.360    1
  -63.8724       1.2000       1.49700  81.61    42.360    1
  72.6448        3.7911       1.00000  0.00     37.460    0
  -143.5278      1.1000       1.59282  68.62    37.460    1
  40.8692        3.0000       1.92285  20.88    32.340    1
  60.8147        5.2537       1.00000  0.00     32.080    0
  -43.4171       1.1000       1.64769  33.84    32.080    1
  168.9154       14.2953      1.00000  0.00     32.080    0
  0              3.7602       1.77250  49.62    40.000    1
  -73.9793       0.1500       1.00000  0.00     40.000    0
  103.9120       6.7404       1.59282  68.62    40.000    1
  -47.6012       1.1500       1.90366  31.32    39.820    1
  -136.6476      18.1112      1.00000  0.00     39.820    0
  stop           2.0000       1.00000  0.00     34.771    0
  65.0497        3.9483       1.59282  68.62    40.320    1
  -3008.3715     2.7153       1.00000  0.00     35.160    0
  -57.8007       1.0000       1.64769  33.84    35.160    1
  0              0.1500       1.00000  0.00     39.820    0
  55.7725        7.2000       1.59282  68.62    41.300    1
  150.2290       2.5057       1.00000  0.00     41.300    0
  370.8133       6.2000       2.00100  29.13    39.440    1
  -52.3964       1.6000       1.64769  33.84    39.240    1
  39.8957        4.1021       1.00000  0.00     34.540    0
  108.2174       4.7661       1.59282  68.62    37.200    1
  -75.7097       0.1500       1.00000  0.00     37.200    0
  96.4285        4.1466       1.77250  49.62    38.020    1
  -108.0949      1.1469       1.00000  0.00     35.600    0
  -61.7259       1.1000       1.67270  32.17    35.600    1
  -515.4639      48.8019      1.00000  0.00     37.820    0
