# Sigma APO Macro 180mm F2.8
#
# Patent: JP1991-278012
# Converted from photonstophotos.net Optical Bench data
# 24 surfaces, 12 glass elements, f/2.9

name: Sigma APO Macro 180mm F2.8
focal_length: 174.96

surfaces:
# radius       thickness    ior      abbe     semi_ap   coating
  289.0000       9.8000       1.49700  81.60    77.520    1
  -229.3000      0.8000       1.00000  0.00     77.520    0
  145.6500       13.9000      1.49700  81.60    76.000    1
  -145.6500      2.8000       1.00000  0.00     76.000    0
  -126.0000      4.0000       1.74950  35.00    69.660    1
  1500.0000      0.3500       1.00000  0.00     71.620    0
  87.9000        10.2000      1.49700  81.60    68.560    1
  378.0000       7.1000       1.00000  0.00     68.560    0
  -218.0000      2.4000       1.51680  64.20    47.160    1
  97.7000        6.4500       1.00000  0.00     49.440    0
  434.8000       4.3500       1.84666  23.80    46.400    1
  -166.1000      2.1000       1.51742  52.20    46.400    1
  81.6300        50.1000      1.00000  0.00     46.400    0
  1060.0000      2.0000       1.75520  27.50    45.960    1
  100.0000       7.7500       1.48749  70.40    45.960    1
  -100.0000      0.3000       1.00000  0.00     45.960    0
  88.7600        7.4500       1.48749  70.40    45.300    1
  -114.7400      8.2000       1.00000  0.00     45.300    0
  stop           12.0000      1.00000  0.00     33.037    0
  0              17.2500      1.00000  0.00     27.600    0
  -81.9000       1.4000       1.83400  37.40    29.780    1
  51.5800        1.6000       1.00000  0.00     29.780    0
  51.8000        4.3000       1.84666  23.80    31.320    1
  279.0000       42.4000      1.00000  0.00     31.320    0
