# Sigma 14-24mm F2.8 DG HSM Art
#
# Patent: JP2018-189733
# Converted from photonstophotos.net Optical Bench data
# 29 surfaces, 17 glass elements, f/2.9

name: Sigma 14-24mm F2.8 DG HSM Art
focal_length: 14.50

surfaces:
# radius       thickness    ior      abbe     semi_ap   coating
  103.2579       3.9000       1.69350  53.18    77.780    1
  30.9115        8.0372       1.00000  0.00     56.920    0
  40.7164        2.7500       2.00100  29.13    59.660    1
  23.7204        9.2439       1.00000  0.00     43.900    0
  55.7625        2.0500       1.58913  61.25    44.760    1
  28.3734        6.7015       1.00000  0.00     40.460    0
  82.8041        1.4000       1.55032  75.50    39.940    1
  45.0874        7.5827       1.00000  0.00     37.200    0
  -77.7055       1.5463       1.43700  95.10    36.360    1
  36.4668        6.1330       1.90043  37.37    37.720    1
  -775.0963      29.2621      1.00000  0.00     37.720    0
  57.6150        0.8000       1.92286  20.88    24.060    1
  21.7173        4.5092       1.72047  34.71    24.060    1
  178.1154       0.1500       1.00000  0.00     24.060    0
  41.7845        6.1027       1.85478  24.80    24.060    1
  -34.1098       0.8000       1.87071  40.73    24.060    1
  90.6372        8.4844       1.00000  0.00     24.060    0
  stop           1.2451       1.00000  0.00     17.266    0
  61.7430        1.6529       1.83481  42.72    24.580    1
  22.4609        8.7241       1.43700  95.10    24.580    1
  -22.4609       0.9000       1.88300  40.80    24.580    1
  -54.0822       0.1500       1.00000  0.00     24.580    0
  30.5430        6.6588       1.43700  95.10    25.260    1
  -38.9423       0.1500       1.00000  0.00     25.260    0
  33.4494        0.9000       1.88300  40.80    26.020    1
  17.2295        5.1983       1.49700  81.61    26.020    1
  40.7628        3.0166       1.00000  0.00     24.480    0
  -59.7876       2.5013       1.55332  71.68    24.480    1
  -33.3434       38.8500      1.00000  0.00     26.780    0
