# Sigma 28-45mm F1.8 DG DN A
#
# Patent: CN120386081
# Converted from photonstophotos.net Optical Bench data
# 34 surfaces, 18 glass elements, f/1.9

name: Sigma 28-45mm F1.8 DG DN A
focal_length: 28.84

surfaces:
# radius       thickness    ior      abbe     semi_ap   coating
  62.8412        2.5000       1.69350  53.18    60.070    1
  33.7141        6.8143       1.00000  0.00     50.790    0
  69.5030        1.6000       1.55200  70.70    50.790    1
  32.0589        11.4771      1.00000  0.00     44.400    0
  -100.6393      1.2000       1.59349  67.00    44.400    1
  131.3025       0.2000       1.00000  0.00     46.160    0
  55.0603        3.3027       1.94594  17.98    43.640    1
  105.6073       19.1743      1.00000  0.00     42.980    0
  57.1246        4.1036       1.72916  54.67    39.290    1
  370.9703       12.0903      1.00000  0.00     39.290    0
  -46.6108       1.0000       1.70300  52.38    37.040    1
  316.5784       6.1487       1.00000  0.00     40.940    0
  82.6292        5.5014       2.00100  29.13    44.230    1
  1000.0000      0.1500       1.00000  0.00     44.230    0
  113.6023       6.2500       1.85135  40.10    43.910    1
  -85.0000       0.1500       1.00000  0.00     43.910    0
  -161.1335      1.0000       1.75520  27.53    45.880    1
  43.4754        10.4757      1.55032  75.50    43.910    1
  -138.4530      0.1500       1.00000  0.00     43.910    0
  145.7610       9.1551       1.48071  85.29    46.680    1
  -50.0098       2.3000       1.00000  0.00     46.680    0
  stop           1.0000       1.00000  0.00     28.092    0
  48.4843        5.9411       1.55032  75.50    30.800    1
  -63.0665       1.0000       1.84666  23.78    30.800    1
  41.9346        4.4326       1.00000  0.00     25.860    0
  -54.6452       3.8799       1.59282  68.62    23.120    1
  -21.9774       1.0000       1.61340  44.27    25.860    1
  392.2475       3.2698       1.00000  0.00     28.580    0
  91.5064        3.0439       1.98612  16.48    31.650    1
  -237.3723      0.1500       1.00000  0.00     31.650    0
  160.0150       3.9676       1.87070  40.73    32.860    1
  -71.3877       7.8385       1.00000  0.00     32.860    0
  -266.3635      3.9000       1.80610  40.73    34.130    1
  101.2174       24.4912      1.00000  0.00     31.760    0
