# Sigma 14mm F4 (dp0 Quattro)
#
# Patent: JP2016-139087
# Converted from photonstophotos.net Optical Bench data
# 21 surfaces, 11 glass elements, f/4.1

name: Sigma 14mm F4 (dp0 Quattro)
focal_length: 13.97

surfaces:
# radius       thickness    ior      abbe     semi_ap   coating
  23.0837        2.0000       1.58313  59.46    32.180    1
  9.0102         3.1875       1.00000  0.00     21.730    0
  16.1661        1.2000       1.49700  81.60    23.380    1
  10.5125        16.7970      1.00000  0.00     18.110    0
  -200.0000      1.0000       1.43700  95.10    14.820    1
  77.0673        4.4772       1.00000  0.00     14.820    0
  stop           2.6974       1.00000  0.00     8.156     0
  33.1050        0.8000       1.59282  68.62    10.480    1
  9.9000         3.5521       1.51680  64.19    10.480    1
  -29.6381       3.3000       1.00000  0.00     10.760    0
  0              1.4753       1.00000  0.00     9.260     0
  18.5751        3.1373       1.43700  95.10    13.220    1
  202.4366       3.3777       1.00000  0.00     13.220    0
  68.6065        1.4048       1.83481  42.72    15.660    1
  18.8114        4.7258       1.43700  95.10    15.660    1
  -18.8114       2.6357       1.00000  0.00     15.660    0
  40.1618        4.7212       1.43700  95.10    17.000    1
  -15.6140       0.7500       1.88300  40.80    17.000    1
  -62.2753       2.5693       1.00000  0.00     17.000    0
  -27.7936       1.1000       1.80610  40.73    17.900    1
  -47.8074       17.6874      1.00000  0.00     19.780    0
