# Sigma 45mm F2.8 DG DN C
#
# Patent: JP2019-211703
# Converted from photonstophotos.net Optical Bench data
# 18 surfaces, 9 glass elements, f/2.9

name: Sigma 45mm F2.8 DG DN C
focal_length: 43.93

surfaces:
# radius       thickness    ior      abbe     semi_ap   coating
  23.3681        3.7585       1.77250  49.50    20.010    1
  144.1153       0.3080       1.00000  0.00     18.300    0
  45.1236        0.8000       1.51742  52.15    16.740    1
  16.3472        4.6499       1.00000  0.00     14.580    0
  stop           8.3114       1.00000  0.00     12.900    0
  -12.2130       0.8000       1.69895  30.05    12.850    1
  55.6607        4.2213       1.87070  40.73    14.540    1
  -18.8353       0.1500       1.00000  0.00     15.600    0
  37.4761        4.7493       1.58913  61.25    17.900    1
  -23.9712       1.7666       1.00000  0.00     18.500    0
  109.6497       0.9857       1.67300  38.26    18.970    1
  21.1832        8.7012       1.00000  0.00     19.200    0
  -19.7354       0.8000       1.75211  25.05    21.870    1
  -29.9543       0.1500       1.00000  0.00     23.660    0
  95.8651        2.5968       1.98612  16.48    28.200    1
  -580.7065      16.3216      1.00000  0.00     28.720    0
  0              2.5000       1.51633  64.14    49.250    1
  0              2.0000       1.00000  0.00     49.250    0
