# Sigma 60-600mm F4.5-6.3 DG OS HSM S
#
# Patent: JP2020-020948
# Converted from photonstophotos.net Optical Bench data
# 45 surfaces, 25 glass elements, f/4.5

name: Sigma 60-600mm F4.5-6.3 DG OS HSM S
focal_length: 62.03

surfaces:
# radius       thickness    ior      abbe     semi_ap   coating
  191.4478       3.0000       1.87071  40.73    94.130    1
  113.3602       10.0505      1.49700  81.61    94.310    1
  1000.0000      0.1500       1.00000  0.00     94.310    0
  125.6151       10.1084      1.43700  95.10    90.580    1
  0              4.4174       1.00000  0.00     90.580    0
  133.4879       4.4571       1.80518  25.46    52.310    1
  -498.8095      1.5000       1.87071  40.73    52.310    1
  74.0328        3.2320       1.00000  0.00     46.710    0
  457.8311       1.5000       1.87071  40.73    46.530    1
  68.7453        34.7575      1.00000  0.00     43.720    0
  96.7106        3.6537       1.60342  38.01    35.510    1
  -537.0800      7.8844       1.00000  0.00     35.510    0
  51.0188        3.2604       1.51742  52.15    33.090    1
  123.3817       4.8080       1.00000  0.00     33.090    0
  -490.1727      0.9000       1.75700  47.82    31.030    1
  63.0806        4.1944       1.00000  0.00     29.980    0
  -48.5730       1.0000       1.61997  63.88    29.980    1
  88.4615        3.1979       1.85478  24.80    32.530    1
  -307.1652      51.3574      1.00000  0.00     32.530    0
  305.1027       3.5176       1.80610  33.27    37.150    1
  -139.8486      0.5148       1.00000  0.00     37.150    0
  84.3581        3.8214       1.59349  67.00    36.700    1
  -182.5452      1.0000       1.84666  23.78    36.700    1
  811.1016       7.9000       1.00000  0.00     36.700    0
  stop           7.9164       1.00000  0.00     30.998    0
  48.7235        3.8942       1.58913  61.25    33.110    1
  183.5032       0.1500       1.00000  0.00     33.110    0
  67.2019        0.9000       1.95375  32.32    32.670    1
  39.2014        2.0725       1.00000  0.00     28.790    0
  53.4025        6.1050       1.43700  95.10    30.870    1
  -53.4025       1.0000       1.91082  35.25    30.870    1
  -308.2583      10.3019      1.00000  0.00     30.870    0
  251.9085       0.9000       1.87071  40.73    30.140    1
  71.7942        10.0309      1.00000  0.00     30.140    0
  303.8818       4.2555       1.56883  56.04    31.920    1
  -89.4946       0.1500       1.00000  0.00     31.920    0
  59.1502        4.3580       1.62041  60.34    32.220    1
  -376.9348      2.1949       1.00000  0.00     32.220    0
  -216.5223      2.9225       1.67300  38.15    28.630    1
  -72.3284       0.7528       1.00000  0.00     28.630    0
  -151.7296      1.0000       1.43700  95.10    27.740    1
  44.3172        19.9501      1.00000  0.00     27.740    0
  -35.2519       0.9000       1.95375  32.32    26.410    1
  118.4711       4.3638       1.85478  24.80    29.770    1
  -51.0206       53.5844      1.00000  0.00     29.770    0
