# Sigma Macro 105mm F2.8 EX DG OS HSM
#
# Patent: JP2012-058682
# Converted from photonstophotos.net Optical Bench data
# 28 surfaces, 16 glass elements, f/2.9

name: Sigma Macro 105mm F2.8 EX DG OS HSM
focal_length: 101.71

surfaces:
# radius       thickness    ior      abbe     semi_ap   coating
  129.0850       4.5536       1.80420  46.50    44.600    1
  -168.4560      0.7593       1.00000  0.00     44.600    0
  60.1581        6.7285       1.49700  81.61    38.740    1
  -82.4177       1.2000       1.76182  26.61    38.740    1
  107.3900       0.1500       1.00000  0.00     31.660    0
  49.2292        3.5517       1.59282  68.62    32.720    1
  260.5460       2.9138       1.00000  0.00     32.720    0
  -359.5780      0.9500       1.60342  38.01    32.720    1
  26.4941        4.9881       1.00000  0.00     27.380    0
  -80.7403       1.0000       1.51680  64.20    27.380    1
  29.3575        3.9702       1.84666  23.78    29.140    1
  86.6184        20.1047      1.00000  0.00     27.900    0
  stop           2.3500       1.00000  0.00     30.017    0
  249.8780       2.9386       1.80518  25.46    32.280    1
  -161.2120      22.7964      1.00000  0.00     32.280    0
  570.8840       3.0684       1.80420  46.50    30.420    1
  -76.7882       0.1500       1.00000  0.00     30.420    0
  75.4847        5.7703       1.72916  54.67    29.540    1
  -38.7023       1.0000       1.76182  26.61    29.540    1
  218.3240       5.4077       1.00000  0.00     29.540    0
  -399.5920      3.3872       1.80518  25.46    27.360    1
  -41.4772       0.9500       1.77250  49.62    27.360    1
  41.4772        4.3666       1.00000  0.00     26.480    0
  -78.7902       1.2000       1.80610  33.27    27.880    1
  42.8746        5.6999       1.72916  54.67    31.460    1
  -93.6099       0.1500       1.00000  0.00     31.460    0
  53.7454        4.6951       1.58913  61.25    34.520    1
  -449.7860      53.3001      1.00000  0.00     34.520    0
