# JP 2016-045435 Example 2
#
# Patent: JP2016-045435
# Converted from photonstophotos.net Optical Bench data
# 37 surfaces, 21 glass elements, f/4.1

name: JP 2016-045435 Example 2
focal_length: 72.13

surfaces:
# radius       thickness    ior      abbe     semi_ap   coating
  114.5709       1.7000       1.69479  53.41    58.460    1
  75.7097        6.9402       1.43700  95.10    58.460    1
  1000.0000      15.9350      1.00000  0.00     58.460    0
  70.8617        1.5000       1.70154  41.15    50.600    1
  46.5586        9.0766       1.49700  81.61    47.580    1
  -1000.0000     4.1536       1.00000  0.00     50.340    0
  0              1.3113       1.48749  70.44    28.960    1
  -219.0413      3.5000       1.00000  0.00     28.960    0
  -183.7015      0.8000       1.77250  49.62    24.480    1
  40.5430        2.7812       1.00000  0.00     21.390    0
  -44.2563       0.8000       1.72916  54.67    21.390    1
  33.9595        3.2099       1.84666  23.78    23.060    1
  865.7356       17.2849      1.00000  0.00     23.060    0
  747.7732       3.9589       1.59282  68.62    24.220    1
  -60.0147       0.1500       1.00000  0.00     24.220    0
  42.1570        7.3564       1.65844  50.85    25.140    1
  -42.1570       0.9000       1.75520  27.53    25.280    1
  229.9000       1.9320       1.00000  0.00     25.280    0
  stop           3.7057       1.00000  0.00     21.593    0
  -40.8335       0.8000       1.61800  63.40    24.220    1
  89.4985        2.1453       1.72825  28.32    24.220    1
  -1000.0000     16.6833      1.00000  0.00     24.220    0
  -220.0000      3.2253       1.80611  40.73    27.580    1
  -41.1881       0.1500       1.00000  0.00     27.580    0
  60.0000        5.6412       1.49700  81.61    27.580    1
  -39.5389       0.8000       2.00069  25.46    27.160    1
  -254.8266      0.1500       1.00000  0.00     27.160    0
  47.1102        2.8910       1.74400  44.90    27.380    1
  162.1584       10.7097      1.00000  0.00     27.380    0
  69.5000        0.8000       1.91082  35.25    26.760    1
  32.1203        2.4338       1.00000  0.00     26.100    0
  243.5562       3.7372       1.64769  33.84    26.100    1
  -43.8413       3.5108       1.00000  0.00     26.560    0
  -37.6588       0.9000       1.80420  46.50    26.560    1
  52.1500        0.4766       1.00000  0.00     26.560    0
  46.6013        3.8500       1.74077  27.76    27.780    1
  -620.0000      52.0021      1.00000  0.00     27.780    0
