# Sigma 50mm F1.4 DG DN A
#
# Patent: JP2023-183894
# Converted from photonstophotos.net Optical Bench data
# 26 surfaces, 14 glass elements, f/1.4

name: Sigma 50mm F1.4 DG DN A
focal_length: 48.72

surfaces:
# radius       thickness    ior      abbe     semi_ap   coating
  75.1052        8.0761       1.92286  20.88    60.300    1
  -663.2678      3.2104       1.00000  0.00     60.300    0
  -221.0442      1.3000       1.51742  52.15    51.860    1
  28.0267        12.2601      1.00000  0.00     38.410    0
  -43.0741       1.2859       1.80518  25.46    37.640    1
  150.8870       1.0283       1.00000  0.00     40.560    0
  89.2900        7.4823       1.76450  49.10    41.120    1
  -55.1739       0.5621       1.00000  0.00     41.120    0
  76.0950        10.9740      1.59282  68.62    42.160    1
  -36.3741       1.2000       1.69895  30.05    42.160    1
  -419.5413      0.1500       1.00000  0.00     42.160    0
  249.5104       5.3632       1.88300  40.80    42.160    1
  -67.6164       2.3076       1.00000  0.00     42.160    0
  stop           3.5500       1.00000  0.00     35.127    0
  89.3570        1.8779       1.59201  67.02    35.600    1
  26.4444        16.8119      1.00000  0.00     31.860    0
  143.6922       10.0848      1.75500  52.32    31.620    1
  -21.2474       0.9000       1.85451  25.15    31.620    1
  -220.4492      0.1500       1.00000  0.00     31.620    0
  78.1343        5.6421       2.00100  29.13    32.960    1
  -59.5828       0.1500       1.00000  0.00     32.960    0
  202.6288       3.5861       1.94595  17.98    32.660    1
  -80.8939       1.0025       1.62004  36.30    32.660    1
  32.3684        6.7925       1.00000  0.00     28.870    0
  -35.5202       2.1000       1.68948  31.02    28.950    1
  -68.5557       19.3272      1.00000  0.00     33.100    0
