# Sigma 30mm F2.8 (dp2 Merrill/Quattro)
#
# Patent: JP2013-156459
# Converted from photonstophotos.net Optical Bench data
# 17 surfaces, 9 glass elements, f/2.9

name: Sigma 30mm F2.8 (dp2 Merrill/Quattro)
focal_length: 29.60

surfaces:
# radius       thickness    ior      abbe     semi_ap   coating
  15.3600        3.5000       1.88300  40.80    14.440    1
  -151.1900      0.9000       1.67270  32.17    14.440    1
  17.5000        2.4500       1.00000  0.00     9.420     0
  stop           3.5800       1.00000  0.00     8.387     0
  -15.4700       0.8000       1.69895  30.05    8.420     1
  15.4700        3.1500       1.88300  40.80    12.400    1
  -94.3500       0.6900       1.00000  0.00     12.400    0
  34.8200        3.3500       1.77250  49.47    15.240    1
  -26.1800       2.3200       1.00000  0.00     15.240    0
  150.1500       0.9000       1.58144  40.89    17.420    1
  43.8800        5.4600       1.00000  0.00     17.420    0
  -12.3800       0.9000       1.53172  48.84    17.720    1
  -1000.0000     0.1500       1.00000  0.00     22.620    0
  63.8200        4.5500       1.91082  35.25    26.240    1
  -49.1000       1.0000       1.00000  0.00     26.240    0
  0              1.2000       1.52301  58.59    27.960    1
  0              4.9300       1.00000  0.00     27.960    0
