# Sigma 85mm F1.4 DG HSM A
#
# Patent: JP2018-005099
# Converted from photonstophotos.net Optical Bench data
# 29 surfaces, 15 glass elements, f/1.5

name: Sigma 85mm F1.4 DG HSM A
focal_length: 83.44

surfaces:
# radius       thickness    ior      abbe     semi_ap   coating
  104.0442       4.4464       1.72916  54.67    82.120    1
  167.8974       0.1500       1.00000  0.00     79.460    0
  61.9455        9.6589       1.55032  75.50    75.460    1
  154.9253       0.4340       1.00000  0.00     73.060    0
  122.6403       2.8438       1.61340  44.27    71.460    1
  54.8348        12.7043      1.00000  0.00     61.250    0
  -143.9032      1.7088       1.73800  32.26    61.250    1
  223.6970       4.9280       1.00000  0.00     63.180    0
  -208.5938      1.7316       1.73800  32.26    60.780    1
  208.5938       4.3329       1.00000  0.00     60.780    0
  304.2910       4.7667       1.92286  20.88    61.580    1
  -304.2910      1.0000       1.00000  0.00     61.580    0
  109.7199       9.4961       1.55032  75.50    61.060    1
  -142.6359      16.6759      1.00000  0.00     61.060    0
  55.3534        4.4778       1.88300  40.80    55.460    1
  91.4164        0.1508       1.00000  0.00     53.060    0
  32.7021        8.4339       1.80420  46.50    49.320    1
  56.2353        1.6471       1.69895  30.05    49.320    1
  23.7920        11.1146      1.00000  0.00     37.580    0
  stop           4.7467       1.00000  0.00     33.252    0
  -57.4621       1.3979       1.73800  32.26    35.460    1
  30.4304        7.8411       1.88300  40.80    35.460    1
  -286.5983      2.1988       1.00000  0.00     35.460    0
  -73.5440       1.4194       1.67270  32.17    34.380    1
  116.0752       0.5209       1.00000  0.00     34.380    0
  74.3249        8.0000       1.85135  40.10    35.980    1
  -55.4665       37.0799      1.00000  0.00     35.980    0
  0              1.4500       1.52301  58.59    47.180    1
  0              1.0000       1.00000  0.00     47.180    0
