# Sigma APO Macro 180mm F2.8 EX DG OS HSM
#
# Patent: JP2013-104994
# Converted from photonstophotos.net Optical Bench data
# 34 surfaces, 19 glass elements, f/2.9

name: Sigma APO Macro 180mm F2.8 EX DG OS HSM
focal_length: 174.60

surfaces:
# radius       thickness    ior      abbe     semi_ap   coating
  502.7544       4.9645       1.51680  64.20    77.820    1
  -502.7544      0.2500       1.00000  0.00     77.820    0
  227.4305       5.9179       1.43700  95.10    75.940    1
  -1000.0000     0.2500       1.00000  0.00     75.940    0
  132.3846       5.9221       1.43700  95.10    71.840    1
  634.3574       0.2500       1.00000  0.00     71.840    0
  100.0713       10.3585      1.59349  67.00    66.200    1
  -186.4796      2.5000       1.80610  40.73    65.860    1
  269.9115       4.9234       1.00000  0.00     60.240    0
  789.5498       2.5000       1.77250  49.62    56.300    1
  105.7920       3.8000       1.00000  0.00     56.300    0
  0              4.4176       1.80518  25.46    53.060    1
  -138.2928      2.0000       1.51823  58.96    52.900    1
  98.1202        73.9422      1.00000  0.00     48.460    0
  57.5218        4.6931       1.72916  54.67    39.960    1
  996.1094       0.1500       1.00000  0.00     39.960    0
  61.0475        1.3000       1.80610  33.27    38.080    1
  29.5595        8.3023       1.43700  95.10    38.080    1
  -1000.0000     5.8630       1.00000  0.00     38.080    0
  stop           2.7464       1.00000  0.00     28.987    0
  -116.8912      2.1207       1.80518  25.46    29.020    1
  50.7383        4.1973       1.00000  0.00     29.020    0
  65.0249        5.6223       1.80518  25.46    28.340    1
  -95.7593       3.5133       1.00000  0.00     28.340    0
  93.4176        0.9000       1.62041  60.34    25.780    1
  19.8131        3.1430       1.80518  25.46    25.780    1
  27.8919        4.3024       1.00000  0.00     21.860    0
  -73.9049       0.9000       1.58913  61.25    21.520    1
  56.8499        2.9237       1.00000  0.00     25.960    0
  67.7077        2.7826       1.62041  60.34    30.740    1
  308.2191       1.2017       1.00000  0.00     30.740    0
  62.8338        1.3000       1.84666  23.78    33.980    1
  28.6712        9.5000       1.80610  40.73    33.980    1
  -434.5575      53.2900      1.00000  0.00     33.980    0
