# Sigma 600mm F8 Mirror MF ZEN
#
# Patent: JP1987-184425
# Converted from photonstophotos.net Optical Bench data
# 11 surfaces, 5 glass elements, f/8.1

name: Sigma 600mm F8 Mirror MF ZEN
focal_length: 579.94

surfaces:
# radius       thickness    ior      abbe     semi_ap   coating
  535.0000       10.0000      1.51680  64.20    89.700    1
  0              72.1000      1.00000  0.00     89.700    0
  -165.0800      9.5300       1.51680  64.20    81.980    1
  -252.7000      0.0000       1.00000  0.00     84.710    0
  -252.7000      0.0000       1.00000  0.00     77.300    0
  -123.6500      0.0000       1.00000  0.00     39.790    0
  -312.1600      14.0000      1.51680  64.20    28.820    1
  -165.0800      9.5300       1.51680  64.20    28.820    1
  -252.7000      12.5600      1.00000  0.00     28.820    0
  -49.4000       2.0000       1.51680  64.20    25.950    1
  295.0000       50.4800      1.00000  0.00     29.910    0
