# Sigma 24mm F1.8 EX DG Aspherical Macro
#
# Patent: JP2001-330771
# Converted from photonstophotos.net Optical Bench data
# 22 surfaces, 12 glass elements, f/1.9

name: Sigma 24mm F1.8 EX DG Aspherical Macro
focal_length: 24.69

surfaces:
# radius       thickness    ior      abbe     semi_ap   coating
  69.1200        4.3300       1.72342  38.00    52.660    1
  130.2300       0.1500       1.00000  0.00     52.660    0
  45.5600        1.5000       1.83400  37.30    43.240    1
  19.5000        7.5600       1.00000  0.00     35.060    0
  65.4500        0.2000       1.51840  52.10    33.560    1
  54.4700        1.5000       1.78590  44.10    33.560    1
  22.3800        12.9000      1.00000  0.00     29.720    0
  313.1900       10.0800      1.80518  25.40    27.820    1
  -107.9400      0.3000       1.00000  0.00     27.820    0
  50.8500        7.8600       1.83400  37.30    28.640    1
  160.2300       5.9600       1.00000  0.00     28.640    0
  stop           4.6900       1.00000  0.00     27.036    0
  99.1400        6.6200       1.71300  54.10    28.900    1
  -36.1100       0.2000       1.51840  52.10    28.900    1
  -31.2100       2.1900       1.00000  0.00     28.900    0
  -50.0300       6.0800       1.69680  55.60    26.860    1
  -24.4600       3.2400       1.75520  27.50    26.860    1
  42.8800        1.8200       1.00000  0.00     22.950    0
  -410.6600      3.7500       1.71300  54.10    27.400    1
  -55.2900       0.1500       1.00000  0.00     27.400    0
  354.2600       4.7500       1.60625  63.10    29.460    1
  -37.7900       38.6000      1.00000  0.00     29.460    0
