# Sigma 50-200mm F4-5.6 DC OS HSM
#
# Patent: JP2010-152247
# Converted from photonstophotos.net Optical Bench data
# 25 surfaces, 14 glass elements, f/4.1

name: Sigma 50-200mm F4-5.6 DC OS HSM
focal_length: 51.59

surfaces:
# radius       thickness    ior      abbe     semi_ap   coating
  292.0686       3.7068       1.51680  64.20    45.340    1
  -201.5273      10.0982      1.00000  0.00     45.340    0
  48.2562        1.3000       1.80520  25.46    39.800    1
  34.0463        7.2842       1.49700  81.61    35.740    1
  -578.3373      4.0128       1.00000  0.00     39.580    0
  -99.4911       1.0000       1.71300  53.94    21.660    1
  14.7661        4.2413       1.80520  25.46    21.660    1
  38.6286        2.0234       1.00000  0.00     17.640    0
  -40.4791       0.7500       1.80420  46.50    17.640    1
  244.5207       27.0855      1.00000  0.00     19.520    0
  stop           1.6751       1.00000  0.00     18.378    0
  41.7698        2.8652       1.51680  64.20    21.240    1
  -194.1397      0.1500       1.00000  0.00     21.240    0
  32.2954        2.9456       1.48750  70.44    21.240    1
  335.3027       0.6129       1.00000  0.00     21.240    0
  43.1692        4.7282       1.48750  70.44    21.020    1
  -29.7868       2.5202       1.80520  25.46    21.020    1
  113.3599       10.1849      1.00000  0.00     21.020    0
  659.0376       2.8892       1.78470  25.72    18.040    1
  -35.7165       3.9956       1.00000  0.00     18.040    0
  31.7575        2.9992       1.51680  64.20    17.180    1
  142.8728       1.5541       1.00000  0.00     15.920    0
  -24.7218       1.0000       1.80420  46.50    15.920    1
  24.7218        2.8273       1.58140  40.89    17.180    1
  -678.0797      39.5500      1.00000  0.00     17.180    0
