# Sigma 17-70mm F2.8-4 DC Macro OS HSM
#
# Patent: JP2011-128361
# Converted from photonstophotos.net Optical Bench data
# 32 surfaces, 18 glass elements, f/2.9

name: Sigma 17-70mm F2.8-4 DC Macro OS HSM
focal_length: 17.61

surfaces:
# radius       thickness    ior      abbe     semi_ap   coating
  199.3000       1.6000       1.84666  23.79    58.310    1
  74.3800        6.0500       1.72916  54.67    53.170    1
  1000.0000      0.1500       1.00000  0.00     53.170    0
  57.7000        4.9000       1.77250  49.62    48.110    1
  160.5000       3.8000       1.00000  0.00     47.740    0
  110.5000       0.0900       1.51840  52.07    29.300    1
  60.7500        1.0000       1.83481  42.72    29.300    1
  13.3900        5.9600       1.00000  0.00     20.120    0
  -38.0000       0.8500       1.77250  49.62    20.120    1
  38.0000        0.6600       1.00000  0.00     20.910    0
  28.7000        4.8000       1.64769  33.84    18.720    1
  -28.7000       0.8600       1.00000  0.00     17.710    0
  -18.5700       0.8500       1.77250  49.62    17.710    1
  61.3800        2.6500       1.84666  23.78    17.790    1
  -61.3800       17.7700      1.00000  0.00     17.790    0
  stop           0.9300       1.00000  0.00     15.678    0
  39.1300        3.5000       1.48749  70.45    18.650    1
  -39.1300       0.1500       1.00000  0.00     18.650    0
  43.7100        3.9500       1.48749  70.45    17.710    1
  -27.6000       1.0000       1.90366  31.32    17.710    1
  -1000.0000     1.7700       1.00000  0.00     17.710    0
  -43.2800       1.0000       1.58913  61.25    17.780    1
  56.2700        1.9300       1.64769  33.84    18.730    1
  0              1.5000       1.00000  0.00     18.730    0
  45.9700        2.4500       1.75520  27.53    20.170    1
  166.5200       6.5000       1.00000  0.00     20.170    0
  32.2100        4.3500       1.58913  61.25    20.790    1
  -82.7100       2.4100       1.00000  0.00     20.790    0
  116.9600       0.9000       2.00069  25.46    19.580    1
  29.4300        1.3600       1.00000  0.00     19.160    0
  182.4300       5.3000       1.45860  90.20    19.160    1
  -24.3500       40.0181      1.00000  0.00     20.970    0
