# Sigma 24-70mm F2.8 DG OS HSM A
#
# Patent: JP2017-156719
# Converted from photonstophotos.net Optical Bench data
# 34 surfaces, 19 glass elements, f/2.9

name: Sigma 24-70mm F2.8 DG OS HSM A
focal_length: 24.84

surfaces:
# radius       thickness    ior      abbe     semi_ap   coating
  545.5945       1.7500       1.92286  20.88    69.650    1
  121.8328       7.1165       1.72916  54.67    66.860    1
  -1000.0000     0.1500       1.00000  0.00     65.870    0
  52.0662        7.1114       1.80420  46.50    58.870    1
  117.7820       3.4411       1.00000  0.00     57.510    0
  134.9082       1.1500       1.85135  40.10    32.830    1
  16.5543        8.6668       1.00000  0.00     24.360    0
  -26.8666       0.9000       1.72916  54.67    23.820    1
  26.8666        4.3954       1.83481  42.72    23.310    1
  532.3053       0.3842       1.00000  0.00     23.070    0
  101.5519       4.9171       1.80809  22.76    22.890    1
  -36.2320       1.4343       1.00000  0.00     23.030    0
  -24.0649       0.9000       1.88300  40.81    22.890    1
  -52.6726       15.9358      1.00000  0.00     23.720    0
  stop           1.1500       1.00000  0.00     25.990    0
  39.5105        5.1134       1.80610  40.73    28.560    1
  -113.8827      0.1500       1.00000  0.00     28.610    0
  212.1631       3.0782       1.61997  63.88    28.550    1
  -81.0902       0.1500       1.00000  0.00     28.440    0
  200.0000       0.9000       1.85478  24.80    27.750    1
  26.1614        7.4660       1.49700  81.61    26.700    1
  -71.9203       2.6285       1.00000  0.00     26.580    0
  -73.8939       1.1162       1.77250  49.50    24.730    1
  33.1900        2.5272       1.80809  22.76    24.790    1
  70.7357        1.6389       1.00000  0.00     24.780    0
  38.0840        1.7551       1.51742  52.15    25.520    1
  54.1174        9.3452       1.00000  0.00     25.460    0
  38.2080        6.3130       1.59282  68.62    25.870    1
  -47.7602       0.1500       1.00000  0.00     25.970    0
  437.8629       3.4891       1.59282  68.62    25.830    1
  -47.0116       0.9000       1.95375  32.32    25.730    1
  65.3512        1.9436       1.00000  0.00     25.950    0
  171.0884       3.1057       1.80610  40.73    26.440    1
  -104.7003      38.5600      1.00000  0.00     27.010    0
