# JP 2015-203827 Example 6
#
# Patent: JP2015-203827
# Converted from photonstophotos.net Optical Bench data
# 41 surfaces, 24 glass elements, f/4.9

name: JP 2015-203827 Example 6
focal_length: 125.15

surfaces:
# radius       thickness    ior      abbe     semi_ap   coating
  470.6943       3.0000       1.80611  40.73    102.420   1
  197.0289       4.0352       1.00000  0.00     102.420   0
  305.6129       9.7960       1.43700  95.10    102.620   1
  -418.0350      0.1500       1.00000  0.00     102.620   0
  134.5620       11.3770      1.43700  95.10    100.780   1
  0              79.8151      1.00000  0.00     100.780   0
  0              1.2000       1.48749  70.44    34.680    1
  203.4443       8.3070       1.00000  0.00     34.680    0
  -241.7848      0.8000       1.69680  55.46    31.240    1
  69.9172        5.0046       1.00000  0.00     31.240    0
  -70.1700       0.8000       1.69680  55.46    30.580    1
  70.1700        3.0422       1.84666  23.78    31.240    1
  -596.9631      33.4105      1.00000  0.00     31.240    0
  87.9761        3.5038       1.80610  33.27    32.740    1
  -335.1456      0.7604       1.00000  0.00     32.740    0
  60.1082        3.2346       1.58913  61.25    32.740    1
  338.5501       0.1500       1.00000  0.00     32.740    0
  52.1240        6.5435       1.49700  81.61    31.460    1
  -89.6446       1.0000       1.80610  33.27    31.460    1
  196.9200       3.9357       1.49700  81.61    31.460    1
  -143.0492      1.4245       1.00000  0.00     31.460    0
  34.2633        4.6758       1.58144  40.89    25.880    1
  -1378.5519     0.9000       1.91082  35.25    25.880    1
  28.8531        3.4881       1.00000  0.00     22.650    0
  -57.4563       0.9000       2.00100  29.13    22.600    1
  216.0181       2.2282       1.62004  36.30    22.600    1
  -106.3573      2.0000       1.00000  0.00     22.600    0
  stop           24.0103      1.00000  0.00     21.106    0
  72.5306        3.4923       1.64769  33.84    23.880    1
  -60.9921       0.2256       1.00000  0.00     23.880    0
  38.7585        4.5618       1.48749  70.44    23.880    1
  -51.3029       0.9000       1.95375  32.32    23.700    1
  655.5770       10.8965      1.00000  0.00     23.700    0
  81.2303        0.8000       1.84666  23.78    22.240    1
  26.7915        4.3683       1.00000  0.00     22.240    0
  231.1733       2.7824       1.69895  30.05    24.040    1
  -58.2211       2.7008       1.72916  54.67    24.040    1
  283.2378       2.3998       1.00000  0.00     24.040    0
  -35.0132       1.0000       1.49700  81.61    24.040    1
  35.0132        5.6228       1.72342  37.99    27.480    1
  -67.1722       54.9618      1.00000  0.00     27.480    0
