# JP 2016-045314 ML
#
# Patent: JP2016-045314
# Converted from photonstophotos.net Optical Bench data
# 30 surfaces, 17 glass elements, f/2.0

name: JP 2016-045314 ML
focal_length: 194.93

surfaces:
# radius       thickness    ior      abbe     semi_ap   coating
  469.6730       6.2300       1.48749  70.20    115.500   1
  -105940.0000   0.5200       1.00000  0.00     115.500   0
  91.9260        18.4900      1.43387  95.10    108.780   1
  -15019.2810    1.9400       1.00000  0.00     108.780   0
  82.8680        17.1200      1.49700  81.50    93.840    1
  -583.6530      0.1000       1.00000  0.00     93.840    0
  -545.8800      4.4000       1.65412  39.70    90.980    1
  159.3730       1.4900       1.00000  0.00     77.260    0
  92.9750        5.0000       1.69680  55.50    75.620    1
  37.3600        14.8500      1.49700  81.50    61.880    1
  135.8090       14.8700      1.00000  0.00     63.000    0
  -1035.9160     3.9700       1.84666  23.80    51.220    1
  -101.5790      3.0000       1.77250  49.60    51.540    1
  63.7130        26.4800      1.00000  0.00     45.780    0
  stop           4.4400       1.00000  0.00     40.752    0
  124.2420       2.1000       1.65412  39.70    42.580    1
  41.6660        9.3800       1.77250  49.60    42.580    1
  -320.1080      2.7500       1.00000  0.00     42.580    0
  -392.9170      1.9000       1.69680  55.50    35.450    1
  63.9480        3.9300       1.00000  0.00     35.450    0
  -114.5970      4.0100       1.84666  23.80    35.450    1
  -40.9430       1.9000       1.54072  47.20    36.820    1
  81.9900        3.0300       1.00000  0.00     36.820    0
  104.8090       8.0100       1.72916  54.70    38.840    1
  -41.1240       2.0000       1.80518  25.40    38.840    1
  -347.9880      0.2000       1.00000  0.00     38.840    0
  72.3650        3.7300       1.80400  46.60    40.640    1
  518.3480       3.2700       1.00000  0.00     40.640    0
  0              2.0000       1.51633  64.10    40.640    1
  0              60.2233      1.00000  0.00     40.640    0
