# JP 2015-064436 Example 1
#
# Patent: JP2015-064436
# Converted from photonstophotos.net Optical Bench data
# 29 surfaces, 16 glass elements, f/2.9

name: JP 2015-064436 Example 1
focal_length: 390.00

surfaces:
# radius       thickness    ior      abbe     semi_ap   coating
  298.5572       16.4042      1.43700  95.10    142.940   1
  -486.9572      15.0000      1.00000  0.00     142.940   0
  255.8577       14.6021      1.43700  95.10    132.140   1
  -779.2938      10.0000      1.00000  0.00     132.140   0
  162.4887       10.4186      1.43700  95.10    115.740   1
  983.8573       5.4792       1.00000  0.00     108.000   0
  -371.9210      4.0000       1.78589  43.93    108.000   1
  365.6992       60.0000      1.00000  0.00     112.540   0
  122.8986       3.5000       1.72916  54.67    83.580    1
  62.7186        2.1106       1.00000  0.00     75.580    0
  63.3458        18.7817      1.49699  81.60    80.780    1
  -208.6271      10.0000      1.00000  0.00     80.780    0
  2731.1947      5.1554       1.80518  25.45    67.340    1
  -191.1221      2.0000       1.72916  54.67    67.340    1
  89.9162        59.1205      1.00000  0.00     67.340    0
  stop           3.0000       1.00000  0.00     39.619    0
  186.8144       0.8000       1.84666  23.78    39.320    1
  58.2206        5.7639       1.62040  60.34    38.320    1
  -150.3650      3.5000       1.00000  0.00     38.320    0
  81.5973        4.5052       1.76181  26.60    36.680    1
  -112.5964      1.0000       1.43700  95.10    37.100    1
  35.9663        4.3716       1.00000  0.00     29.800    0
  -101.1006      1.5000       1.83480  42.72    29.800    1
  55.9046        3.0000       1.00000  0.00     33.400    0
  79.7224        5.2562       1.83400  37.34    38.520    1
  -486.3644      1.5172       1.00000  0.00     38.520    0
  50.3352        6.8069       1.62588  35.74    40.380    1
  -123.1223      2.0000       1.84666  23.78    38.740    1
  118.6882       73.4067      1.00000  0.00     40.700    0
