# Sigma 70mm F2.8 DG Macro Art
#
# Patent: JP2019-144441
# Converted from photonstophotos.net Optical Bench data
# 26 surfaces, 14 glass elements, f/2.9

name: Sigma 70mm F2.8 DG Macro Art
focal_length: 67.95

surfaces:
# radius       thickness    ior      abbe     semi_ap   coating
  -1000.0000     0.9000       1.48750  70.44    31.820    1
  37.0000        5.9200       1.00000  0.00     28.380    0
  -34.2428       2.7775       1.80520  25.46    28.380    1
  -249.1531      3.6737       1.87070  40.73    28.770    1
  -43.2458       0.1500       1.00000  0.00     28.770    0
  88.8019        3.3726       1.92290  20.88    30.730    1
  -238.8800      3.6000       1.00000  0.00     30.730    0
  47.9297        4.4500       1.43700  95.10    31.000    1
  -204.7515      3.7292       1.00000  0.00     31.000    0
  36.3935        6.5000       1.59280  68.62    27.030    1
  -55.8400       1.0000       1.67270  32.17    27.030    1
  25.5806        6.0582       1.00000  0.00     23.090    0
  stop           7.3453       1.00000  0.00     21.328    0
  -21.6591       1.5157       1.48750  70.44    23.220    1
  400.0000       6.5000       1.55230  71.54    24.790    1
  -24.6449       0.1500       1.00000  0.00     24.790    0
  222.1264       3.6000       1.43700  95.10    27.740    1
  -54.7041       1.9577       1.00000  0.00     27.740    0
  84.6604        0.9000       1.83400  37.34    25.710    1
  35.1686        3.2200       1.00000  0.00     25.450    0
  -98.4349       1.2000       1.62040  60.34    25.450    1
  144.1189       0.1500       1.00000  0.00     28.110    0
  50.4612        4.7000       1.80280  40.55    29.090    1
  -162.8978      51.0113      1.00000  0.00     29.090    0
  0              1.4500       1.52300  58.59    45.650    1
  0              1.0000       1.00000  0.00     45.650    0
