# Sigma 85mm F1.4 EX DG HSM
#
# Patent: JP2011-170128
# Converted from photonstophotos.net Optical Bench data
# 20 surfaces, 11 glass elements, f/1.5

name: Sigma 85mm F1.4 EX DG HSM
focal_length: 83.58

surfaces:
# radius       thickness    ior      abbe     semi_ap   coating
  77.1278        5.9572       1.49700  81.61    68.310    1
  136.2759       4.4241       1.00000  0.00     68.310    0
  49.2495        10.7530      1.72916  54.67    58.800    1
  428.2395       3.6308       1.00000  0.00     58.800    0
  831.2882       1.9000       1.60342  38.01    51.220    1
  38.6222        15.2520      1.00000  0.00     44.460    0
  43.2002        1.4000       1.72825  28.32    41.560    1
  30.6749        7.9685       1.83481  42.72    39.230    1
  192.8074       0.6824       1.00000  0.00     39.230    0
  82.8291        1.8000       1.58763  61.08    37.080    1
  33.2068        5.5771       1.00000  0.00     32.310    0
  -109.9496      1.1000       1.67270  32.17    34.700    1
  51.7930        4.4081       1.00000  0.00     32.120    0
  stop           1.4608       1.00000  0.00     31.599    0
  233.9080       1.0000       1.72825  28.32    33.200    1
  42.5258        12.5388      1.88300  40.81    33.200    1
  -323.5690      0.4192       1.00000  0.00     33.200    0
  262.3712       8.4689       1.88300  40.81    33.200    1
  -35.5420       1.0000       1.63980  34.57    33.200    1
  -130.0407      39.5100      1.00000  0.00     33.200    0
