# Sigma 85mm F1.4 DG DN A
#
# Patent: JP2021-085935
# Converted from photonstophotos.net Optical Bench data
# 27 surfaces, 15 glass elements, f/1.5

name: Sigma 85mm F1.4 DG DN A
focal_length: 82.96

surfaces:
# radius       thickness    ior      abbe     semi_ap   coating
  76.0456        3.6339       1.94595  17.98    65.850    1
  107.5269       0.7000       1.00000  0.00     64.600    0
  71.2221        5.4299       1.55032  75.50    62.720    1
  136.9321       0.2500       1.00000  0.00     61.740    0
  42.0109        6.4504       1.55032  75.50    54.740    1
  74.2493        0.6000       1.00000  0.00     52.680    0
  34.3834        7.0478       1.59282  68.62    46.730    1
  75.0611        1.2000       1.85451  25.15    46.730    1
  25.7590        4.8037       1.00000  0.00     38.080    0
  42.1035        4.4695       1.59282  68.62    38.270    1
  118.4579       3.3549       1.00000  0.00     35.800    0
  stop           2.7882       1.00000  0.00     34.044    0
  240.4527       0.9000       1.59349  67.00    34.000    1
  31.7329        13.3900      1.00000  0.00     30.080    0
  36.8904        0.9000       1.85451  25.15    27.150    1
  22.7958        4.3626       1.59282  68.62    27.150    1
  58.0454        3.5976       1.00000  0.00     25.300    0
  -46.5475       0.9500       1.85451  25.15    25.300    1
  55.7591        3.9558       2.00100  29.13    28.500    1
  -136.9656      0.2000       1.00000  0.00     28.500    0
  100.8457       4.9452       2.05090  26.94    31.890    1
  -58.9854       0.2500       1.00000  0.00     31.890    0
  -93.4442       1.0542       1.69895  30.05    32.290    1
  42.2958        6.9268       2.00100  29.13    34.140    1
  -124.2948      0.1500       1.00000  0.00     34.140    0
  -916.5877      3.0000       1.73077  40.50    33.820    1
  54.2362        24.0375      1.00000  0.00     32.060    0
