# Sigma 18-125mm F3.5-5.6 DC
#
# Patent: JP2005-331697
# Converted from photonstophotos.net Optical Bench data
# 32 surfaces, 17 glass elements, f/3.6

name: Sigma 18-125mm F3.5-5.6 DC
focal_length: 18.72

surfaces:
# radius       thickness    ior      abbe     semi_ap   coating
  118.4000       1.7000       1.84666  23.80    49.510    1
  64.8500        6.7000       1.48749  70.40    45.940    1
  -279.5300      0.2000       1.00000  0.00     45.940    0
  53.6500        4.4400       1.65160  58.40    43.560    1
  171.0000       2.1500       1.00000  0.00     43.560    0
  47.7800        0.0800       1.51840  52.10    25.440    1
  44.7300        1.2000       1.80420  46.50    25.440    1
  12.3000        4.4500       1.00000  0.00     16.950    0
  -35.6300       0.9000       1.80420  46.50    16.950    1
  35.7200        0.6500       1.00000  0.00     17.610    0
  21.1800        4.2800       1.74077  27.80    17.160    1
  -41.5500       1.8800       1.00000  0.00     17.160    0
  -18.6400       0.9000       1.80420  46.50    14.990    1
  89.4400        0.1500       1.00000  0.00     11.447    0
  490.9000       1.8000       1.76182  26.60    11.447    1
  -42.3300       18.7200      1.00000  0.00     15.540    0
  stop           1.3300       1.00000  0.00     12.697    0
  47.9300        2.2800       1.48749  70.40    16.180    1
  -55.8700       0.1500       1.00000  0.00     16.180    0
  29.6000        3.1100       1.49700  81.60    15.660    1
  -209.2800      2.6700       1.00000  0.00     15.660    0
  -29.6700       1.0000       1.80610  33.30    13.580    1
  -546.6800      5.3000       1.00000  0.00     15.020    0
  66.3600        2.7800       1.51680  64.20    19.200    1
  -45.8200       0.1500       1.00000  0.00     19.200    0
  36.2200        3.9300       1.48749  70.40    20.870    1
  -102.7400      2.2000       1.00000  0.00     20.870    0
  164.0900       0.1500       1.51840  52.10    21.350    1
  211.6200       1.4800       1.80610  40.70    21.350    1
  24.1500        1.2900       1.00000  0.00     18.500    0
  77.5700        3.7600       1.48749  70.40    18.500    1
  -34.1200       38.1200      1.00000  0.00     21.760    0
