# Sigma 105mm F1.4 DG HSM Art
#
# Patent: JP2019-144477
# Converted from photonstophotos.net Optical Bench data
# 32 surfaces, 18 glass elements, f/1.5

name: Sigma 105mm F1.4 DG HSM Art
focal_length: 101.85

surfaces:
# radius       thickness    ior      abbe     semi_ap   coating
  115.7436       5.4407       1.65844  50.85    91.260    1
  180.1804       0.3000       1.00000  0.00     91.260    0
  74.5000        6.0183       1.43700  95.10    85.590    1
  100.3863       0.3000       1.00000  0.00     84.100    0
  63.4310        12.3856      1.43700  95.10    79.120    1
  249.4535       2.9002       1.00000  0.00     76.320    0
  216.1665       2.2000       1.61310  44.36    73.860    1
  49.5173        15.8891      1.00000  0.00     63.850    0
  -248.4001      4.6130       1.43700  95.10    63.230    1
  -95.8446       1.8000       1.61340  44.27    61.350    1
  -500.0000      1.0000       1.00000  0.00     61.350    0
  67.9843        10.4346      1.83481  42.72    58.840    1
  -211.9683      1.8000       1.61340  44.27    56.230    1
  67.2983        15.8705      1.00000  0.00     54.220    0
  53.7906        4.5962       1.92286  20.88    49.840    1
  94.6373        0.3000       1.00000  0.00     47.290    0
  46.5373        4.1734       1.61997  63.88    47.160    1
  66.7867        0.3000       1.00000  0.00     44.820    0
  40.7185        6.9541       1.59282  68.63    43.580    1
  275.0000       1.3000       1.85478  24.80    43.580    1
  28.4253        7.5444       1.00000  0.00     34.830    0
  stop           5.4041       1.00000  0.00     32.862    0
  -50.8188       0.9000       1.65412  39.68    33.340    1
  29.5160        7.5115       1.87071  40.73    33.430    1
  -196.5287      2.2670       1.00000  0.00     33.430    0
  -76.2095       3.5767       1.91082  35.25    33.470    1
  -35.1809       0.9000       1.64769  33.84    33.470    1
  124.7179       0.3000       1.00000  0.00     33.840    0
  68.8532        4.9326       1.84915  40.00    32.180    1
  -92.2688       37.5626      1.00000  0.00     32.180    0
  0              1.4500       1.52301  58.59    45.820    1
  0              1.0000       1.00000  0.00     45.820    0
