# Sigma 30mm F1.4 DC HSM Art
#
# Patent: JP2014-142520
# Converted from photonstophotos.net Optical Bench data
# 18 surfaces, 9 glass elements, f/1.5

name: Sigma 30mm F1.4 DC HSM Art
focal_length: 30.78

surfaces:
# radius       thickness    ior      abbe     semi_ap   coating
  79.7416        1.0000       1.51680  64.20    38.300    1
  24.1967        5.8508       1.00000  0.00     31.870    0
  821.6299       1.0000       1.48749  70.44    32.740    1
  34.6531        6.9632       1.00000  0.00     30.920    0
  34.8591        7.6704       1.62041  60.34    33.480    1
  -77.7385       5.4490       1.00000  0.00     33.480    0
  40.6045        6.2678       1.75520  27.53    31.580    1
  -1548.9374     3.0312       1.00000  0.00     31.580    0
  -169.5439      1.0000       1.80518  25.46    28.760    1
  44.5130        4.3810       1.00000  0.00     24.700    0
  stop           7.1696       1.00000  0.00     23.494    0
  -17.9099       1.6071       1.76182  26.61    24.060    1
  71.7339        6.1003       1.80420  46.50    29.900    1
  -37.5094       0.1500       1.00000  0.00     29.900    0
  -200.1294      3.7906       1.72916  54.67    29.610    1
  -43.0881       0.1500       1.00000  0.00     31.620    0
  142.2414       5.0190       1.77250  49.47    32.090    1
  -42.6480       38.3990      1.00000  0.00     32.090    0
