# JP 2015-203827 Example 3
#
# Patent: JP2015-203827
# Converted from photonstophotos.net Optical Bench data
# 36 surfaces, 20 glass elements, f/4.8

name: JP 2015-203827 Example 3
focal_length: 153.63

surfaces:
# radius       thickness    ior      abbe     semi_ap   coating
  669.3235       3.0000       1.80611  40.73    98.920    1
  212.9535       2.3719       1.00000  0.00     98.920    0
  254.4835       9.4211       1.49700  81.61    97.480    1
  -553.1367      0.1500       1.00000  0.00     97.480    0
  149.0820       11.3382      1.43700  95.10    98.100    1
  -18619.0506    43.8964      1.00000  0.00     98.100    0
  116.5577       8.4891       1.51680  64.20    59.960    1
  3702.0555      30.2804      1.00000  0.00     59.960    0
  -418.1736      1.2000       1.65844  50.85    33.700    1
  93.1948        4.2586       1.00000  0.00     33.700    0
  -156.7544      1.0000       1.69680  55.46    32.120    1
  43.0795        3.0944       1.84666  23.78    32.120    1
  95.9053        3.2357       1.00000  0.00     32.120    0
  -69.7580       1.0000       1.72916  54.67    32.120    1
  -488.0709      47.1598      1.00000  0.00     32.120    0
  230.4409       3.8295       1.59349  67.00    37.300    1
  -117.3821      0.1500       1.00000  0.00     37.300    0
  74.3374        4.2031       1.59282  68.52    36.660    1
  -555.7421      0.1500       1.00000  0.00     36.660    0
  52.7873        5.9220       1.49700  81.61    36.020    1
  -207.3663      1.0000       1.88100  40.14    35.380    1
  192.7502       16.6624      1.00000  0.00     35.380    0
  57.7314        5.2538       1.58913  61.25    26.100    1
  -289.2285      2.5000       1.88100  40.14    25.780    1
  38.6019        3.4883       1.00000  0.00     25.780    0
  stop           16.9147      1.00000  0.00     21.006    0
  50.1360        3.4936       1.60342  38.01    23.860    1
  -84.6676       0.1500       1.00000  0.00     23.860    0
  40.2473        3.7776       1.51742  52.15    24.540    1
  -76.0898       1.0000       1.95375  32.32    24.040    1
  98.3899        2.0171       1.00000  0.00     24.040    0
  98.5144        1.0000       2.00100  29.13    22.740    1
  34.3000        16.7622      1.00000  0.00     22.740    0
  -50.8248       1.0000       1.49700  81.61    28.800    1
  45.0635        4.8877       1.69895  30.05    28.300    1
  -85.7479       54.1136      1.00000  0.00     28.300    0
