# Sigma 150-600mm F5-6.3 DG OS HSM Sport
#
# Patent: JP2015-203827
# Converted from photonstophotos.net Optical Bench data
# 41 surfaces, 24 glass elements, f/5.1

name: Sigma 150-600mm F5-6.3 DG OS HSM Sport
focal_length: 154.59

surfaces:
# radius       thickness    ior      abbe     semi_ap   coating
  481.7525       3.0000       1.80611  40.73    96.880    1
  198.6329       4.0183       1.00000  0.00     96.880    0
  358.8891       8.8572       1.43700  95.10    96.260    1
  -355.7759      0.1500       1.00000  0.00     96.260    0
  130.4780       11.3725      1.43700  95.10    94.620    1
  5914.4913      99.5006      1.00000  0.00     94.620    0
  -3492.1288     1.2000       1.48749  70.44    32.180    1
  199.0207       7.9584       1.00000  0.00     32.180    0
  -261.4650      0.8000       1.69680  55.46    31.220    1
  70.8680        3.1913       1.00000  0.00     29.860    0
  -70.5567       0.8000       1.69680  55.46    29.860    1
  70.5567        3.1562       1.84666  23.78    31.220    1
  -539.3451      29.3765      1.00000  0.00     31.220    0
  90.7782        3.2278       1.80610  33.27    32.500    1
  -348.4940      0.1500       1.00000  0.00     32.500    0
  64.3291        3.3629       1.58913  61.25    32.500    1
  539.6359       0.7294       1.00000  0.00     32.500    0
  51.6072        6.6909       1.49700  81.61    30.900    1
  -89.3779       1.0000       1.80610  33.27    30.900    1
  193.2822       4.0649       1.49700  81.61    30.900    1
  -147.5437      1.5690       1.00000  0.00     30.900    0
  34.1240        4.6996       1.58144  40.89    25.780    1
  -1023.3555     0.9000       1.91082  35.25    25.780    1
  28.9467        3.4543       1.00000  0.00     22.740    0
  -57.9952       0.9000       2.00100  29.13    22.740    1
  215.7552       2.3577       1.62004  36.30    22.900    1
  -91.7648       2.0000       1.00000  0.00     22.900    0
  stop           24.1792      1.00000  0.00     20.992    0
  78.5867        3.4125       1.64769  33.84    24.380    1
  -59.9898       0.1500       1.00000  0.00     24.380    0
  37.3123        4.3027       1.48749  70.44    22.680    1
  -56.5416       0.9000       1.95375  32.32    22.680    1
  315.8381       11.7143      1.00000  0.00     22.680    0
  75.3458        0.8000       1.84666  23.78    22.800    1
  26.1306        5.3276       1.00000  0.00     22.800    0
  255.6785       2.5624       1.69895  30.05    22.480    1
  -57.2849       0.8000       1.72916  54.67    23.350    1
  298.2516       2.2898       1.00000  0.00     23.350    0
  -34.6488       1.8081       1.49700  81.61    23.350    1
  34.6488        5.7346       1.72342  37.99    27.240    1
  -66.6029       56.5912      1.00000  0.00     27.240    0
