# Sigma 35mm F1.4 DG HSM Art
#
# Patent: JP2014-048488
# Converted from photonstophotos.net Optical Bench data
# 25 surfaces, 13 glass elements, f/1.4

name: Sigma 35mm F1.4 DG HSM Art
focal_length: 34.00

surfaces:
# radius       thickness    ior      abbe     semi_ap   coating
  51.6928        2.5000       1.58913  61.25    51.120    1
  23.1387        13.8467      1.00000  0.00     40.450    0
  -108.9590      1.5000       1.43700  95.10    40.960    1
  47.6787        3.5755       1.00000  0.00     37.200    0
  196.1242       4.5045       2.00100  29.13    39.160    1
  -94.0062       3.8127       1.00000  0.00     39.160    0
  -37.6685       1.3000       1.72825  28.32    37.860    1
  606.2428       0.1500       1.00000  0.00     39.340    0
  79.8753        8.9087       1.59282  68.62    39.820    1
  -46.6701       7.0345       1.00000  0.00     39.820    0
  61.2667        5.7369       2.00100  29.13    42.440    1
  -336.7562      0.1500       1.00000  0.00     42.440    0
  74.1753        8.8511       1.59282  68.62    39.660    1
  -45.3970       1.5000       1.60342  38.01    39.660    1
  35.4664        7.0624       1.00000  0.00     31.300    0
  stop           5.5151       1.00000  0.00     29.102    0
  -30.0000       1.2500       1.80518  25.46    29.820    1
  119.7609       4.9960       1.43700  95.10    32.780    1
  -68.8075       0.1500       1.00000  0.00     32.780    0
  70.0035        6.2650       1.56883  56.04    34.260    1
  -57.8073       0.1500       1.00000  0.00     34.260    0
  86.6673        1.1000       1.48749  70.44    33.600    1
  41.4963        1.6662       1.00000  0.00     31.960    0
  83.8165        5.2749       1.77250  49.47    31.960    1
  -56.3959       39.2000      1.00000  0.00     34.260    0
