# Olympus M.Zuiko 25mm F1.8
#
# Patent: JP2015-075501
# Converted from photonstophotos.net Optical Bench data
# 19 surfaces, 10 glass elements, f/1.8

name: Olympus M.Zuiko 25mm F1.8
focal_length: 24.53

surfaces:
# radius       thickness    ior      abbe     semi_ap   coating
  118.2461       1.0000       1.62588  35.74    29.520    1
  17.4553        3.7360       1.00000  0.00     24.520    0
  20.8049        5.8693       1.88100  40.14    26.240    1
  -1000.0000     0.3844       1.00000  0.00     26.240    0
  34.7639        4.3008       1.80610  40.73    22.260    1
  -49.6628       0.8000       1.60342  38.01    22.140    1
  16.2493        3.2123       1.00000  0.00     15.040    0
  stop           8.0395       1.00000  0.00     12.084    0
  -10.7721       0.8000       1.69895  30.05    12.300    1
  26.5433        4.0014       1.88100  40.14    16.120    1
  -20.1977       0.4762       1.00000  0.00     16.120    0
  60.1666        4.0601       1.69350  53.20    18.400    1
  -21.2817       1.6000       1.00000  0.00     18.400    0
  43.3775        0.8000       1.74077  27.76    20.040    1
  17.2144        1.4476       1.00000  0.00     18.320    0
  20.1587        2.9593       1.83481  42.72    21.340    1
  43.4347        12.2630      1.00000  0.00     21.340    0
  0              4.0000       1.51680  64.20    23.340    1
  0              1.0000       1.00000  0.00     23.340    0
