# Sigma 14-24mm F2.8 DG DN A
#
# Patent: JP2020-042221
# Converted from photonstophotos.net Optical Bench data
# 32 surfaces, 18 glass elements, f/2.9

name: Sigma 14-24mm F2.8 DG DN A
focal_length: 14.50

surfaces:
# radius       thickness    ior      abbe     semi_ap   coating
  85.4412        3.2000       1.69350  53.18    67.090    1
  25.6415        5.9311       1.00000  0.00     46.080    0
  32.2488        1.7000       1.59282  68.62    48.030    1
  20.4022        9.9424       1.00000  0.00     37.070    0
  44.7525        2.4089       1.59271  66.97    38.560    1
  18.6004        8.2083       1.00000  0.00     31.050    0
  -143.3662      1.0000       1.59282  68.62    32.400    1
  65.2835        0.2500       1.00000  0.00     30.910    0
  32.7185        3.5498       1.84666  23.78    31.960    1
  78.5742        17.4502      1.00000  0.00     30.750    0
  47.9876        0.7000       1.92119  23.96    22.330    1
  18.0927        4.5235       1.75211  25.05    22.330    1
  1000.0000      8.4183       1.00000  0.00     22.330    0
  -45.9274       0.8473       1.80809  22.76    22.040    1
  -130.5409      0.1500       1.00000  0.00     23.690    0
  43.8526        0.8157       1.94595  17.98    24.290    1
  24.6033        5.0424       1.75520  27.51    24.750    1
  -238.9569      9.1955       1.00000  0.00     24.750    0
  stop           1.2400       1.00000  0.00     17.193    0
  26.7826        5.4475       1.43700  95.10    25.340    1
  -82.1805       0.1500       1.00000  0.00     25.340    0
  27.6053        0.8000       1.72047  34.71    23.990    1
  14.2195        7.7162       1.55032  75.50    23.390    1
  -302.0534      3.1611       1.00000  0.00     23.390    0
  -42.7697       0.8000       1.95375  32.32    20.700    1
  16.5944        5.1186       1.92286  20.88    21.740    1
  165.2911       0.1500       1.00000  0.00     21.740    0
  30.6058        0.8000       1.88300  40.80    24.750    1
  15.3700        7.4494       1.55032  75.50    24.450    1
  146.1642       1.4019       1.00000  0.00     24.450    0
  -300.0000      2.0350       1.55352  71.72    24.450    1
  -70.4549       21.5383      1.00000  0.00     25.940    0
