# JP 2015-075501 Example 6
#
# Patent: JP2015-075501
# Converted from photonstophotos.net Optical Bench data
# 21 surfaces, 11 glass elements, f/1.2

name: JP 2015-075501 Example 6
focal_length: 24.53

surfaces:
# radius       thickness    ior      abbe     semi_ap   coating
  82.5280        1.2000       1.58913  61.25    43.880    1
  23.6652        11.5460      1.00000  0.00     37.000    0
  -66.7862       1.2000       1.59551  39.22    37.000    1
  -273.6452      0.1500       1.00000  0.00     38.960    0
  59.5355        7.6183       1.88300  40.81    40.600    1
  -80.6737       3.9477       1.00000  0.00     40.600    0
  26.7748        10.1972      1.80834  40.92    31.400    1
  -28.0488       1.0000       1.67270  32.17    31.400    1
  16.2306        4.5126       1.00000  0.00     20.610    0
  stop           9.9028       1.00000  0.00     18.636    0
  -13.5576       1.0000       1.76182  26.61    19.300    1
  57.9070        6.5781       1.88100  40.14    26.680    1
  -22.7005       0.1500       1.00000  0.00     26.680    0
  31.1680        6.2376       1.74330  49.33    27.900    1
  -37.1761       1.6000       1.00000  0.00     25.240    0
  23.3570        0.8000       1.74077  27.76    22.580    1
  15.9929        3.0947       1.00000  0.00     19.820    0
  38.2413        2.4534       1.77250  49.62    22.300    1
  87.6292        11.8173      1.00000  0.00     20.820    0
  0              4.0000       1.51680  64.20    23.960    1
  0              1.0000       1.00000  0.00     23.960    0
