# Sigma APO 300-800mm F5.6 EX DG HSM
#
# Patent: JP2004-085846
# Converted from photonstophotos.net Optical Bench data
# 36 surfaces, 18 glass elements, f/5.9

name: Sigma APO 300-800mm F5.6 EX DG HSM
focal_length: 302.21

surfaces:
# radius       thickness    ior      abbe     semi_ap   coating
  148.4193       17.8134      1.45650  90.20    144.560   1
  701.3108       3.8258       1.00000  0.00     144.560   0
  256.4148       6.0000       1.77250  49.60    138.960   1
  132.9824       8.8839       1.00000  0.00     130.160   0
  133.1413       19.6058      1.45650  90.20    130.420   1
  0              84.4358      1.00000  0.00     130.420   0
  -199.4209      4.0000       1.77250  49.60    85.360    1
  199.4209       2.8600       1.00000  0.00     88.280    0
  244.4766       9.6434       1.74400  44.90    89.360    1
  -317.8195      77.3219      1.00000  0.00     89.360    0
  178.9365       2.0000       1.58144  40.90    75.060    1
  106.1618       1.1562       1.00000  0.00     72.160    0
  108.8728       7.7125       1.48749  70.40    72.160    1
  0              10.6464      1.00000  0.00     72.160    0
  750.6252       4.8500       1.80518  25.50    44.680    1
  -89.8441       2.2839       1.60625  63.70    44.680    1
  89.8441        4.5654       1.00000  0.00     39.600    0
  -86.4157       1.7000       1.77250  49.60    39.600    1
  355.3057       79.2845      1.00000  0.00     43.660    0
  165.8533       7.1706       1.56384  60.80    44.000    1
  -51.4974       1.7000       1.80610  33.30    43.580    1
  -94.9681       7.5371       1.00000  0.00     43.580    0
  82.5500        5.6642       1.48749  70.40    40.160    1
  -107.1323      7.8611       1.00000  0.00     40.160    0
  -94.5376       1.4000       1.80610  40.70    35.680    1
  232.2911       2.5692       1.00000  0.00     35.680    0
  stop           36.5282      1.00000  0.00     32.512    0
  0              33.9188      1.00000  0.00     29.587    0
  237.5871       6.0000       1.62004  36.30    38.040    1
  -140.5366      13.5895      1.00000  0.00     38.040    0
  0              2.0000       1.51680  64.20    43.860    1
  0              45.7659      1.00000  0.00     43.860    0
  -46.8955       1.0347       1.78590  43.90    32.840    1
  123.9133       0.7967       1.00000  0.00     32.840    0
  75.4924        5.2020       1.51823  59.00    32.840    1
  -75.4924       54.9000      1.00000  0.00     34.500    0
