# JP 2015-043104 Example 10
#
# Patent: JP2015-043104
# Converted from photonstophotos.net Optical Bench data
# 15 surfaces, 8 glass elements, f/2.9

name: JP 2015-043104 Example 10
focal_length: 24.72

surfaces:
# radius       thickness    ior      abbe     semi_ap   coating
  34.3141        1.0000       1.49700  81.61    17.540    1
  14.0764        4.5148       1.00000  0.00     14.880    0
  27.8352        2.6364       1.80420  46.50    12.420    1
  -32.4074       0.8000       1.51742  52.15    12.420    1
  51.1758        1.2119       1.00000  0.00     12.420    0
  stop           7.6621       1.00000  0.00     8.908     0
  -10.4135       1.1500       1.76182  26.61    10.780    1
  -811.4690      4.3029       1.80420  46.50    16.300    1
  -14.9803       0.1500       1.00000  0.00     16.300    0
  103.7640       4.2389       1.75501  51.16    20.000    1
  -20.0298       1.5000       1.00000  0.00     20.000    0
  -125.3740      1.0000       1.60342  38.01    20.400    1
  33.9463        0.9100       1.00000  0.00     20.400    0
  68.7625        1.8898       1.77250  49.62    20.600    1
  -1092.8400     23.7560      1.00000  0.00     20.600    0
