# Sigma 17mm F4.0 DG DN C
#
# Patent: JP2024-062005
# Converted from photonstophotos.net Optical Bench data
# 20 surfaces, 10 glass elements, f/4.1

name: Sigma 17mm F4.0 DG DN C
focal_length: 17.50

surfaces:
# radius       thickness    ior      abbe     semi_ap   coating
  41.3383        1.4500       1.59271  66.97    28.320    1
  16.1890        3.7899       1.00000  0.00     22.270    0
  45.2043        0.9000       1.49700  81.61    23.310    1
  9.7332         3.8782       1.00000  0.00     15.800    0
  22.3578        2.1848       2.05090  26.94    16.320    1
  57.9358        1.5501       1.00000  0.00     14.960    0
  -28.1807       0.9000       1.98612  16.48    14.960    1
  -589.8206      0.2857       1.00000  0.00     17.000    0
  44.2444        4.7305       1.85451  25.15    17.630    1
  -31.6025       3.3115       1.00000  0.00     17.630    0
  stop           4.6855       1.00000  0.00     6.704     0
  -682.0820      4.1981       1.55032  75.50    11.920    1
  -8.8910        0.9000       1.73037  32.23    12.500    1
  -34.6341       2.0246       1.00000  0.00     14.870    0
  65.4999        5.9989       1.77250  49.50    21.170    1
  -15.3000       2.0679       1.00000  0.00     21.170    0
  -80.5127       1.2500       1.80610  40.73    22.540    1
  44.2139        20.2943      1.00000  0.00     24.500    0
  0              2.1000       1.51680  64.20    46.220    1
  0              1.0000       1.00000  0.00     46.220    0
