# Sigma 16.6mm F4 (dp1x)
#
# Patent: JP2008-040033
# Converted from photonstophotos.net Optical Bench data
# 12 surfaces, 6 glass elements, f/4.0

name: Sigma 16.6mm F4 (dp1x)
focal_length: 16.67

surfaces:
# radius       thickness    ior      abbe     semi_ap   coating
  22.0500        1.3500       1.58144  40.90    23.980    1
  11.6500        3.0900       1.00000  0.00     19.180    0
  24.0000        1.0000       1.48749  70.40    19.740    1
  11.6500        14.8800      1.00000  0.00     16.600    0
  13.5200        2.8000       1.74100  52.60    10.520    1
  -54.1400       1.2000       1.00000  0.00     10.520    0
  stop           5.2000       1.00000  0.00     6.593     0
  -13.0800       1.3000       1.76182  26.60    9.900     1
  16.1500        4.3000       1.77227  47.10    14.480    1
  -18.9700       5.0000       1.00000  0.00     13.080    0
  64.6400        2.3900       1.58913  61.20    20.080    1
  -1000.0000     13.7403      1.00000  0.00     20.080    0
