# Sigma 20mm F1.4 DG HSM Art
#
# Patent: JP2019-117419
# Converted from photonstophotos.net Optical Bench data
# 29 surfaces, 16 glass elements, f/1.5

name: Sigma 20mm F1.4 DG HSM Art
focal_length: 20.69

surfaces:
# radius       thickness    ior      abbe     semi_ap   coating
  55.8667        2.0000       1.92286  20.88    72.210    1
  32.1880        11.1453      1.00000  0.00     58.500    0
  39.6726        3.0000       1.69350  53.20    59.110    1
  20.4304        19.6930      1.00000  0.00     51.020    0
  518.9274       1.9000       1.49700  81.61    50.160    1
  46.5995        7.4808       1.00000  0.00     46.740    0
  88.5605        8.0408       1.88300  40.80    47.690    1
  -88.5605       2.8258       1.00000  0.00     47.690    0
  -48.6468       1.9000       1.43700  95.10    45.900    1
  63.2408        6.9907       2.00100  29.13    47.690    1
  -165.6233      7.5732       1.00000  0.00     47.690    0
  48.7700        5.3297       1.59282  68.63    34.580    1
  -173.3714      0.2000       1.00000  0.00     34.580    0
  55.4982        5.8716       1.59282  68.63    31.820    1
  -55.4982       0.9000       1.80610  33.27    31.820    1
  26.2988        5.2496       1.00000  0.00     26.480    0
  stop           3.1958       1.00000  0.00     25.263    0
  -149.9250      8.4815       1.43700  95.10    28.580    1
  -17.7149       0.9000       1.80610  33.27    28.580    1
  112.1600       3.2223       1.59282  68.63    30.010    1
  -112.1600      0.1500       1.00000  0.00     30.010    0
  61.3754        7.6624       1.59282  68.63    32.430    1
  -36.1032       0.1500       1.00000  0.00     32.430    0
  -205.2853      0.9000       1.70154  41.15    32.720    1
  51.6317        0.3905       1.00000  0.00     32.720    0
  54.8683        7.1599       1.76450  49.10    32.720    1
  -39.1917       36.5001      1.00000  0.00     32.720    0
  0              1.4500       1.52301  58.59    45.780    1
  0              1.0000       1.00000  0.00     45.780    0
