# Sigma Macro 90mm F2.8
#
# Patent: JP1989-316714
# Converted from photonstophotos.net Optical Bench data
# 19 surfaces, 9 glass elements, f/2.9

name: Sigma Macro 90mm F2.8
focal_length: 88.29

surfaces:
# radius       thickness    ior      abbe     semi_ap   coating
  99.2700        2.5900       1.74330  49.20    31.780    1
  -1289.9500     0.2000       1.00000  0.00     31.780    0
  43.0600        3.1400       1.71300  53.90    31.640    1
  105.2400       15.3900      1.00000  0.00     31.640    0
  -68.9100       1.8500       1.80518  25.50    22.420    1
  53.0300        4.5600       1.00000  0.00     23.320    0
  stop           4.0000       1.00000  0.00     18.820    0
  642.3200       2.3100       1.71300  53.90    21.520    1
  -55.0500       0.2000       1.00000  0.00     21.520    0
  75.1400        2.2400       1.71300  53.90    21.900    1
  -194.8300      1.1200       1.00000  0.00     21.900    0
  60.2200        1.5000       1.80518  25.50    22.280    1
  27.4400        5.4300       1.00000  0.00     21.100    0
  -44.0200       2.1000       1.84666  23.80    23.060    1
  -29.5700       4.7800       1.00000  0.00     23.060    0
  -26.5000       1.4900       1.58913  61.30    23.000    1
  147.4600       0.2000       1.00000  0.00     27.640    0
  56.6500        4.4300       1.83400  37.40    29.940    1
  -130.7800      39.7300      1.00000  0.00     29.940    0
