# JP 2015-043104 Example 7
#
# Patent: JP2015-043104
# Converted from photonstophotos.net Optical Bench data
# 13 surfaces, 7 glass elements, f/2.9

name: JP 2015-043104 Example 7
focal_length: 28.77

surfaces:
# radius       thickness    ior      abbe     semi_ap   coating
  18.3732        3.0553       1.88300  40.80    15.220    1
  -1225.7800     0.8000       1.56732  42.84    15.320    1
  12.9748        2.7044       1.00000  0.00     10.280    0
  stop           7.4725       1.00000  0.00     8.601     0
  -9.7411        0.8000       1.72825  28.32    11.180    1
  95.1258        4.3138       1.80420  46.50    16.340    1
  -14.9218       0.1500       1.00000  0.00     16.340    0
  43.1304        4.3678       1.77250  49.62    20.300    1
  -28.8136       1.5000       1.00000  0.00     20.300    0
  -248.3050      1.0000       1.56732  42.84    20.960    1
  24.5497        2.9966       1.00000  0.00     20.960    0
  96.4861        2.6302       1.77250  49.62    22.680    1
  -73.0893       20.5277      1.00000  0.00     22.680    0
