# Sigma 23mm F1.4 DC DN C
#
# Patent: JP2024-035865
# Converted from photonstophotos.net Optical Bench data
# 24 surfaces, 13 glass elements, f/1.5

name: Sigma 23mm F1.4 DC DN C
focal_length: 22.31

surfaces:
# radius       thickness    ior      abbe     semi_ap   coating
  95.7011        1.2000       1.55032  75.50    35.080    1
  16.8636        7.4430       1.00000  0.00     27.860    0
  76.8530        0.9500       1.51680  64.20    28.540    1
  33.7030        2.5380       1.00000  0.00     25.560    0
  56.2568        3.6000       1.94595  17.98    27.880    1
  174.2087       8.7170       1.00000  0.00     27.920    0
  -25.7938       0.9000       1.77047  29.74    23.640    1
  91.6288        4.6120       1.87071  40.73    29.980    1
  -60.5055       0.1500       1.00000  0.00     29.980    0
  269.5616       4.5410       1.91082  35.25    32.160    1
  -45.5516       0.3500       1.00000  0.00     32.160    0
  129.9318       5.1520       1.59282  68.62    32.200    1
  -46.8478       0.1500       1.00000  0.00     32.200    0
  38.6911        7.9090       1.59282  68.62    28.940    1
  -29.0872       0.9000       1.85451  25.15    28.940    1
  246.9248       1.9790       1.00000  0.00     28.940    0
  stop           3.2524       1.00000  0.00     22.569    0
  238.1843       1.1000       1.69350  53.20    22.240    1
  23.7911        7.3908       1.00000  0.00     20.260    0
  48.8216        0.9000       1.56732  42.84    22.840    1
  19.5605        8.2050       1.76385  48.49    20.340    1
  -37.7493       2.1000       1.00000  0.00     22.760    0
  179.6006       1.5000       1.80610  40.73    22.780    1
  53.2850        18.7827      1.00000  0.00     21.460    0
