# Sigma 16mm F1.4 DC DN Contemporary
#
# Patent: JP2018-205527
# Converted from photonstophotos.net Optical Bench data
# 32 surfaces, 17 glass elements, f/1.5

name: Sigma 16mm F1.4 DC DN Contemporary
focal_length: 16.45

surfaces:
# radius       thickness    ior      abbe     semi_ap   coating
  125.2460       2.9671       1.51680  64.20    52.450    1
  404.5429       0.5000       1.00000  0.00     52.450    0
  34.3690        1.4000       2.00100  29.13    39.920    1
  16.3986        5.0945       1.00000  0.00     29.450    0
  26.0000        1.5000       1.58913  61.25    31.100    1
  15.5760        10.6088      1.00000  0.00     28.370    0
  -30.5000       1.0319       1.43700  95.10    28.000    1
  170.0033       2.9642       2.00100  29.13    28.130    1
  -79.7237       7.2064       1.00000  0.00     28.130    0
  60.8883        3.0231       1.91082  35.25    27.380    1
  -300.0000      0.8578       1.00000  0.00     27.380    0
  85.0000        5.6577       1.43700  95.10    27.420    1
  -31.8218       1.0735       1.00000  0.00     27.420    0
  -60.7984       0.9000       1.51742  52.15    27.880    1
  40.9323        5.7178       1.00000  0.00     23.970    0
  -20.3273       0.9000       1.67270  32.17    23.970    1
  -39.4374       1.4174       1.00000  0.00     27.650    0
  stop           0.9946       1.00000  0.00     25.916    0
  68.6066        10.3000      1.59282  68.63    30.090    1
  -20.1400       0.9000       1.74950  35.33    30.090    1
  -34.7714       0.1500       1.00000  0.00     32.350    0
  55.4013        5.5346       1.69350  53.20    32.670    1
  -69.8881       3.3044       1.00000  0.00     32.670    0
  25.0000        2.7637       1.59282  68.63    24.700    1
  47.3486        2.0917       1.00000  0.00     23.480    0
  35.4444        0.9000       1.80518  25.46    25.030    1
  17.8877        3.7091       1.00000  0.00     21.440    0
  660.0000       6.0973       1.43700  95.10    22.800    1
  -17.1474       0.9000       1.90366  31.32    22.800    1
  -26.4237       15.5341      1.00000  0.00     24.630    0
  0              2.0000       1.51680  64.20    31.160    1
  0              1.0000       1.00000  0.00     31.160    0
