# Sigma 17-40mm F1.8 DC A
#
# Patent: CN121454749
# Converted from photonstophotos.net Optical Bench data
# 29 surfaces, 17 glass elements, f/1.9

name: Sigma 17-40mm F1.8 DC A
focal_length: 17.55

surfaces:
# radius       thickness    ior      abbe     semi_ap   coating
  250.0000       2.0027       1.59271  66.97    49.440    1
  27.8483        5.9106       1.00000  0.00     39.420    0
  75.5339        1.7000       1.55352  71.72    40.690    1
  43.9336        8.9578       1.00000  0.00     36.470    0
  -42.5013       1.2000       1.48749  70.44    35.590    1
  59.3792        4.8124       1.85033  42.70    34.880    1
  -158.0782      24.2001      1.00000  0.00     34.880    0
  73.9893        7.8404       1.55032  75.50    35.140    1
  -38.4074       0.9000       1.77047  29.74    35.140    1
  -71.2235       1.0967       1.00000  0.00     36.950    0
  69.5442        0.9000       1.75211  25.05    35.630    1
  39.4005        6.0497       1.75500  52.32    35.480    1
  -303.0102      1.7600       1.00000  0.00     35.630    0
  stop           3.4674       1.00000  0.00     18.572    0
  -31.4322       0.9500       1.78590  43.94    24.060    1
  49.4614        2.2536       1.98612  16.48    24.110    1
  258.2249       11.0343      1.00000  0.00     24.110    0
  -410.5686      0.9000       1.73037  32.23    27.610    1
  26.6348        6.4880       1.59282  68.62    25.200    1
  -44.4800       0.1500       1.00000  0.00     25.200    0
  31.2840        5.5107       1.59282  68.62    25.380    1
  -57.9617       0.2500       1.00000  0.00     25.380    0
  35.7978        2.7669       1.59271  66.97    25.220    1
  234.5415       3.5756       1.00000  0.00     25.220    0
  46.4631        0.9000       1.74330  49.22    23.720    1
  17.9200        6.5786       1.00000  0.00     22.000    0
  60.4900        3.8719       1.80610  40.73    24.980    1
  -80.4564       0.9000       1.85451  25.15    24.980    1
  80.4564        16.6727      1.00000  0.00     23.580    0
