# Sigma 18-250mm F3.5-6.3 DC Macro OS HSM
#
# Patent: JP2013-257508
# Converted from photonstophotos.net Optical Bench data
# 31 surfaces, 17 glass elements, f/3.6

name: Sigma 18-250mm F3.5-6.3 DC Macro OS HSM
focal_length: 18.68

surfaces:
# radius       thickness    ior      abbe     semi_ap   coating
  122.0060       1.5000       1.90366  31.31    49.520    1
  64.0920        7.2310       1.49700  81.60    49.520    1
  -257.1760      0.1500       1.00000  0.00     49.520    0
  56.4280        5.2430       1.59349  67.00    46.680    1
  241.2030       2.4500       1.00000  0.00     46.680    0
  200.0530       0.1000       1.51840  52.10    24.740    1
  147.4640       0.9500       1.88300  40.80    24.620    1
  14.5200        5.1630       1.00000  0.00     17.300    0
  -28.2730       0.8000       1.77250  49.62    17.300    1
  117.3210       0.1500       1.00000  0.00     19.700    0
  33.9150        4.3690       1.84666  23.78    19.280    1
  -29.3070       0.5170       1.00000  0.00     18.500    0
  -22.7590       0.8000       1.77250  49.62    18.500    1
  303.9650       26.8130      1.00000  0.00     18.500    0
  stop           2.0000       1.00000  0.00     14.896    0
  26.9130        4.1410       1.48749  70.44    17.340    1
  -29.7050       0.1500       1.00000  0.00     17.260    0
  27.2310        4.7230       1.49700  81.60    16.920    1
  -21.4270       0.8000       1.91082  35.25    16.920    1
  -306.2190      2.6960       1.00000  0.00     16.920    0
  -43.7350       1.0000       1.77250  49.46    16.140    1
  28.1230        1.7730       1.84666  23.78    16.140    1
  78.8430        0.9620       1.00000  0.00     16.140    0
  22.1860        1.6550       1.48749  70.44    17.540    1
  31.9410        7.7170       1.00000  0.00     17.540    0
  30.6330        4.4970       1.59201  67.02    20.980    1
  -28.8950       0.5870       1.00000  0.00     20.980    0
  -195.1350      0.8000       1.91082  35.25    20.560    1
  28.8600        1.8220       1.00000  0.00     19.450    0
  -356.7160      2.6490       1.56732  42.84    19.450    1
  -34.3570       38.3000      1.00000  0.00     20.480    0
