# Sigma 100-400mm F5-6.3 DG DN OS C
#
# Patent: JP2021-092636
# Converted from photonstophotos.net Optical Bench data
# 39 surfaces, 22 glass elements, f/5.2

name: Sigma 100-400mm F5-6.3 DG DN OS C
focal_length: 103.00

surfaces:
# radius       thickness    ior      abbe     semi_ap   coating
  269.0618       2.0000       1.80420  46.50    66.200    1
  100.3485       7.3530       1.49700  81.61    63.920    1
  -1000.0000     0.1500       1.00000  0.00     63.920    0
  103.6699       6.9042       1.43700  95.10    62.020    1
  -1000.0000     3.3680       1.00000  0.00     62.020    0
  67.2136        3.6188       1.72047  34.71    41.990    1
  283.3122       8.9336       1.00000  0.00     41.990    0
  117.0912       2.2287       1.56732  42.84    28.760    1
  -537.1145      0.9000       1.91082  35.25    28.760    1
  55.8686        5.5000       1.00000  0.00     26.320    0
  999.7824       0.9000       1.77250  49.62    24.790    1
  58.5400        2.8984       1.00000  0.00     24.330    0
  -47.3445       0.9000       1.72916  54.67    24.330    1
  70.3633        3.5000       1.84666  23.78    25.670    1
  -536.3692      27.0319      1.00000  0.00     25.670    0
  251.0393       2.5660       1.69680  55.46    27.260    1
  -94.2157       0.1500       1.00000  0.00     27.260    0
  70.2602        4.7971       1.58144  40.89    27.300    1
  -47.7850       0.9000       2.05090  26.94    27.300    1
  -286.8401      18.4761      1.00000  0.00     29.810    0
  30.1802        3.3204       1.69895  30.05    26.630    1
  76.6145        0.5808       1.00000  0.00     26.630    0
  45.2280        0.9000       1.90043  37.37    26.400    1
  21.3401        3.6409       1.59410  60.47    24.510    1
  44.8198        1.4528       1.00000  0.00     24.510    0
  65.3065        0.9000       2.00100  29.13    25.660    1
  34.0953        2.1662       1.00000  0.00     24.280    0
  1000.0000      2.5378       1.59282  68.63    24.280    1
  -61.7873       2.3750       1.00000  0.00     24.680    0
  stop           9.4339       1.00000  0.00     20.874    0
  46.0464        2.7485       1.59349  67.00    24.000    1
  -1000.0000     18.4981      1.00000  0.00     24.000    0
  142.6963       0.9000       2.00100  29.13    25.610    1
  36.9292        3.2506       1.00000  0.00     23.210    0
  -50.0947       0.9000       1.55032  75.50    23.210    1
  44.1698        5.1303       1.78880  28.43    27.280    1
  -57.9789       16.1889      1.00000  0.00     27.280    0
  -40.1895       1.0000       2.05090  26.94    29.000    1
  -59.1319       33.1482      1.00000  0.00     31.450    0
