# Sigma 24.2mm F2.8 (dp2x)
#
# Patent: JP2010-101979
# Converted from photonstophotos.net Optical Bench data
# 14 surfaces, 7 glass elements, f/2.9

name: Sigma 24.2mm F2.8 (dp2x)
focal_length: 24.15

surfaces:
# radius       thickness    ior      abbe     semi_ap   coating
  46.7657        1.0000       1.71300  53.94    18.360    1
  13.6170        3.7677       1.00000  0.00     15.060    0
  -30.3452       0.8000       1.60342  38.01    15.060    1
  30.3452        0.9158       1.00000  0.00     16.000    0
  156.2100       2.2164       1.83481  42.72    16.000    1
  -50.8028       0.7032       1.00000  0.00     16.000    0
  22.9236        3.3836       1.88300  40.80    16.000    1
  -53.9477       5.3000       1.00000  0.00     16.000    0
  stop           5.3072       1.00000  0.00     10.600    0
  -15.3911       0.8000       1.72825  28.32    11.740    1
  24.9748        4.4049       1.74180  49.23    13.400    1
  -15.1814       9.3255       1.00000  0.00     13.400    0
  -127.4690      2.5658       1.58763  61.09    19.340    1
  -31.1114       22.6350      1.00000  0.00     19.340    0
