# JP 2015-092300 Example 1
#
# Patent: JP2015-092300
# Converted from photonstophotos.net Optical Bench data
# 37 surfaces, 21 glass elements, f/2.9

name: JP 2015-092300 Example 1
focal_length: 51.75

surfaces:
# radius       thickness    ior      abbe     semi_ap   coating
  3248.4181      2.0999       1.75519  27.52    55.340    1
  100.0000       7.1906       1.49700  81.58    55.200    1
  -199.7513      9.8581       1.00000  0.00     55.200    0
  98.2751        4.7999       1.58913  61.23    50.740    1
  -1381.7627     0.1500       1.00000  0.00     50.740    0
  67.7156        5.1000       1.49700  81.58    49.440    1
  523.2033       2.1589       1.00000  0.00     49.440    0
  1381.4180      3.9130       1.90365  31.30    29.460    1
  -44.4693       1.2501       1.75501  51.14    29.460    1
  52.5904        3.1747       1.00000  0.00     29.460    0
  -208.0105      1.2500       1.72916  54.65    26.160    1
  27.6896        3.5207       1.84666  23.77    26.160    1
  80.7573        2.9227       1.00000  0.00     24.400    0
  -38.7145       1.2000       1.77250  49.60    24.400    1
  144.6206       20.3923      1.00000  0.00     25.900    0
  -367.3959      2.7500       1.77250  49.60    27.360    1
  -64.2818       0.1500       1.00000  0.00     27.360    0
  95.9776        5.3559       1.63854  55.43    27.700    1
  -33.2050       1.2499       1.72825  28.31    28.240    1
  -456.2932      15.7114      1.00000  0.00     28.240    0
  stop           0.8900       1.00000  0.00     27.501    0
  94.3829        2.7924       1.49700  81.58    28.200    1
  1495.7574      0.1500       1.00000  0.00     28.200    0
  39.2465        3.5450       1.49700  81.58    28.280    1
  120.5521       16.6610      1.00000  0.00     28.280    0
  -250.0000      3.4567       1.67270  32.16    24.060    1
  -30.1751       1.0000       1.48749  70.41    23.840    1
  179.6793       2.3535       1.00000  0.00     23.840    0
  -72.2077       1.0000       1.54072  47.18    23.840    1
  43.3350        3.6972       1.00000  0.00     23.840    0
  161.8239       2.9442       1.65843  50.83    26.780    1
  -161.8239      0.1500       1.00000  0.00     26.780    0
  106.9463       7.3423       1.49700  81.58    28.200    1
  -24.0000       1.2000       1.84666  23.77    28.520    1
  -53.5543       0.1500       1.00000  0.00     28.520    0
  117.8936       2.5227       1.84666  23.77    28.400    1
  -8537.9193     53.0053      1.00000  0.00     28.400    0
