# Sigma 30mm F2.8 DN A
#
# Patent: JP2012-234169
# Converted from photonstophotos.net Optical Bench data
# 13 surfaces, 7 glass elements, f/2.9

name: Sigma 30mm F2.8 DN A
focal_length: 30.83

surfaces:
# radius       thickness    ior      abbe     semi_ap   coating
  17.7672        3.1821       1.88300  40.80    15.320    1
  -1000.0000     0.8000       1.58144  40.89    15.320    1
  12.9742        2.6198       1.00000  0.00     10.160    0
  stop           6.9859       1.00000  0.00     9.195     0
  -10.0295       0.8000       1.69895  30.05    9.280     1
  58.7192        3.8254       1.80420  46.50    14.700    1
  -15.7253       0.1500       1.00000  0.00     14.700    0
  47.8215        3.6590       1.77250  49.62    17.840    1
  -27.3923       1.5000       1.00000  0.00     17.840    0
  -97.3976       1.0000       1.56732  42.84    19.040    1
  24.1411        4.4473       1.00000  0.00     17.980    0
  88.7361        2.8926       1.77250  49.62    22.240    1
  -67.2193       20.4045      1.00000  0.00     22.240    0
