# JP 2015-043104 Example 13
#
# Patent: JP2015-043104
# Converted from photonstophotos.net Optical Bench data
# 18 surfaces, 10 glass elements, f/2.9

name: JP 2015-043104 Example 13
focal_length: 49.97

surfaces:
# radius       thickness    ior      abbe     semi_ap   coating
  25.5676        3.2132       1.91082  35.25    26.760    1
  76.6739        0.1500       1.00000  0.00     26.760    0
  18.6018        3.0735       1.88100  40.14    22.660    1
  25.1540        0.8500       1.69895  30.05    22.240    1
  14.0047        1.1254       1.00000  0.00     16.920    0
  18.1926        2.8366       1.49700  81.61    16.920    1
  471.3847       0.8500       1.76182  26.61    16.920    1
  16.2708        3.5236       1.00000  0.00     14.460    0
  stop           11.1929      1.00000  0.00     10.611    0
  -13.3018       0.8500       1.61293  36.96    17.320    1
  45.3569        3.3222       1.77250  49.62    20.820    1
  -34.6306       0.1500       1.00000  0.00     20.820    0
  88.7278        4.3443       1.77250  49.47    23.880    1
  -21.7125       1.2000       1.00000  0.00     23.880    0
  -65.7271       0.8500       1.72916  54.67    25.120    1
  56.2018        1.7879       1.00000  0.00     25.120    0
  57.3786        2.2311       1.80518  25.46    26.760    1
  1000.0000      18.0523      1.00000  0.00     26.760    0
