# JP 2015-203827 Example 2
#
# Patent: JP2015-203827
# Converted from photonstophotos.net Optical Bench data
# 41 surfaces, 24 glass elements, f/5.0

name: JP 2015-203827 Example 2
focal_length: 154.81

surfaces:
# radius       thickness    ior      abbe     semi_ap   coating
  470.0448       3.0000       1.80611  40.73    94.780    1
  197.1039       2.1733       1.00000  0.00     94.780    0
  224.0673       9.9345       1.43700  95.10    95.000    1
  -481.8622      0.1500       1.00000  0.00     95.000    0
  146.2879       10.2750      1.43700  95.10    93.960    1
  3490.0146      99.5129      1.00000  0.00     93.960    0
  -771.9619      1.2000       1.48749  70.44    32.900    1
  250.0604       7.8524       1.00000  0.00     32.900    0
  -257.4717      0.8000       1.69680  55.46    29.370    1
  71.7759        3.2150       1.00000  0.00     29.370    0
  -70.6546       0.8000       1.69680  55.46    30.180    1
  70.6546        3.1825       1.84666  23.78    30.180    1
  -539.2856      29.8554      1.00000  0.00     30.180    0
  96.7403        3.2409       1.80610  33.27    33.040    1
  -295.4003      0.1500       1.00000  0.00     33.040    0
  64.4066        3.4504       1.58913  61.25    32.380    1
  653.8902       0.6964       1.00000  0.00     32.380    0
  52.0811        6.7751       1.49700  81.61    30.940    1
  -88.3845       1.0000       1.80610  33.27    30.680    1
  188.1399       4.1142       1.49700  81.61    30.680    1
  -143.6178      1.7326       1.00000  0.00     30.680    0
  34.6483        4.7315       1.58144  40.89    24.660    1
  -1279.6230     0.9000       1.91082  35.25    24.520    1
  29.3759        3.4077       1.00000  0.00     23.100    0
  -59.5729       0.9000       2.00100  29.13    21.380    1
  178.5135       2.4049       1.62004  36.30    21.380    1
  -92.8394       2.0000       1.00000  0.00     21.380    0
  stop           24.6495      1.00000  0.00     20.986    0
  80.0813        3.3996       1.64769  33.84    22.920    1
  -61.1308       0.1500       1.00000  0.00     22.920    0
  36.6430        4.3044       1.48749  70.44    22.600    1
  -59.1309       0.9000       1.95375  32.32    22.600    1
  266.9103       11.3249      1.00000  0.00     22.600    0
  65.5638        0.8000       1.84666  23.78    21.000    1
  25.3459        4.7233       1.00000  0.00     21.000    0
  358.1214       2.4992       1.69895  30.05    22.920    1
  -55.4389       0.8000       1.72916  54.67    23.080    1
  339.8716       2.2270       1.00000  0.00     23.080    0
  -33.9872       2.0000       1.49700  81.61    23.080    1
  33.9872        5.7470       1.72342  37.99    26.440    1
  -66.8780       56.2009      1.00000  0.00     27.080    0
