# Sigma 60-600mm F4.5-6.3 DG DN OS S
#
# Patent: JP2023-180574
# Converted from photonstophotos.net Optical Bench data
# 49 surfaces, 28 glass elements, f/4.6

name: Sigma 60-600mm F4.5-6.3 DG DN OS S
focal_length: 62.00

surfaces:
# radius       thickness    ior      abbe     semi_ap   coating
  215.1296       3.0000       1.87070  40.73    93.400    1
  124.8790       9.8003       1.49700  81.61    93.400    1
  3400.0000      0.8633       1.00000  0.00     93.400    0
  127.1376       9.4372       1.43700  95.10    91.540    1
  2500.0000      3.6800       1.00000  0.00     91.540    0
  129.3746       4.8627       1.80809  22.76    53.940    1
  -407.0541      1.5000       1.87070  40.73    53.940    1
  58.6936        5.1655       1.00000  0.00     46.540    0
  -770.1059      1.5000       1.87070  40.73    46.540    1
  174.0071       41.7728      1.00000  0.00     46.740    0
  499.2646       6.5780       1.51742  52.15    34.740    1
  -34.1285       1.0500       1.68960  31.14    34.740    1
  -51.7326       0.6000       1.00000  0.00     34.740    0
  39.1873        3.1552       1.51742  52.15    33.660    1
  79.3359        4.3918       1.00000  0.00     33.660    0
  -223.2457      0.9000       1.59349  67.00    31.800    1
  44.8211        5.6115       1.00000  0.00     29.740    0
  -37.9862       0.9000       1.59349  67.00    29.740    1
  61.4654        3.6689       1.78880  28.43    32.860    1
  -660.9910      47.3981      1.00000  0.00     32.860    0
  158.8273       3.6321       1.80518  25.46    35.360    1
  -119.7253      0.1531       1.00000  0.00     35.360    0
  44.3534        7.0228       1.49700  81.61    34.860    1
  -72.7176       1.0500       2.00100  29.13    34.860    1
  265.8361       3.2654       1.00000  0.00     34.860    0
  stop           7.7345       1.00000  0.00     30.472    0
  -973.4472      2.8587       1.80518  25.46    33.140    1
  -78.9131       0.3000       1.00000  0.00     33.140    0
  46.8597        1.0000       1.85896  22.73    31.780    1
  23.3106        9.5137       1.51742  52.15    31.780    1
  -53.8014       1.0000       1.88100  40.14    31.780    1
  232.4469       23.9114      1.00000  0.00     31.780    0
  54.7990        3.4266       1.57135  52.95    28.100    1
  -525.5775      3.0420       1.00000  0.00     28.100    0
  135.8395       2.5693       1.77047  29.74    24.480    1
  -141.3625      0.1500       1.00000  0.00     24.480    0
  175.4711       1.0000       1.88100  40.14    24.480    1
  28.5412        16.0798      1.00000  0.00     22.740    0
  -30.8538       1.0000       1.43700  95.10    26.120    1
  -150.5606      0.1500       1.00000  0.00     27.980    0
  58.9535        3.9341       1.67270  32.17    29.300    1
  -215.0257      2.0330       1.00000  0.00     29.300    0
  317.0675       1.0000       1.59282  68.62    31.920    1
  68.5321        5.4149       1.74077  27.76    31.920    1
  -62.0799       1.6099       1.00000  0.00     31.920    0
  -47.0107       1.0000       2.05090  26.94    31.920    1
  248.7953       32.7606      1.00000  0.00     31.920    0
  0              2.1000       1.51680  64.20    45.740    1
  0              1.0000       1.00000  0.00     45.740    0
