# Sigma 17-70mm F2.8-4 DC Macro OS HSM C
#
# Patent: JP2014-048480
# Converted from photonstophotos.net Optical Bench data
# 32 surfaces, 17 glass elements, f/2.9

name: Sigma 17-70mm F2.8-4 DC Macro OS HSM C
focal_length: 17.60

surfaces:
# radius       thickness    ior      abbe     semi_ap   coating
  143.9170       1.6000       1.84666  23.78    59.680    1
  63.8570        5.8910       1.72916  54.67    57.780    1
  290.9120       0.1500       1.00000  0.00     57.780    0
  54.6630        5.0590       1.77250  49.62    49.860    1
  160.5000       3.7000       1.00000  0.00     47.940    0
  75.9440        0.1300       1.51840  52.10    27.930    1
  54.3270        1.0000       1.88300  40.80    27.930    1
  12.7980        6.2370       1.00000  0.00     19.540    0
  -31.6510       0.9000       1.88300  40.80    19.540    1
  58.9540        0.3760       1.00000  0.00     20.900    0
  31.0990        5.6270       1.84666  23.78    20.220    1
  -29.2180       0.7860       1.00000  0.00     20.220    0
  -19.1020       0.9000       1.71300  53.94    16.960    1
  -180.4660      16.3260      1.00000  0.00     18.860    0
  stop           1.7000       1.00000  0.00     14.621    0
  50.2060        3.4820       1.72342  37.99    17.640    1
  -31.5280       0.1500       1.00000  0.00     17.640    0
  26.4640        4.6940       1.43700  95.10    17.760    1
  -22.6130       0.8000       2.00100  29.13    17.760    1
  71.0560        2.1750       1.00000  0.00     17.760    0
  -60.5000       0.9000       1.59201  67.02    17.760    1
  348.3460       1.1420       1.00000  0.00     17.760    0
  38.7280        1.9560       1.78472  25.72    19.000    1
  170.2790       6.7020       1.00000  0.00     19.000    0
  42.5970        2.3520       1.59201  67.02    20.780    1
  -150.0000      0.9780       1.00000  0.00     20.780    0
  -40.6090       2.4280       1.43700  95.10    19.400    1
  -22.2320       0.1500       1.00000  0.00     21.460    0
  175.7500       1.0000       2.00100  29.13    22.140    1
  35.7900        2.3790       1.00000  0.00     22.140    0
  -376.8880      3.7320       1.59282  68.62    23.100    1
  -25.7260       38.4984      1.00000  0.00     23.100    0
