# Sigma APO 50-500mm F4.5-6.3 DG OS HSM
#
# Patent: JP2011-039260
# Converted from photonstophotos.net Optical Bench data
# 39 surfaces, 22 glass elements, f/4.6

name: Sigma APO 50-500mm F4.5-6.3 DG OS HSM
focal_length: 51.50

surfaces:
# radius       thickness    ior      abbe     semi_ap   coating
  254.8039       3.0000       1.83400  37.34    84.320    1
  119.2835       1.4195       1.00000  0.00     82.180    0
  117.3766       12.6625      1.49700  81.60    83.270    1
  -469.8766      0.2000       1.00000  0.00     83.270    0
  108.2472       9.2459       1.49700  81.60    79.920    1
  429.3566       4.4846       1.00000  0.00     79.920    0
  -18595.9947    2.0000       1.77250  49.62    51.470    1
  49.3463        37.3327      1.00000  0.00     45.260    0
  90.6321        4.2266       1.80610  33.27    32.590    1
  -143.6798      4.8690       1.00000  0.00     32.590    0
  -125.4315      1.5000       1.71300  53.94    27.770    1
  96.4858        3.2281       1.00000  0.00     27.770    0
  -86.1399       3.1646       1.84666  23.78    26.680    1
  -31.2722       1.0000       1.77250  49.62    24.970    1
  204.2141       34.1206      1.00000  0.00     24.970    0
  41.0100        5.7091       1.49700  81.60    26.630    1
  -67.5637       0.1500       1.00000  0.00     26.630    0
  55.4709        4.5801       1.48749  70.44    24.840    1
  -55.4709       1.0000       1.84666  23.73    24.840    1
  206.1901       3.3424       1.00000  0.00     24.840    0
  stop           4.7312       1.00000  0.00     20.993    0
  -39.9147       3.8000       1.72916  54.87    21.200    1
  30.7036        5.9667       1.80518  25.46    23.430    1
  202.6131       10.8357      1.00000  0.00     23.430    0
  -81.9823       3.9904       1.49700  31.60    26.810    1
  -40.0355       0.3683       1.00000  0.00     26.810    0
  -264.6891      3.9709       1.51680  64.19    26.360    1
  -61.1078       0.1500       1.00000  0.00     26.360    0
  52.2766        3.5598       1.48749  70.44    25.110    1
  -170.4610      0.1500       1.00000  0.00     25.110    0
  40.2326        5.0724       1.48749  70.44    25.720    1
  -52.6936       0.8000       1.84666  23.78    25.720    1
  -743.6562      10.4485      1.00000  0.00     25.720    0
  229.4268       3.2086       1.80518  25.46    23.120    1
  -42.2429       0.8000       1.71300  53.94    21.780    1
  32.4946        4.4207       1.00000  0.00     21.780    0
  -40.6856       1.0000       1.83400  37.34    23.170    1
  55.9207        5.9298       1.56732  42.84    23.480    1
  -36.3852       54.9770      1.00000  0.00     24.910    0
