# Sigma APO 50-500mm F4-6.3 EX DG HSM
#
# Patent: JP2001-108902
# Converted from photonstophotos.net Optical Bench data
# 37 surfaces, 20 glass elements, f/4.2

name: Sigma APO 50-500mm F4-6.3 EX DG HSM
focal_length: 50.16

surfaces:
# radius       thickness    ior      abbe     semi_ap   coating
  291.9000       3.0000       1.83400  37.30    76.980    1
  129.2800       1.4700       1.00000  0.00     74.610    0
  128.6000       11.5500      1.49700  79.30    76.080    1
  -335.0000      0.2000       1.00000  0.00     76.080    0
  105.3000       7.7100       1.49700  79.30    74.260    1
  296.0000       1.9700       1.00000  0.00     74.260    0
  84.7000        2.0000       1.71300  54.10    45.240    1
  32.3700        11.0100      1.00000  0.00     41.210    0
  -61.0000       1.9800       1.69680  55.60    41.210    1
  358.0000       0.2000       1.00000  0.00     39.980    0
  62.3700        8.5900       1.71736  29.50    39.800    1
  -62.3700       1.8600       1.00000  0.00     39.800    0
  -49.9900       1.8600       1.77250  49.70    37.080    1
  197.1100       69.5900      1.00000  0.00     37.080    0
  82.0400        5.4200       1.49700  79.30    31.640    1
  -82.0400       0.8000       1.00000  0.00     31.640    0
  62.5000        5.4900       1.49700  79.30    31.090    1
  -82.8100       1.8100       1.80518  25.40    31.090    1
  -520.0000      20.6900      1.00000  0.00     32.180    0
  stop           4.4600       1.00000  0.00     20.998    0
  -40.8400       1.0500       1.71300  54.10    22.100    1
  26.1300        3.4600       1.80610  33.30    22.100    1
  229.0900       15.9400      1.00000  0.00     22.100    0
  -81.2700       2.6100       1.48749  70.20    23.210    1
  -33.6500       0.2000       1.00000  0.00     23.210    0
  104.2000       2.6600       1.58144  40.80    23.210    1
  -104.2000      0.2000       1.00000  0.00     23.210    0
  40.1300        4.6700       1.48749  70.20    21.730    1
  -40.1300       1.0700       1.80518  25.40    21.730    1
  -841.7000      11.6000      1.00000  0.00     21.730    0
  92.2100        2.6000       1.75520  27.50    21.910    1
  -92.2100       1.0400       1.80610  40.80    21.910    1
  23.9200        3.3800       1.00000  0.00     21.910    0
  -117.7500      1.1100       1.74330  49.50    21.910    1
  68.6500        0.2000       1.00000  0.00     24.600    0
  37.2300        4.3200       1.64769  33.80    24.600    1
  -144.0000      41.1805      1.00000  0.00     24.600    0
