# Sigma 12-24mm F4.5-5.6 EX DG Ashperical HSM
#
# Patent: JP2005-106878
# Converted from photonstophotos.net Optical Bench data
# 30 surfaces, 17 glass elements, f/4.6

name: Sigma 12-24mm F4.5-5.6 EX DG Ashperical HSM
focal_length: 12.45

surfaces:
# radius       thickness    ior      abbe     semi_ap   coating
  31.4230        1.6000       1.84666  23.80    54.270    1
  22.1730        5.7700       1.00000  0.00     42.160    0
  25.5320        1.5000       1.84666  23.80    42.470    1
  17.7310        11.1470      1.00000  0.00     33.550    0
  54.5410        1.5000       1.73077  40.70    32.000    1
  21.5050        3.2780       1.00000  0.00     28.280    0
  27.9050        0.1000       1.51840  52.10    28.500    1
  33.1520        1.1000       1.77250  49.60    28.500    1
  14.8460        7.3650       1.00000  0.00     22.530    0
  -31.0010       1.0000       1.49700  81.60    22.530    1
  47.1310        0.1500       1.00000  0.00     24.560    0
  29.7410        6.0170       1.67270  32.20    24.900    1
  -44.8190       23.2630      1.00000  0.00     24.900    0
  stop           1.3330       1.00000  0.00     10.632    0
  36.5970        0.9000       1.77250  49.60    12.940    1
  9.8160         3.8810       1.71736  29.50    12.940    1
  -104.2440      1.5450       1.00000  0.00     12.940    0
  22.4060        3.5790       1.51680  64.20    13.080    1
  -14.3540       0.9000       1.72342  38.00    13.080    1
  18.6600        3.4120       1.48749  70.40    13.080    1
  -17.4100       0.9000       1.00000  0.00     13.080    0
  -22.1680       0.9000       1.83481  42.70    13.080    1
  12.9280        3.4620       1.49700  81.60    14.760    1
  -90.1010       0.1500       1.00000  0.00     14.760    0
  27.8900        5.0730       1.49700  81.60    18.180    1
  -19.9210       0.1500       1.00000  0.00     18.180    0
  -66.8050       4.2930       1.49700  81.60    19.660    1
  -15.5750       0.1500       1.00000  0.00     19.660    0
  -480.0860      1.5000       1.81474  37.00    16.000    1
  29.3040        41.9400      1.00000  0.00     19.020    0
