# Sigma 70-200mm F2.8 DG DN OS S
#
# Patent: US20250093627
# Converted from photonstophotos.net Optical Bench data
# 38 surfaces, 21 glass elements, f/2.9

name: Sigma 70-200mm F2.8 DG DN OS S
focal_length: 72.10

surfaces:
# radius       thickness    ior      abbe     semi_ap   coating
  204.5881       2.0000       1.78590  43.94    69.660    1
  100.7496       8.2048       1.43700  95.10    66.160    1
  -580.7362      0.1870       1.00000  0.00     68.760    0
  85.9171        8.1450       1.43700  95.10    68.620    1
  -41123.6542    2.0000       1.00000  0.00     68.620    0
  200.2421       1.5000       1.43700  95.10    45.600    1
  41.4556        16.5679      1.00000  0.00     38.080    0
  -90.8162       1.1000       1.55032  75.50    36.720    1
  61.0863        2.2411       1.85883  30.00    36.720    1
  111.1309       39.4276      1.00000  0.00     36.720    0
  49.2382        2.7307       1.87070  40.73    37.260    1
  87.0547        23.4999      1.00000  0.00     37.260    0
  stop           1.2010       1.00000  0.00     33.400    0
  54.8111        3.6155       1.80610  40.73    35.120    1
  133.7051       0.9441       1.00000  0.00     35.120    0
  64.7697        1.0500       1.80610  33.27    34.300    1
  27.8690        7.1018       1.43700  95.10    32.120    1
  123138.0915    2.6175       1.00000  0.00     33.740    0
  -86.3491       2.2798       1.80809  22.76    32.520    1
  -49.4003       1.6900       1.69350  53.20    32.520    1
  72.9054        1.4361       1.00000  0.00     32.520    0
  43.1721        8.0877       1.43700  95.10    33.620    1
  -42.3401       1.0500       1.85451  25.15    33.620    1
  -5373.3673     0.8069       1.00000  0.00     33.620    0
  71.0779        6.3510       1.76450  49.09    34.020    1
  -51.6774       9.0036       1.00000  0.00     34.020    0
  -361.8675      2.0048       1.86966  20.02    30.480    1
  -88.3811       0.1500       1.00000  0.00     30.480    0
  425.0090       0.8000       1.75500  52.32    30.060    1
  31.9317        11.0632      1.00000  0.00     27.200    0
  52.9222        5.8799       1.65100  56.24    34.980    1
  -93.4360       6.0146       1.00000  0.00     34.980    0
  -135.9088      1.0000       1.43700  95.10    34.200    1
  55.0218        6.3943       1.00000  0.00     31.460    0
  -36.6140       1.0000       1.49700  81.61    31.460    1
  -116.6815      29.3510      1.00000  0.00     33.980    0
  0              2.5000       1.51680  64.20    45.440    1
  0              1.0000       1.00000  0.00     45.440    0
