# JP 2016-075828 Example 4
#
# Patent: JP2016-075828
# Converted from photonstophotos.net Optical Bench data
# 48 surfaces, 26 glass elements, f/2.9

name: JP 2016-075828 Example 4
focal_length: 51.71

surfaces:
# radius       thickness    ior      abbe     semi_ap   coating
  292.7850       2.5000       1.70154  41.15    76.400    1
  79.4410        0.1500       1.00000  0.00     72.800    0
  78.0664        11.4406      1.43700  95.10    75.200    1
  -468.5825      0.1000       1.00000  0.00     75.200    0
  97.8156        7.3953       1.43700  95.10    73.600    1
  2863.5618      0.1000       1.00000  0.00     73.600    0
  74.1194        9.1631       1.43700  95.10    69.600    1
  767.6488       2.3760       1.00000  0.00     61.200    0
  399.1248       4.7375       1.91082  35.25    36.800    1
  -44.7744       1.5000       1.72916  54.67    36.800    1
  37.7014        3.5657       1.00000  0.00     30.550    0
  -1357.7876     1.5000       1.62041  60.34    29.200    1
  30.1802        3.6366       1.84666  23.78    29.600    1
  87.7882        3.7595       1.00000  0.00     26.500    0
  -33.5876       1.5000       1.83481  42.72    26.500    1
  248.9224       18.2194      1.00000  0.00     29.600    0
  985.7739       3.6582       1.77250  49.62    31.200    1
  -56.9618       0.1000       1.00000  0.00     31.200    0
  127.3017       3.8628       1.80610  40.73    32.000    1
  -90.6993       1.5000       1.84666  23.78    32.000    1
  222.5400       14.6240      1.00000  0.00     32.000    0
  79.3954        3.2315       1.80610  33.27    31.600    1
  -199.3810      1.2128       1.00000  0.00     31.600    0
  -64.6628       1.5000       1.80610  33.27    31.600    1
  462.1614       26.3144      1.00000  0.00     31.600    0
  stop           2.0000       1.00000  0.00     28.030    0
  47.2818        4.6117       1.72916  54.67    32.600    1
  -391.4784      0.1000       1.00000  0.00     32.600    0
  42.4742        4.0687       1.43700  95.10    30.680    1
  1000.0000      1.0538       1.00000  0.00     30.680    0
  2720.4382      1.5000       1.80610  33.27    28.120    1
  25.5348        5.2377       1.43700  95.10    28.120    1
  -265.4720      3.2198       1.00000  0.00     28.120    0
  -125.2473      2.5071       1.80518  25.46    25.240    1
  -42.0628       0.9500       1.51680  64.20    25.240    1
  36.5645        2.3690       1.00000  0.00     22.820    0
  -122.1145      0.9500       1.69895  30.05    22.820    1
  785.6236       2.2262       1.00000  0.00     25.240    0
  415.1531       2.5139       1.59349  67.00    25.240    1
  -108.0688      0.2000       1.00000  0.00     25.240    0
  103.2590       4.0165       1.43700  95.10    26.200    1
  -42.6358       1.4915       1.00000  0.00     26.200    0
  -33.0517       1.6269       1.78590  43.93    27.800    1
  -75.3631       0.1500       1.00000  0.00     27.800    0
  123.5060       3.1269       1.80518  25.46    28.120    1
  -185.8965      52.0499      1.00000  0.00     28.120    0
  0              1.4500       1.52301  58.59    32.280    1
  0              1.0000       1.00000  0.00     32.280    0
