# Sigma 56mm F1.4 DC DN C
#
# Patent: JP2020-030383
# Converted from photonstophotos.net Optical Bench data
# 19 surfaces, 11 glass elements, f/1.5

name: Sigma 56mm F1.4 DC DN C
focal_length: 53.95

surfaces:
# radius       thickness    ior      abbe     semi_ap   coating
  33.9542        3.3759       1.94595  17.98    38.580    1
  44.5748        4.1307       1.00000  0.00     38.580    0
  38.9630        5.4692       1.55332  71.68    36.290    1
  -967.9319      0.3493       1.00000  0.00     36.290    0
  121.8447       0.8000       1.85478  24.80    34.760    1
  20.1256        10.3690      1.72916  54.67    31.200    1
  -482.9027      1.7197       1.00000  0.00     31.200    0
  stop           2.7902       1.00000  0.00     25.616    0
  836.6145       0.8000       1.56384  60.67    25.320    1
  20.5218        11.3404      1.00000  0.00     22.180    0
  31.5674        0.8000       1.64769  33.84    22.450    1
  23.7758        4.7179       1.90043  37.37    22.450    1
  -39.7321       0.8000       1.59270  35.44    22.450    1
  18.7021        4.0685       1.00000  0.00     20.440    0
  -182.9100      0.8000       1.51742  52.15    21.790    1
  20.4182        5.0178       1.77250  49.50    23.920    1
  -110.5563      14.5792      1.00000  0.00     23.920    0
  0              2.0000       1.51680  64.20    30.500    1
  0              1.0000       1.00000  0.00     30.500    0
