# Sigma 12-24mm F4 DG HSM A
#
# Patent: JP2018-045097
# Converted from photonstophotos.net Optical Bench data
# 30 surfaces, 17 glass elements, f/4.0

name: Sigma 12-24mm F4 DG HSM A
focal_length: 12.39

surfaces:
# radius       thickness    ior      abbe     semi_ap   coating
  133.5319       4.0000       1.69090  52.98    81.840    1
  29.0193        9.0505       1.00000  0.00     54.510    0
  36.9009        1.5021       1.90043  37.37    55.220    1
  21.9843        10.7139      1.00000  0.00     41.580    0
  42.2390        2.0000       1.59051  66.72    39.860    1
  20.2270        11.6548      1.00000  0.00     36.170    0
  -86.0416       1.1437       1.43700  95.10    35.080    1
  52.6015        2.2862       1.00000  0.00     33.980    0
  91.7008        1.2591       1.43700  95.10    35.600    1
  32.9014        7.1882       1.88300  40.80    35.600    1
  1862.5231      34.5864      1.00000  0.00     35.600    0
  29.8520        3.4522       1.51823  58.96    18.860    1
  -71.3696       1.9863       1.00000  0.00     18.860    0
  stop           2.2734       1.00000  0.00     13.016    0
  -115.9957      6.0384       1.64769  33.84    17.840    1
  -20.1455       0.8000       1.95375  32.32    17.840    1
  63.0450        2.3712       1.92286  20.88    17.840    1
  -94.8658       5.4321       1.00000  0.00     17.840    0
  61.6687        3.0762       1.43700  95.10    17.680    1
  -32.4970       1.5798       1.88300  40.80    17.680    1
  164.7325       0.2180       1.00000  0.00     19.200    0
  23.8093        4.6565       1.43700  95.10    21.420    1
  -50.0635       0.1500       1.00000  0.00     21.420    0
  37.3944        0.8500       1.88300  40.80    23.620    1
  15.9218        7.2421       1.43700  95.10    23.620    1
  -118.2573      0.9554       1.00000  0.00     23.620    0
  -43.5089       1.7137       1.55232  71.54    24.300    1
  -34.3648       36.7415      1.00000  0.00     24.300    0
  0              1.4500       1.52301  58.59    45.260    1
  0              1.5104       1.00000  0.00     45.260    0
