# JP 2015-055858 Example 4
#
# Patent: JP2015-055858
# Converted from photonstophotos.net Optical Bench data
# 33 surfaces, 18 glass elements, f/4.1

name: JP 2015-055858 Example 4
focal_length: 24.53

surfaces:
# radius       thickness    ior      abbe     semi_ap   coating
  200.0000       1.7500       1.84666  23.78    70.820    1
  81.5930        7.6400       1.72916  54.67    68.900    1
  893.1800       0.1500       1.00000  0.00     68.900    0
  56.9300        5.8960       1.77250  49.62    61.220    1
  114.0700       3.4080       1.00000  0.00     61.220    0
  116.5130       1.2000       1.83481  42.72    34.980    1
  17.0000        7.6390       1.00000  0.00     25.140    0
  -39.0150       0.9500       1.77250  49.62    25.140    1
  64.3750        1.8340       1.00000  0.00     26.340    0
  48.0960        4.8040       1.80518  25.46    24.420    1
  -40.7930       0.9430       1.00000  0.00     24.420    0
  -26.4040       0.9000       1.77250  49.62    22.500    1
  -61.3500       22.7480      1.00000  0.00     22.500    0
  stop           0.9700       1.00000  0.00     13.904    0
  47.3650        3.0380       1.49700  81.61    23.780    1
  -196.9860      0.1500       1.00000  0.00     23.780    0
  28.3630        0.8000       2.00100  29.13    25.060    1
  19.0480        6.6980       1.43700  95.10    25.060    1
  -57.5460       2.0500       1.00000  0.00     25.060    0
  -55.5570       1.8400       1.84666  23.78    23.880    1
  -39.9890       1.0000       1.58913  61.25    23.740    1
  71.7080        1.7910       1.00000  0.00     23.740    0
  37.4570        3.4360       1.80610  33.27    23.020    1
  561.0080       1.9160       1.00000  0.00     23.020    0
  -37.7840       0.8000       1.58144  40.89    23.020    1
  -483.2370      8.2820       1.00000  0.00     23.020    0
  36.9380        6.8490       1.58313  59.46    26.460    1
  -25.3840       0.1500       1.00000  0.00     26.460    0
  88.1400        4.7190       1.49700  81.61    24.780    1
  -27.7910       0.8000       1.80610  33.27    24.960    1
  30.4420        1.6660       1.00000  0.00     24.960    0
  99.9860        2.0510       1.75520  27.53    25.460    1
  8049.5770      38.6549      1.00000  0.00     25.460    0
