# SongRaw 50mm F1.2
#
# Patent: CN120491279
# Converted from photonstophotos.net Optical Bench data
# 26 surfaces, 15 glass elements, f/1.2

name: SongRaw 50mm F1.2
focal_length: 49.00

surfaces:
# radius       thickness    ior      abbe     semi_ap   coating
  118.7800       6.6000       1.80610  40.73    40.140    1
  -87.6100       1.5000       1.48740  70.44    40.140    1
  41.0090        10.3920      1.00000  0.00     37.670    0
  -35.9970       1.5000       1.77050  29.70    37.750    1
  122.2960       10.4000      1.59280  68.34    44.240    1
  -41.1970       0.1500       1.00000  0.00     44.240    0
  197.3210       7.3000       2.00100  29.13    48.200    1
  -77.8130       0.1500       1.00000  0.00     48.200    0
  95.6830        1.0000       1.64760  33.84    44.990    1
  45.5060        7.3530       1.00000  0.00     43.190    0
  stop           15.5940      1.00000  0.00     42.902    0
  46.6260        4.0000       1.88300  40.79    40.790    1
  76.0290        5.4920       1.00000  0.00     39.960    0
  -72.2620       1.5000       1.61290  37.00    39.960    1
  44.7590        9.7000       1.59280  68.34    40.650    1
  -56.9990       1.0000       1.00000  0.00     40.650    0
  -109.2740      1.5000       1.77000  29.70    38.370    1
  46.0030        9.0000       1.59280  68.34    41.040    1
  -88.7560       0.1500       1.00000  0.00     41.040    0
  61.3230        7.1120       1.92280  20.88    44.250    1
  -243.1440      0.1500       1.00000  0.00     44.250    0
  42.0290        6.1000       1.88300  40.79    40.510    1
  184.0790       1.5000       1.84660  23.78    40.510    1
  26.4680        7.9210       1.00000  0.00     34.100    0
  -188.6960      2.0000       1.80610  40.73    34.330    1
  500.0000       17.0600      1.00000  0.00     32.540    0
