# Sony Sonnar T* E 24mm F1.8 ZA
#
# Patent: US20130033768
# Converted from photonstophotos.net Optical Bench data
# 16 surfaces, 8 glass elements, f/1.9

name: Sony Sonnar T* E 24mm F1.8 ZA
focal_length: 23.28

surfaces:
# radius       thickness    ior      abbe     semi_ap   coating
  52.2540        1.0000       1.48700  70.44    25.620    1
  13.7150        5.4950       1.00000  0.00     20.900    0
  25.3870        1.0000       1.58900  61.25    20.980    1
  14.6100        3.0000       1.00000  0.00     18.720    0
  18.8600        4.1970       1.83500  42.72    19.160    1
  1119.7300      9.2920       1.00000  0.00     19.160    0
  stop           4.2380       1.00000  0.00     14.584    0
  -11.6560       1.0000       1.75500  27.53    14.880    1
  45.5500        4.6550       1.61800  63.40    18.800    1
  -16.6880       0.4000       1.00000  0.00     18.800    0
  31.8080        5.0000       1.80100  45.45    19.680    1
  -26.0410       1.0050       1.00000  0.00     19.680    0
  138.9760       1.0000       1.69700  55.46    19.680    1
  20.7010        7.6030       1.00000  0.00     18.620    0
  344.2930       3.7400       1.61800  63.40    22.920    1
  -33.6180       22.3740      1.00000  0.00     22.920    0
