# Sony FE 28mm F2
#
# Patent: US010191254
# Converted from photonstophotos.net Optical Bench data
# 20 surfaces, 10 glass elements, f/2.1

name: Sony FE 28mm F2
focal_length: 28.20

surfaces:
# radius       thickness    ior      abbe     semi_ap   coating
  72.5670        1.4000       1.48749  70.40    28.360    1
  15.2710        10.2310      1.00000  0.00     21.840    0
  -17.4410       0.8000       1.58144  40.90    18.660    1
  -1782.0410     0.2000       1.00000  0.00     20.420    0
  36.0750        1.0000       1.84666  23.80    23.820    1
  26.2430        6.3480       1.49700  81.60    23.820    1
  -27.1980       0.2000       1.00000  0.00     23.820    0
  33.7750        5.4580       1.77250  49.50    25.140    1
  -39.7650       2.3000       1.00000  0.00     22.600    0
  stop           2.3000       1.00000  0.00     20.588    0
  44.6810        1.0000       1.58313  59.50    21.020    1
  18.1270        8.8710       1.00000  0.00     18.320    0
  -44.7840       3.1420       1.58313  59.50    21.460    1
  -19.7140       2.4280       1.00000  0.00     19.100    0
  -137.1640      5.8450       1.49700  81.60    25.740    1
  -19.6820       5.3670       1.00000  0.00     25.740    0
  -32.5560       1.3000       1.84666  23.80    23.320    1
  250.0000       15.3090      1.00000  0.00     28.140    0
  0              2.5000       1.51680  64.20    44.900    1
  0              1.0000       1.00000  0.00     44.900    0
