# Sony FE 16-35mm F2.8 GM II
#
# Patent: WO2024-135126
# Converted from photonstophotos.net Optical Bench data
# 28 surfaces, 15 glass elements, f/2.9

name: Sony FE 16-35mm F2.8 GM II
focal_length: 16.49

surfaces:
# radius       thickness    ior      abbe     semi_ap   coating
  83.2210        2.2400       1.58313  59.50    53.740    1
  17.2550        11.4000      1.00000  0.00     37.900    0
  82.6250        1.6000       1.76802  49.20    36.550    1
  32.1630        7.3500       1.00000  0.00     31.990    0
  -56.6970       1.4000       1.43700  95.10    31.470    1
  57.6400        0.3000       1.00000  0.00     30.430    0
  43.1780        3.4300       1.90366  31.30    30.400    1
  200.1140       21.9200      1.00000  0.00     29.950    0
  23.5340        1.1000       1.91082  35.20    23.860    1
  15.4270        5.6800       1.65412  39.70    22.940    1
  43.0790        6.4700       1.00000  0.00     22.860    0
  stop           1.6000       1.00000  0.00     15.908    0
  34.8060        4.4300       1.58313  59.50    24.480    1
  64.0520        8.4000       1.00000  0.00     24.800    0
  32.0930        1.0500       2.00069  25.50    25.500    1
  19.3650        7.8700       1.49700  81.60    24.520    1
  -101.1050      0.2000       1.00000  0.00     24.670    0
  39.4680        6.7800       1.49700  81.50    24.580    1
  -40.5270       2.8100       1.00000  0.00     23.940    0
  351.0590       3.6400       1.92286  20.90    21.250    1
  -28.4180       0.9500       1.91082  35.20    21.300    1
  28.2150        3.6300       1.00000  0.00     21.470    0
  37.9340        6.8800       1.59282  68.60    25.170    1
  -35.9270       0.4000       1.00000  0.00     25.790    0
  132.1260       1.6800       2.00100  29.10    25.700    1
  40.3450        2.5600       1.00000  0.00     25.350    0
  24.3940        2.2000       1.85135  40.10    25.810    1
  19.9200        17.3100      1.00000  0.00     27.580    0
