# JP 2020-016755 Example 5
#
# Patent: JP2020-016755
# Converted from photonstophotos.net Optical Bench data
# 26 surfaces, 14 glass elements, f/1.9

name: JP 2020-016755 Example 5
focal_length: 18.60

surfaces:
# radius       thickness    ior      abbe     semi_ap   coating
  60.2712        3.5892       1.59201  67.02    46.530    1
  16.0345        8.6920       1.00000  0.00     29.000    0
  90.1638        1.5000       1.49700  81.61    31.000    1
  24.4116        5.7395       1.00000  0.00     25.810    0
  40.2457        2.6678       1.95150  29.83    21.920    1
  35.7907        4.4256       1.00000  0.00     22.390    0
  -55.0572       1.0000       1.85026  32.27    21.850    1
  27.3927        5.8047       1.76385  48.49    22.720    1
  -24.6001       7.2317       1.00000  0.00     22.720    0
  -170.5338      5.1217       1.76385  48.49    27.020    1
  -24.4719       1.5000       1.00000  0.00     27.020    0
  stop           3.1465       1.00000  0.00     22.650    0
  63.5981        1.0387       1.49710  81.56    23.320    1
  25.7320        7.1205       1.00000  0.00     21.470    0
  30.1363        9.3495       1.49700  81.61    23.650    1
  -13.8190       0.8000       1.77250  49.62    23.650    1
  -19.3714       0.1500       1.00000  0.00     24.830    0
  -1000.0002     2.4313       1.77250  49.50    22.230    1
  -71.9336       1.5000       1.00000  0.00     24.740    0
  -86.3373       0.8000       1.67270  32.17    23.070    1
  25.7032        4.6059       1.00000  0.00     24.910    0
  138.3747       5.7852       1.43700  95.10    29.610    1
  -25.4307       1.0000       1.85478  24.80    29.610    1
  -56.7739       11.5300      1.00000  0.00     30.950    0
  0              2.5000       1.51680  64.20    45.380    1
  0              1.0000       1.00000  0.00     45.380    0
