# Sony Sonnar T* FE 55mm F1.8 ZA
#
# Patent: US20150092100
# Converted from photonstophotos.net Optical Bench data
# 15 surfaces, 8 glass elements, f/1.9

name: Sony Sonnar T* FE 55mm F1.8 ZA
focal_length: 53.61

surfaces:
# radius       thickness    ior      abbe     semi_ap   coating
  -46.6040       3.7800       1.58144  40.90    32.620    1
  40.3970        7.5400       1.72916  54.70    34.960    1
  -58.4370       0.4000       1.00000  0.00     34.960    0
  32.3610        1.6000       1.84666  23.80    34.680    1
  23.9820        5.4400       1.76801  49.20    32.500    1
  127.4610       2.7800       1.00000  0.00     29.280    0
  stop           2.8100       1.00000  0.00     26.738    0
  229.8830       1.0000       1.48749  70.40    26.900    1
  21.7280        13.6700      1.00000  0.00     23.230    0
  43.2050        12.0000      1.59201  67.00    27.860    1
  -44.1340       12.3500      1.00000  0.00     27.860    0
  -18.0570       1.2000       1.69895  30.10    27.160    1
  -39.0160       11.7800      1.00000  0.00     32.220    0
  0              2.0000       1.51680  64.20    46.140    1
  0              1.0000       1.00000  0.00     46.140    0
