# Sony DT 18-250 mm F3.5-6.3
#
# Patent: US20070297067
# Converted from photonstophotos.net Optical Bench data
# 32 surfaces, 18 glass elements, f/3.5

name: Sony DT 18-250 mm F3.5-6.3
focal_length: 18.43

surfaces:
# radius       thickness    ior      abbe     semi_ap   coating
  100.0000       1.5000       1.84666  23.78    51.520    1
  63.5173        7.0000       1.49700  81.61    49.690    1
  -1072.5164     0.2000       1.00000  0.00     49.690    0
  63.0346        4.5000       1.62299  58.15    47.360    1
  221.5870       1.7660       1.00000  0.00     47.360    0
  110.0000       0.2000       1.51460  49.96    25.980    1
  70.0000        1.2000       1.80400  46.58    25.980    1
  13.5502        5.4000       1.00000  0.00     19.230    0
  -34.6450       1.0000       1.83481  42.72    19.230    1
  53.7020        0.8000       1.00000  0.00     20.940    0
  29.1029        4.5000       1.84666  23.78    19.900    1
  -25.6353       0.4200       1.00000  0.00     19.900    0
  -21.2556       1.0000       1.88300  40.78    19.040    1
  286.1917       25.2270      1.00000  0.00     19.040    0
  stop           1.0000       1.00000  0.00     15.118    0
  38.3469        1.0000       1.80400  46.58    17.670    1
  25.0994        3.0000       1.58913  61.18    17.670    1
  -210.0000      1.0000       1.00000  0.00     17.670    0
  24.5206        3.0000       1.48749  70.21    18.500    1
  95.0000        0.5000       1.00000  0.00     18.500    0
  23.9504        3.5000       1.49700  81.61    19.250    1
  746.0130       0.6500       1.00000  0.00     19.250    0
  -79.3108       1.0000       1.83400  37.17    19.250    1
  35.3648        7.7820       1.00000  0.00     19.250    0
  48.5260        0.2000       1.51460  49.96    19.200    1
  48.5260        3.5000       1.48749  70.21    19.200    1
  -35.9079       0.2000       1.00000  0.00     19.200    0
  8369.5957      3.5000       1.48749  70.21    19.910    1
  -26.5082       0.2000       1.00000  0.00     19.910    0
  -533.7180      1.0000       1.80400  46.58    19.850    1
  18.7073        3.5000       1.54072  47.23    19.850    1
  95.0000        39.5830      1.00000  0.00     19.850    0
