# Sony E 30mm F3.5 Macro
#
# Patent: JP2012-159613
# Converted from photonstophotos.net Optical Bench data
# 16 surfaces, 9 glass elements, f/3.6

name: Sony E 30mm F3.5 Macro
focal_length: 29.10

surfaces:
# radius       thickness    ior      abbe     semi_ap   coating
  49.2940        0.7000       1.61800  63.40    11.380    1
  8.2810         0.2000       1.53610  41.20    11.380    1
  7.4980         3.0000       1.00000  0.00     10.880    0
  16.9400        2.6800       1.64769  33.80    10.100    1
  -57.5780       4.9000       1.00000  0.00     10.100    0
  stop           5.8000       1.00000  0.00     10.604    0
  -700.0000      0.7000       1.75520  27.50    12.070    1
  16.8070        2.9000       1.49700  81.60    12.070    1
  -50.0560       0.5000       1.00000  0.00     12.070    0
  21.0610        3.8700       1.59201  67.00    12.750    1
  -14.2090       1.5100       1.00000  0.00     12.750    0
  -46.0850       0.7000       1.48749  70.40    12.780    1
  13.0450        0.2000       1.53610  41.20    12.780    1
  11.3390        12.4300      1.00000  0.00     12.780    0
  37.8990        3.9200       1.53172  48.80    22.570    1
  -81.9450       27.3000      1.00000  0.00     22.570    0
