# Sony Planar T* 50mm F1.4 ZA SSM
#
# Patent: US20140071331
# Converted from photonstophotos.net Optical Bench data
# 14 surfaces, 8 glass elements, f/1.4

name: Sony Planar T* 50mm F1.4 ZA SSM
focal_length: 51.51

surfaces:
# radius       thickness    ior      abbe     semi_ap   coating
  60.3880        6.0400       1.83481  42.70    42.210    1
  -214.6450      0.3700       1.00000  0.00     41.140    0
  -156.6030      1.3000       1.59270  35.50    41.140    1
  35.0000        3.0000       1.00000  0.00     37.740    0
  28.5470        7.1700       1.85135  40.10    33.400    1
  -503.3840      1.2000       1.61293  37.00    33.400    1
  25.0070        14.5090      1.00000  0.00     29.140    0
  stop           6.3330       1.00000  0.00     25.805    0
  -21.8410       2.8000       1.64769  33.80    26.140    1
  30.6730        7.9400       1.88300  40.80    30.630    1
  -47.9080       0.2000       1.00000  0.00     30.630    0
  247.3390       2.1300       1.69895  30.10    31.020    1
  38.6710        7.0000       1.76801  49.20    31.020    1
  -50.3050       36.0980      1.00000  0.00     31.020    0
