# Sony E 10-18 mm F4 OSS
#
# Patent: WO2014-007298
# Converted from photonstophotos.net Optical Bench data
# 20 surfaces, 11 glass elements, f/4.1

name: Sony E 10-18 mm F4 OSS
focal_length: 10.30

surfaces:
# radius       thickness    ior      abbe     semi_ap   coating
  28.4000        1.3000       1.83945  42.72    35.540    1
  14.3000        7.0700       1.00000  0.00     25.640    0
  90.8000        1.2000       1.69980  55.46    26.980    1
  14.3000        0.2000       1.53920  41.21    22.480    1
  10.8893        7.5800       1.00000  0.00     22.480    0
  30.6900        3.0000       1.85505  23.78    21.740    1
  108.0300       20.0121      1.00000  0.00     21.740    0
  -30.0000       0.8000       1.76857  26.61    10.640    1
  -49.6000       4.0000       1.00000  0.00     10.640    0
  stop           1.0000       1.00000  0.00     8.664     0
  12.8640        0.8000       2.00912  29.13    13.000    1
  8.5400         4.0000       1.57046  42.84    13.000    1
  -70.2000       5.1370       1.00000  0.00     13.000    0
  18.7628        4.0000       1.58547  59.46    15.280    1
  -21.2252       1.9422       1.00000  0.00     15.280    0
  -64.7000       1.2000       1.83945  42.72    15.640    1
  10.0000        7.5000       1.43810  95.10    15.640    1
  -12.9374       0.2000       1.00000  0.00     15.640    0
  -27.0707       1.2000       1.85639  40.10    15.960    1
  268.1100       17.1566      1.00000  0.00     15.300    0
