# Sony FE 70-200 mm F2.8 GM OSS
#
# Patent: US20190018229
# Converted from photonstophotos.net Optical Bench data
# 42 surfaces, 23 glass elements, f/2.9

name: Sony FE 70-200 mm F2.8 GM OSS
focal_length: 72.10

surfaces:
# radius       thickness    ior      abbe     semi_ap   coating
  580.0000       2.8000       1.80420  46.50    72.380    1
  168.1056       1.2356       1.00000  0.00     71.120    0
  247.2306       7.0000       1.43700  95.10    72.380    1
  -199.8985      0.4000       1.00000  0.00     72.380    0
  63.2082        8.3000       1.43700  95.10    69.890    1
  185.5895       11.6178      1.00000  0.00     69.890    0
  63.8991        2.5000       1.71740  29.50    62.740    1
  45.8463        0.7500       1.00000  0.00     57.200    0
  48.7435        9.0000       1.59280  68.62    59.420    1
  205.2494       2.6917       1.00000  0.00     59.420    0
  -216.2455      1.5000       1.80420  46.50    36.460    1
  38.0084        5.7979       1.00000  0.00     31.340    0
  -101.2705      1.5000       1.59280  68.62    37.020    1
  39.7503        5.3500       1.80810  22.76    34.280    1
  -2054.9944     2.7303       1.00000  0.00     34.280    0
  -56.9130       1.5000       1.80420  46.50    35.160    1
  -183.2298      26.3670      1.00000  0.00     36.240    0
  848.5024       2.8000       1.74330  49.22    37.710    1
  -109.3368      0.2000       1.00000  0.00     37.710    0
  89.2729        7.1912       1.49700  81.61    38.490    1
  -47.2999       1.8000       1.80610  33.27    38.490    1
  -113.0282      15.2719      1.00000  0.00     40.630    0
  stop           2.0000       1.00000  0.00     36.156    0
  72.5977        4.7000       1.58310  59.46    39.300    1
  166.4337       0.4000       1.00000  0.00     39.300    0
  39.1350        5.0000       1.49700  81.61    38.440    1
  175.4979       0.3000       1.00000  0.00     35.380    0
  50.7172        1.5000       2.00100  29.10    39.030    1
  24.1826        8.5000       1.56730  42.84    33.500    1
  -112.0366      3.8848       1.00000  0.00     33.500    0
  -450.0000      1.3000       1.58310  59.46    28.720    1
  25.8438        7.7507       1.00000  0.00     24.280    0
  38.0555        6.3000       1.51630  64.07    31.130    1
  -67.3230       1.4000       1.80610  33.34    31.130    1
  -296.9887      5.1373       1.00000  0.00     33.270    0
  157.7712       7.1138       1.67270  32.17    30.940    1
  -27.3324       1.3000       1.83480  42.72    30.940    1
  -41.3523       0.4000       1.00000  0.00     31.670    0
  -73.0000       1.4000       1.72920  54.67    30.940    1
  213.5160       6.5499       1.00000  0.00     31.720    0
  -27.3634       1.3000       1.88300  40.81    30.290    1
  -64.4511       30.6300      1.00000  0.00     33.870    0
