# Sony FE 20-70mm F4.0 G
#
# Patent: WO2023-153076
# Converted from photonstophotos.net Optical Bench data
# 30 surfaces, 16 glass elements, f/4.1

name: Sony FE 20-70mm F4.0 G
focal_length: 20.71

surfaces:
# radius       thickness    ior      abbe     semi_ap   coating
  64.7620        1.7000       1.94595  18.00    52.400    1
  55.3310        7.5000       1.59282  68.60    50.820    1
  760.6180       0.8000       1.00000  0.00     49.780    0
  183.7940       1.3000       1.77250  49.60    32.880    1
  14.7220        8.4200       1.00000  0.00     23.550    0
  -47.6190       1.3000       1.85155  40.10    22.470    1
  -704.2250      0.2000       1.00000  0.00     22.080    0
  86.2860        3.9600       1.85478  24.80    21.480    1
  -45.0200       1.4900       1.00000  0.00     20.620    0
  -23.0820       1.0000       1.59282  68.60    19.970    1
  -65.0760       18.3400      1.00000  0.00     19.200    0
  stop           1.5000       1.00000  0.00     11.299    0
  28.4850        3.8700       1.69350  53.20    20.630    1
  105.9070       5.9700       1.00000  0.00     20.390    0
  23.9410        1.3900       1.95375  32.30    20.760    1
  14.9250        5.5000       1.49700  81.60    19.690    1
  -1850.4040     4.8800       1.00000  0.00     19.690    0
  -106.0960      2.6400       1.60342  38.00    19.730    1
  -27.4920       1.0000       1.85451  25.20    19.840    1
  -82.1090       0.3000       1.00000  0.00     20.240    0
  42.0220        5.9000       1.49700  81.50    20.470    1
  -20.1820       3.4400       1.00000  0.00     20.400    0
  -46.0700       1.8000       1.94595  18.00    20.770    1
  -31.3790       1.1600       1.00000  0.00     21.070    0
  -44.1960       1.0000       1.77002  49.40    20.770    1
  43.2270        4.9600       1.00000  0.00     21.240    0
  431.3900       2.4500       1.59349  67.00    24.370    1
  -76.0740       5.7600       1.00000  0.00     24.760    0
  -30.8950       1.0000       1.72047  34.70    25.900    1
  -64.9540       14.5100      1.00000  0.00     27.370    0
