# Sony E 20mm F2.8
#
# Patent: US20140204265
# Converted from photonstophotos.net Optical Bench data
# 14 surfaces, 7 glass elements, f/2.9

name: Sony E 20mm F2.8
focal_length: 20.42

surfaces:
# radius       thickness    ior      abbe     semi_ap   coating
  100.0000       0.7000       1.56700  42.84    10.640    1
  12.9100        0.0800       1.53400  41.71    9.380     1
  11.3100        0.9000       1.00000  0.00     9.240     0
  12.4700        1.6200       1.80400  46.50    8.620     1
  249.7300       1.4400       1.00000  0.00     8.620     0
  stop           4.0500       1.00000  0.00     7.015     0
  -6.0200        0.7500       1.68900  31.16    8.760     1
  -15.9200       0.3000       1.00000  0.00     11.080    0
  -29.5800       3.5000       1.72900  54.67    12.120    1
  -10.6600       0.2000       1.00000  0.00     14.720    0
  22.1000        3.7500       1.82100  42.71    18.740    1
  -22.8000       1.2000       1.00000  0.00     18.740    0
  -50.8700       0.8500       1.84700  23.78    19.000    1
  35.7900        17.5900      1.00000  0.00     17.980    0
