# Sony FE C 16-35mm T3.1
#
# Patent: US20190369371
# Converted from photonstophotos.net Optical Bench data
# 33 surfaces, 18 glass elements, f/2.9

name: Sony FE C 16-35mm T3.1
focal_length: 16.50

surfaces:
# radius       thickness    ior      abbe     semi_ap   coating
  351.6080       2.8000       1.76801  49.20    58.320    1
  27.1100        6.2650       1.00000  0.00     40.740    0
  38.1810        1.8600       1.83481  42.70    42.260    1
  26.0000        0.1500       1.53420  41.70    38.340    1
  26.4200        10.2400      1.00000  0.00     38.340    0
  -101.2240      1.8000       1.77250  49.60    36.800    1
  52.2280        0.4000       1.00000  0.00     35.280    0
  52.1620        4.0220       1.91237  21.90    35.280    1
  236.2140       21.0600      1.00000  0.00     35.280    0
  104.6100       3.8500       1.65844  50.90    28.960    1
  -74.2720       20.7600      1.00000  0.00     28.960    0
  -48.0000       1.1000       1.83429  39.10    28.440    1
  -161.2710      0.4000       1.00000  0.00     29.640    0
  41.9350        4.0580       1.58313  59.50    31.860    1
  -726.9660      3.1000       1.00000  0.00     31.520    0
  stop           10.9100      1.00000  0.00     18.312    0
  34.8580        1.6000       1.72342  38.00    33.140    1
  22.0300        6.5430       1.48749  70.40    33.140    1
  103.2070       0.4000       1.00000  0.00     33.140    0
  79.7120        4.1730       1.69350  53.20    31.120    1
  -65.5760       4.4900       1.00000  0.00     31.120    0
  131.0100       5.1740       1.55008  75.50    26.220    1
  -25.5970       1.5000       1.90175  34.60    26.220    1
  90.7170        0.4000       1.00000  0.00     26.220    0
  29.4970        6.1180       1.49700  81.60    26.660    1
  -36.9640       0.4000       1.00000  0.00     26.660    0
  156.8190       4.7200       1.92286  20.90    26.580    1
  -26.7380       1.0000       1.90366  31.30    26.580    1
  47.2170        2.8110       1.00000  0.00     22.900    0
  -1106.4620     1.5000       1.88202  37.20    22.900    1
  75.0000        17.4200      1.00000  0.00     26.060    0
  0              2.5000       1.51680  64.20    53.280    1
  0              1.0000       1.00000  0.00     53.280    0
