# Sony Sonnar T* FE 35mm F2.8 ZA
#
# Patent: JP2015-041012
# Converted from photonstophotos.net Optical Bench data
# 13 surfaces, 7 glass elements, f/2.9

name: Sony Sonnar T* FE 35mm F2.8 ZA
focal_length: 36.06

surfaces:
# radius       thickness    ior      abbe     semi_ap   coating
  -23.1000       0.8000       1.80000  25.46    15.740    1
  -85.2300       1.4900       1.83000  42.72    14.740    1
  -42.3600       0.8500       1.00000  0.00     14.740    0
  stop           1.4000       1.00000  0.00     13.409    0
  18.5900        2.9800       1.76000  49.24    16.700    1
  -45.0300       1.4900       1.00000  0.00     16.700    0
  119.5700       0.7000       1.58000  59.46    15.620    1
  14.1800        5.5300       1.00000  0.00     12.800    0
  51.2000        5.3600       1.83000  42.72    16.880    1
  -10.0200       1.0000       1.63000  34.57    16.880    1
  86.1100        4.9500       1.00000  0.00     17.980    0
  -10.5500       1.0000       1.68000  31.16    17.960    1
  -14.1900       20.0300      1.00000  0.00     20.440    0
