# Sony FE 70-200mm F2.8 GM OSS II
#
# Patent: JP2023-039817
# Converted from photonstophotos.net Optical Bench data
# 32 surfaces, 17 glass elements, f/2.9

name: Sony FE 70-200mm F2.8 GM OSS II
focal_length: 72.14

surfaces:
# radius       thickness    ior      abbe     semi_ap   coating
  116.6810       2.8200       1.77660  29.70    67.360    1
  83.8140        0.2900       1.00000  0.00     66.150    0
  87.1180        8.3400       1.43810  95.10    66.150    1
  -9920.9110     0.2000       1.00000  0.00     65.950    0
  78.2010        8.4300       1.43810  95.10    64.740    1
  1122.5810      1.4900       1.00000  0.00     64.020    0
  481.7050       1.4000       1.77621  49.60    37.160    1
  43.5420        22.9500      1.00000  0.00     35.560    0
  -76.2290       1.4000       1.49845  81.60    36.410    1
  63.4890        4.5500       1.86290  24.80    37.870    1
  226.4280       25.1200      1.00000  0.00     38.010    0
  66.7890        2.6100       1.79191  25.70    38.790    1
  116.8010       18.0000      1.00000  0.00     38.620    0
  47.4480        8.2600       1.49856  81.60    38.740    1
  -96.7980       6.8900       1.00000  0.00     37.960    0
  stop           3.3000       1.00000  0.00     34.140    0
  -192.4040      1.3700       1.86290  24.80    33.010    1
  52.2850        2.0800       1.00000  0.00     32.330    0
  45.0430        1.0000       1.86290  24.80    33.110    1
  32.8230        7.8800       1.58547  59.40    32.650    1
  -79.0030       0.7000       1.00000  0.00     32.540    0
  325.7730       4.5200       1.58547  59.40    31.830    1
  -95.0700       6.5900       1.00000  0.00     31.220    0
  0              3.1200       1.93323  20.90    27.240    1
  -54.7300       1.0000       1.65803  39.70    26.750    1
  30.6250        19.7400      1.00000  0.00     24.220    0
  53.7550        6.5200       1.61669  44.30    32.570    1
  -70.6370       7.9500       1.00000  0.00     32.580    0
  -321.3380      1.2500       1.49845  81.60    31.060    1
  62.5010        5.2200       1.00000  0.00     30.500    0
  -44.6390       1.3000       2.00912  29.10    30.500    1
  -95.0590       28.7900      1.00000  0.00     31.470    0
