# Sony FE 24mm F1.4 GM
#
# Patent: WO2019-073744
# Converted from photonstophotos.net Optical Bench data
# 24 surfaces, 13 glass elements, f/1.4

name: Sony FE 24mm F1.4 GM
focal_length: 23.66

surfaces:
# radius       thickness    ior      abbe     semi_ap   coating
  47.2840        2.0000       1.77002  49.40    44.460    1
  18.1100        13.7600      1.00000  0.00     35.280    0
  -98.7000       1.4500       1.49700  81.60    34.250    1
  51.1200        5.2600       2.00100  29.10    33.530    1
  -155.4000      6.0800       1.00000  0.00     33.530    0
  -40.6400       1.2000       1.78472  25.70    29.240    1
  800.0000       6.7300       1.00000  0.00     29.570    0
  164.7600       4.8800       1.88100  40.10    32.140    1
  -49.7600       2.8600       1.00000  0.00     32.140    0
  stop           7.8700       1.00000  0.00     31.754    0
  25.4500        7.6200       1.49700  81.60    31.250    1
  -388.4400      1.2500       1.74077  27.80    30.300    1
  29.4300        0.4000       1.00000  0.00     27.950    0
  28.5200        9.6900       1.49700  81.60    28.130    1
  -28.5200       1.2500       1.73800  32.30    27.190    1
  -275.2200      0.3000       1.00000  0.00     27.190    0
  33.4200        5.1900       2.00100  29.10    28.490    1
  -256.6600      2.3300       1.00000  0.00     28.490    0
  133.0900       1.0000       1.64769  33.80    26.130    1
  28.2600        4.8600       1.00000  0.00     24.460    0
  -300.0000      1.4000       1.85235  40.10    24.340    1
  169.5450       2.9100       1.00000  0.00     25.710    0
  113.2900       2.5000       1.61997  63.90    31.440    1
  -1085.0700     15.5100      1.00000  0.00     31.440    0
