# Sony E 50mm F1.8 OSS
#
# Patent: JP2012-242690
# Converted from photonstophotos.net Optical Bench data
# 20 surfaces, 10 glass elements, f/1.9

name: Sony E 50mm F1.8 OSS
focal_length: 51.30

surfaces:
# radius       thickness    ior      abbe     semi_ap   coating
  44.8799        4.8446       1.83481  42.72    32.560    1
  -275.0160      0.4000       1.00000  0.00     32.560    0
  23.3824        3.6557       1.91082  35.25    26.140    1
  55.6626        1.0221       1.00000  0.00     23.820    0
  263.1267       0.9000       1.72825  28.32    24.940    1
  15.5392        6.1331       1.00000  0.00     20.260    0
  -140.2020      0.8000       1.80610  33.27    21.660    1
  67.9694        4.5750       1.00000  0.00     21.660    0
  stop           1.5000       1.00000  0.00     19.440    0
  30.4655        0.7000       1.84666  23.78    21.240    1
  18.0217        4.7707       1.83481  42.72    19.640    1
  -80.3201       1.7960       1.00000  0.00     21.180    0
  -142.5540      0.7000       1.62041  60.34    18.860    1
  20.3958        11.8290      1.00000  0.00     16.800    0
  46.8341        6.2150       1.72916  54.67    26.000    1
  -33.8583       7.8104       1.00000  0.00     26.000    0
  -25.3869       2.0000       1.80518  25.46    24.420    1
  -38.0301       5.0000       1.00000  0.00     26.660    0
  0              2.0000       1.51680  64.20    28.400    1
  0              9.1500       1.00000  0.00     28.400    0
