# Sony E PZ 16-50mm F3.5-5.6 OSS
#
# Patent: US20150316753
# Converted from photonstophotos.net Optical Bench data
# 18 surfaces, 9 glass elements, f/3.6

name: Sony E PZ 16-50mm F3.5-5.6 OSS
focal_length: 16.48

surfaces:
# radius       thickness    ior      abbe     semi_ap   coating
  172.5660       1.0800       1.88300  40.80    24.990    1
  12.0580        4.0000       1.00000  0.00     19.920    0
  19.7660        2.0180       2.00272  19.32    19.980    1
  32.0480        23.0430      1.00000  0.00     19.630    0
  13.0100        2.2830       1.69350  53.20    13.880    1
  199.0000       1.5000       1.00000  0.00     13.880    0
  stop           0.5000       1.00000  0.00     9.885     0
  11.0620        3.3530       1.49700  81.61    12.400    1
  -31.8920       0.7000       1.83400  37.34    12.340    1
  8.8500         1.5260       1.00000  0.00     8.980     0
  15.5670        2.5000       1.48749  70.44    11.220    1
  -34.2650       0.5000       1.00000  0.00     11.220    0
  24.3980        1.6010       1.48749  70.44    11.780    1
  -351.7650      3.3250       1.00000  0.00     11.780    0
  -24.7200       0.7900       1.69680  55.46    10.470    1
  30.0380        3.7750       1.00000  0.00     12.280    0
  93.9330        2.1900       1.80610  40.73    16.800    1
  -60.1320       13.8170      1.00000  0.00     16.800    0
