# Sony Planar T* FE 50mm F1.4 ZA
#
# Patent: WO2017-138250
# Converted from photonstophotos.net Optical Bench data
# 22 surfaces, 12 glass elements, f/1.4

name: Sony Planar T* FE 50mm F1.4 ZA
focal_length: 50.29

surfaces:
# radius       thickness    ior      abbe     semi_ap   coating
  9999.0000      3.8870       1.72341  37.90    50.370    1
  -128.2150      2.5520       1.00000  0.00     50.370    0
  114.5140       4.9460       1.85134  40.10    38.790    1
  -116.3730      2.1780       1.51679  64.10    38.790    1
  28.1200        8.8350       1.00000  0.00     34.420    0
  -51.9340       2.8970       1.71735  29.50    34.420    1
  44.7030        10.9400      1.72916  54.60    39.500    1
  -54.8760       1.1440       1.00000  0.00     39.500    0
  stop           1.7640       1.00000  0.00     38.582    0
  68.1420        9.3500       1.59282  68.60    42.800    1
  -54.5250       2.4420       1.00000  0.00     42.800    0
  -243.9180      1.8000       1.99502  29.30    37.010    1
  44.2960        5.4500       1.00000  0.00     35.330    0
  105.8750       3.7680       1.94594  17.90    36.520    1
  -150.7830      12.6840      1.00000  0.00     36.520    0
  93.5680        5.8220       1.80419  46.50    35.670    1
  -62.0240       0.5000       1.00000  0.00     35.670    0
  70.4860        10.3600      1.80419  46.50    34.680    1
  -37.6140       1.9310       1.80518  25.40    34.680    1
  34.9440        8.1410       1.00000  0.00     32.530    0
  -34.2880       1.8000       1.58312  59.30    32.530    1
  -96.2010       15.5060      1.00000  0.00     34.260    0
