# JP 2020-016755 Example 6
#
# Patent: JP2020-016755
# Converted from photonstophotos.net Optical Bench data
# 27 surfaces, 14 glass elements, f/2.1

name: JP 2020-016755 Example 6
focal_length: 16.54

surfaces:
# radius       thickness    ior      abbe     semi_ap   coating
  133.0077       4.1787       1.59201  67.02    50.010    1
  15.0140        7.8334       1.00000  0.00     27.270    0
  39.9324        1.5000       1.49700  81.61    29.960    1
  18.1909        4.3009       1.00000  0.00     23.750    0
  40.0247        6.2958       1.95150  29.83    20.770    1
  30.7882        2.4066       1.00000  0.00     25.180    0
  259.8476       1.1726       2.00069  25.46    22.000    1
  16.8033        8.0637       1.62004  36.30    22.000    1
  -20.9672       6.7376       1.00000  0.00     22.000    0
  -1102.8394     5.6450       1.63930  44.87    25.990    1
  -20.7552       1.5000       1.00000  0.00     25.990    0
  stop           3.0784       1.00000  0.00     21.196    0
  26.1119        1.0000       1.55332  71.68    22.520    1
  16.3009        6.5986       1.00000  0.00     20.270    0
  33.9936        9.3270       1.49700  81.61    23.360    1
  -13.0702       0.8000       1.80610  40.73    23.360    1
  -18.1861       0.1500       1.00000  0.00     24.390    0
  -530.0516      2.5947       1.77250  49.50    19.420    1
  -58.6378       1.5000       1.00000  0.00     24.650    0
  -59.9105       0.8000       1.64769  33.84    22.000    1
  25.2017        3.2175       1.00000  0.00     24.410    0
  42.5919        5.1494       1.49700  81.61    29.390    1
  -65.0121       0.1500       1.00000  0.00     29.390    0
  -129.1575      1.0000       1.92119  23.96    30.340    1
  118.5022       15.5402      1.00000  0.00     30.340    0
  0              2.5000       1.51680  64.20    46.530    1
  0              1.0000       1.00000  0.00     46.530    0
