# Sony DT 18-55mm F3.5-5.6 SAM II
#
# Patent: US20090290227
# Converted from photonstophotos.net Optical Bench data
# 17 surfaces, 8 glass elements, f/3.6

name: Sony DT 18-55mm F3.5-5.6 SAM II
focal_length: 18.50

surfaces:
# radius       thickness    ior      abbe     semi_ap   coating
  83.2208        1.7000       1.77250  49.60    41.000    1
  18.3028        0.5748       1.00000  0.00     30.600    0
  18.5265        2.2000       1.52996  55.80    31.920    1
  12.1167        9.8036       1.00000  0.00     28.880    0
  24.2439        3.3268       1.84666  23.70    29.480    1
  35.4625        42.3200      1.00000  0.00     27.200    0
  0              1.5000       1.00000  0.00     15.400    0
  18.5569        4.3840       1.51823  58.90    19.600    1
  -508.1872      3.0000       1.00000  0.00     19.600    0
  stop           1.0000       1.00000  0.00     13.595    0
  26.2270        4.5698       1.49700  81.60    16.130    1
  -22.9507       1.0000       1.83400  37.30    16.130    1
  37.4662        1.7579       1.00000  0.00     13.720    0
  -133.1549      1.4617       1.52996  55.80    13.480    1
  -67.0595       2.6193       1.00000  0.00     13.480    0
  -28.1119       2.0388       1.48749  70.40    13.700    1
  -15.9169       38.5029      1.00000  0.00     15.160    0
