# Sony 2x Teleconverter Lens (SEL)
#
# Patent: WO2017-134928
# Converted from photonstophotos.net Optical Bench data
# 13 surfaces, 8 glass elements

name: Sony 2x Teleconverter Lens (SEL)
focal_length: 50.00

surfaces:
# radius       thickness    ior      abbe     semi_ap   coating
  187.6524       2.0000       1.68893  31.16    17.440    1
  -62.4251       3.4652       1.00000  0.00     17.440    0
  -49.9904       1.1000       1.80420  46.50    16.060    1
  16.2900        6.4091       1.59270  35.45    18.840    1
  -16.7320       1.0000       1.83481  42.71    18.840    1
  180.5625       0.4400       1.00000  0.00     19.900    0
  50.0000        6.2240       1.67270  32.17    22.760    1
  -15.8000       1.2000       2.00100  29.13    22.760    1
  -132.9605      6.3136       1.00000  0.00     23.740    0
  -39.8752       1.4000       1.95375  32.32    27.800    1
  -134.2965      0.8961       1.00000  0.00     31.380    0
  -450.0000      10.4400      1.51742  52.15    36.980    1
  -23.0000       12.9482      1.00000  0.00     36.980    0
