# Sony Vario-Tessar T* E 16-70mm F4 ZA OSS
#
# Patent: US009538088
# Converted from photonstophotos.net Optical Bench data
# 29 surfaces, 16 glass elements, f/4.1

name: Sony Vario-Tessar T* E 16-70mm F4 ZA OSS
focal_length: 16.48

surfaces:
# radius       thickness    ior      abbe     semi_ap   coating
  84.3400        1.5000       1.84666  23.78    44.700    1
  49.5380        4.5800       1.62041  60.34    41.350    1
  176.0900       0.2000       1.00000  0.00     41.350    0
  46.5980        4.4100       1.72916  54.67    38.830    1
  155.0000       1.0000       1.00000  0.00     38.830    0
  74.9340        1.3000       1.85135  40.10    24.440    1
  11.3840        5.2900       1.00000  0.00     17.860    0
  -96.2160       0.8000       1.83400  37.35    18.710    1
  14.9210        4.4200       1.84666  23.78    16.330    1
  -32.1370       0.5500       1.00000  0.00     16.330    0
  -20.4650       0.8000       1.82080  42.71    14.920    1
  -64.0060       12.7170      1.00000  0.00     15.870    0
  stop           0.5000       1.00000  0.00     8.090     0
  22.0090        0.8000       1.90366  31.31    17.710    1
  13.0310        4.2500       1.74330  49.22    15.980    1
  -54.4210       1.4100       1.00000  0.00     15.980    0
  -15.5500       0.8000       1.80611  40.73    14.840    1
  -39.9470       5.0250       1.00000  0.00     17.200    0
  63.4020        3.4900       1.69350  53.20    16.850    1
  -19.0630       0.2500       1.00000  0.00     17.520    0
  134.7700       0.8000       1.91082  35.25    16.760    1
  18.3870        4.1900       1.49700  81.61    16.760    1
  -33.2220       1.0000       1.00000  0.00     16.760    0
  41.2680        2.0200       1.61800  63.40    17.950    1
  -750.0000      5.4370       1.00000  0.00     17.950    0
  -242.5000      0.9000       1.69350  53.20    18.160    1
  15.5040        4.5630       1.00000  0.00     16.820    0
  34.5020        3.1600       1.51742  52.15    22.340    1
  -150.0000      14.7540      1.00000  0.00     22.340    0
