# US 8,964,096 Example 2
#
# Patent: US008964096
# Converted from photonstophotos.net Optical Bench data
# 15 surfaces, 8 glass elements, f/1.4

name: US 8,964,096 Example 2
focal_length: 51.50

surfaces:
# radius       thickness    ior      abbe     semi_ap   coating
  57.4290        5.7440       1.83481  42.70    45.900    1
  582.7070       0.1000       1.00000  0.00     45.900    0
  24.4970        4.8610       1.90460  35.40    34.800    1
  42.1700        1.5000       1.00000  0.00     32.800    0
  78.2800        1.6000       1.76182  37.20    32.800    1
  17.3310        9.9460       1.00000  0.00     26.300    0
  stop           7.6070       1.00000  0.00     24.650    0
  -21.7930       1.8000       1.84666  23.70    25.300    1
  125.8790       5.8030       1.83481  42.70    31.500    1
  -35.4530       0.2000       1.00000  0.00     31.500    0
  757.3830       4.5000       1.91082  35.20    32.300    1
  -87.5380       0.5000       1.00000  0.00     32.300    0
  -205.3950      5.4450       1.91082  35.20    32.300    1
  -30.3290       1.0000       1.76182  26.60    32.300    1
  -41.9120       37.7000      1.00000  0.00     32.300    0
