# Sony Vario-Tessar T FE 16-35mm F4 ZA OSS
#
# Patent: JP2015-166834
# Converted from photonstophotos.net Optical Bench data
# 24 surfaces, 13 glass elements, f/4.1

name: Sony Vario-Tessar T FE 16-35mm F4 ZA OSS
focal_length: 16.48

surfaces:
# radius       thickness    ior      abbe     semi_ap   coating
  1500.0000      2.8000       1.77173  49.20    53.440    1
  22.1700        7.1930       1.00000  0.00     37.740    0
  57.8060        1.8000       1.83945  42.70    38.340    1
  25.2330        0.1500       1.53699  41.70    33.530    1
  28.1640        9.4660       1.00000  0.00     33.110    0
  -63.6750       1.7000       1.80831  46.50    33.090    1
  -275.7150      0.5000       1.00000  0.00     34.120    0
  64.8700        4.0670       2.00912  29.10    33.920    1
  -187.4940      36.4000      1.00000  0.00     33.920    0
  -119.3970      1.7000       1.57124  56.00    22.120    1
  -49.7740       0.9000       1.00000  0.00     22.120    0
  stop           1.3000       1.00000  0.00     13.107    0
  24.5040        2.8000       1.74688  49.30    20.800    1
  14.3470        5.4850       1.49845  81.50    20.800    1
  188.6790       5.4910       1.00000  0.00     20.800    0
  46.7450        3.5000       1.48914  70.30    20.380    1
  -51.1790       2.3000       1.00000  0.00     20.380    0
  91.9960        1.1130       1.80831  46.50    18.630    1
  14.2640        3.4330       1.49845  81.60    18.630    1
  28.7270        0.8500       1.00000  0.00     16.760    0
  20.4800        6.5090       1.49845  81.60    21.290    1
  -23.1940       3.4110       1.00000  0.00     21.290    0
  -46.4300       1.6800       1.77767  47.10    20.130    1
  55.0000        25.8390      1.00000  0.00     21.310    0
