# Sony DT 18-135mm F3.5-5.6 SAM
#
# Patent: US20130155294
# Converted from photonstophotos.net Optical Bench data
# 28 surfaces, 16 glass elements, f/3.6

name: Sony DT 18-135mm F3.5-5.6 SAM
focal_length: 18.56

surfaces:
# radius       thickness    ior      abbe     semi_ap   coating
  133.2410       1.3000       1.84666  23.78    55.880    1
  61.3950        6.9400       1.72916  54.67    53.820    1
  732.7410       0.1000       1.00000  0.00     53.820    0
  63.0710        4.0000       1.77250  49.62    44.400    1
  175.5800       2.0200       1.00000  0.00     44.400    0
  98.4070        0.1500       1.53420  41.73    28.020    1
  60.0000        0.9000       1.83481  42.72    28.020    1
  14.4430        6.0700       1.00000  0.00     20.370    0
  -29.0820       0.9000       1.77250  49.62    20.370    1
  51.9630        0.2500       1.00000  0.00     20.920    0
  35.9640        4.7400       1.84666  23.78    20.380    1
  -35.9640       1.7300       1.00000  0.00     20.380    0
  -19.2650       0.9000       1.77250  49.62    18.600    1
  -52.0370       21.8300      1.00000  0.00     18.600    0
  stop           1.0000       1.00000  0.00     12.989    0
  28.2650        1.3000       1.83481  42.72    17.780    1
  18.5690        4.7700       1.56384  60.83    17.780    1
  -53.7660       1.0200       1.00000  0.00     17.780    0
  -23.6780       0.9000       1.83481  42.72    17.640    1
  -39.4670       8.0000       1.00000  0.00     18.460    0
  20.0640        7.0000       1.49700  81.61    20.240    1
  -38.0920       1.3000       1.00000  0.00     20.240    0
  43.4930        0.1500       1.53420  41.73    20.260    1
  68.0340        0.9000       1.83400  37.34    20.260    1
  22.1600        4.1200       1.00000  0.00     18.640    0
  104.1650       1.7200       1.51742  52.15    21.920    1
  21.5560        6.0000       1.48749  70.44    21.920    1
  -68.3850       38.5300      1.00000  0.00     21.920    0
