# JP 2020-016755 Example 2
#
# Patent: JP2020-016755
# Converted from photonstophotos.net Optical Bench data
# 27 surfaces, 14 glass elements, f/1.9

name: JP 2020-016755 Example 2
focal_length: 27.99

surfaces:
# radius       thickness    ior      abbe     semi_ap   coating
  39.7952        1.5000       1.69350  53.20    37.430    1
  14.8271        7.7391       1.00000  0.00     27.290    0
  55.2528        3.4302       2.00069  25.46    29.240    1
  498.1730       2.1913       1.00000  0.00     29.240    0
  46.4930        1.0000       1.58913  61.25    26.150    1
  20.7495        5.6797       1.00000  0.00     23.270    0
  -38.8715       1.0000       1.73800  32.33    22.000    1
  32.2631        6.8304       1.76385  48.49    28.390    1
  -30.4803       0.1500       1.00000  0.00     28.390    0
  79.1354        8.3534       1.49700  81.61    31.850    1
  -23.2721       1.5000       1.00000  0.00     31.850    0
  stop           3.2000       1.00000  0.00     25.618    0
  117.4673       1.0000       1.49710  81.56    26.470    1
  28.3576        8.1479       1.00000  0.00     25.000    0
  27.2433        9.1597       1.43700  95.10    25.000    1
  -17.3846       0.8000       1.51823  58.96    25.000    1
  -25.5813       0.1500       1.00000  0.00     25.000    0
  -153.3995      2.6468       1.77250  49.50    25.000    1
  -46.5843       1.5000       1.00000  0.00     25.000    0
  -525.7492      0.8000       1.64769  33.84    25.000    1
  24.8899        8.8472       1.00000  0.00     24.050    0
  -24.2243       1.0000       1.67270  32.17    26.150    1
  -71.4467       0.1500       1.00000  0.00     30.550    0
  181.7166       3.2241       2.00069  25.46    34.850    1
  -122.3325      11.5052      1.00000  0.00     34.850    0
  0              2.5000       1.51680  64.20    46.280    1
  0              1.0000       1.00000  0.00     46.280    0
