# Sony 70-400mm F4-5.6 G SSM II
#
# Patent: US008049968
# Converted from photonstophotos.net Optical Bench data
# 31 surfaces, 18 glass elements, f/4.0

name: Sony 70-400mm F4-5.6 G SSM II
focal_length: 70.72

surfaces:
# radius       thickness    ior      abbe     semi_ap   coating
  341.4865       2.3000       1.80420  46.50    68.440    1
  100.0749       8.6788       1.49700  81.61    67.760    1
  -580.6182      0.3000       1.00000  0.00     67.760    0
  102.6378       7.9544       1.49700  81.61    67.420    1
  -1349.2717     2.5000       1.00000  0.00     67.420    0
  250.0000       1.7000       1.63854  55.45    34.480    1
  38.5099        5.5546       1.00000  0.00     32.760    0
  -113.5820      1.3000       1.48749  70.44    31.740    1
  50.7413        3.1884       1.80610  33.27    31.580    1
  154.1035       51.3031      1.00000  0.00     31.580    0
  83.8353        3.7221       1.63854  55.45    29.530    1
  -166.1224      1.8375       1.00000  0.00     29.530    0
  -44.9779       1.3078       1.83481  42.72    29.530    1
  232.9722       0.2000       1.00000  0.00     31.040    0
  59.8407        3.9720       1.84666  23.78    31.720    1
  -354.6810      2.0000       1.00000  0.00     31.720    0
  stop           18.8055      1.00000  0.00     30.007    0
  204.1703       1.3000       1.84666  23.78    32.320    1
  34.6621        6.4963       1.64769  33.84    31.340    1
  -98.0309       1.4049       1.00000  0.00     31.340    0
  -317.9391      1.3000       1.84666  23.78    30.680    1
  36.5447        10.8707      1.63854  55.45    30.680    1
  -25.8401       1.3000       1.80610  33.27    30.680    1
  -60.5610       0.2000       1.00000  0.00     31.820    0
  59.5597        4.6131       1.84666  23.78    33.040    1
  -533.7403      18.9608      1.00000  0.00     33.040    0
  63.6049        1.2000       1.72000  50.34    29.720    1
  31.8746        3.6172       1.00000  0.00     27.780    0
  -235.1399      4.0756       1.78472  25.72    27.780    1
  -37.4552       1.2000       1.80420  46.50    29.080    1
  237.3893       62.0110      1.00000  0.00     29.080    0
