# Sony FE 24-70mm F2.8 GM II
#
# Patent: WO2023-181666
# Converted from photonstophotos.net Optical Bench data
# 37 surfaces, 20 glass elements, f/2.9

name: Sony FE 24-70mm F2.8 GM II
focal_length: 24.72

surfaces:
# radius       thickness    ior      abbe     semi_ap   coating
  472.0000       2.1000       1.86966  20.00    68.800    1
  193.7760       4.9700       1.61800  63.40    66.730    1
  -700.1980      0.2500       1.00000  0.00     65.970    0
  56.2900        5.6000       1.76385  48.50    56.560    1
  119.1500       0.8000       1.00000  0.00     55.200    0
  63.1900        1.3500       1.72916  54.70    39.740    1
  17.6360        8.8000       1.00000  0.00     29.110    0
  306.9980       1.0000       1.77002  49.40    27.400    1
  53.2850        2.3200       1.00000  0.00     25.270    0
  -142.6160      0.9500       1.63854  55.40    25.270    1
  23.2720        4.1500       2.00069  25.50    23.790    1
  131.2840       4.2800       1.00000  0.00     23.060    0
  -29.7070       0.9000       1.61800  63.40    21.400    1
  -42.2280       16.4800      1.00000  0.00     22.150    0
  stop           0.7100       1.00000  0.00     16.855    0
  39.7700        2.9500       1.85108  40.10    25.360    1
  200.0000       0.2000       1.00000  0.00     25.380    0
  49.0570        4.2000       1.43700  95.10    25.580    1
  -78.8430       0.9000       1.77250  49.60    25.470    1
  105.1820       7.2700       1.00000  0.00     25.480    0
  0              0.0000       1.00000  0.00     26.000    0
  29.5090        0.9000       2.00100  29.10    26.100    1
  18.6200        8.1000       1.49700  81.60    25.050    1
  -63.7520       0.2000       1.00000  0.00     25.170    0
  -152.9200      4.1700       1.43700  95.10    25.070    1
  -26.5130       0.9000       1.80610  33.30    25.040    1
  70.0000        0.3000       1.00000  0.00     26.080    0
  34.6670        7.2600       1.85108  40.10    27.020    1
  -28.0640       4.7600       1.00000  0.00     27.200    0
  116.6710       0.9000       1.85155  40.10    25.980    1
  25.2110        7.2200       1.00000  0.00     25.290    0
  43.8580        2.9300       1.61875  63.70    30.000    1
  90.4560        4.3000       1.00000  0.00     30.130    0
  -795.9080      4.1800       1.94595  18.00    34.000    1
  -50.2400       2.7000       1.00000  0.00     34.190    0
  -36.0900       1.2000       1.91082  35.20    33.480    1
  -1674.8530     15.8200      1.00000  0.00     34.940    0
