# Sony FE 14mm F1.8 GM
#
# Patent: WO2021-199923
# Converted from photonstophotos.net Optical Bench data
# 27 surfaces, 14 glass elements, f/1.9

name: Sony FE 14mm F1.8 GM
focal_length: 14.42

surfaces:
# radius       thickness    ior      abbe     semi_ap   coating
  32.1250        1.8700       1.58547  59.50    52.780    1
  15.0360        11.0700      1.00000  0.00     38.730    0
  36.2390        1.5000       1.73234  54.70    36.820    1
  17.7550        11.6600      1.00000  0.00     29.470    0
  -57.5810       1.5000       1.59489  68.60    27.140    1
  31.5810        0.0000       1.00000  0.00     24.930    0
  30.0730        7.9000       1.69416  31.20    24.920    1
  -54.9120       2.5800       1.00000  0.00     23.190    0
  -27.6010       1.2000       1.91048  31.30    20.980    1
  19.7700        6.0000       1.77660  29.70    20.360    1
  -114.4120      0.6000       1.00000  0.00     20.300    0
  36.3440        8.0000       1.77173  49.20    22.730    1
  -47.1600       5.7100       1.00000  0.00     23.710    0
  stop           6.3500       1.00000  0.00     23.330    0
  24.5910        6.9600       1.43810  95.10    22.850    1
  -34.5690       0.2000       1.00000  0.00     22.040    0
  106.5890       5.9200       1.49845  81.60    21.960    1
  -17.8650       1.2000       1.86252  25.20    21.810    1
  55.5380        0.7500       1.00000  0.00     23.160    0
  32.1940        6.1000       1.93323  20.90    24.970    1
  -46.4330       0.2000       1.00000  0.00     24.930    0
  -123.4780      0.9000       1.86252  25.20    24.110    1
  41.9160        2.8100       1.00000  0.00     23.400    0
  -500.0000      1.4000       1.85639  40.10    23.430    1
  298.7100       4.7800       1.00000  0.00     23.980    0
  -418.5300      2.1000       1.62228  63.90    29.300    1
  -83.3510       15.4400      1.00000  0.00     29.920    0
