# JP 2020-016755 Example 7
#
# Patent: JP2020-016755
# Converted from photonstophotos.net Optical Bench data
# 23 surfaces, 11 glass elements, f/2.9

name: JP 2020-016755 Example 7
focal_length: 18.60

surfaces:
# radius       thickness    ior      abbe     semi_ap   coating
  47.6034        2.0000       1.80610  40.73    32.210    1
  11.9324        5.5897       1.00000  0.00     21.490    0
  32.5738        1.0000       1.43700  95.10    22.820    1
  17.8998        3.8748       1.00000  0.00     20.430    0
  -81.6041       2.9451       1.77250  49.62    20.430    1
  -20.3127       1.0000       1.49700  81.61    21.540    1
  -64.0997       8.6943       1.00000  0.00     21.540    0
  0              2.2795       1.00000  0.00     13.730    0
  24.7275        4.8086       1.49710  81.56    16.280    1
  -17.6645       1.5000       1.00000  0.00     16.280    0
  stop           3.6527       1.00000  0.00     13.591    0
  402.6890       1.0000       1.51680  64.20    13.310    1
  17.4433        4.6718       1.00000  0.00     12.090    0
  21.9545        6.1996       1.49700  81.61    19.160    1
  -20.7873       1.5000       1.00000  0.00     19.160    0
  -33.1598       1.0000       1.80518  25.46    18.700    1
  388.0528       1.5000       1.00000  0.00     20.130    0
  424.7792       3.9645       1.49700  81.61    21.560    1
  -22.1849       0.4861       1.00000  0.00     21.560    0
  -39.5594       1.0000       1.80610  40.73    20.980    1
  1000.0000      17.8334      1.00000  0.00     23.080    0
  0              2.5000       1.51680  64.20    44.700    1
  0              1.0000       1.00000  0.00     44.700    0
