# JP 2020-016755 Example 3
#
# Patent: JP2020-016755
# Converted from photonstophotos.net Optical Bench data
# 27 surfaces, 14 glass elements, f/1.9

name: JP 2020-016755 Example 3
focal_length: 24.00

surfaces:
# radius       thickness    ior      abbe     semi_ap   coating
  123.1317       1.5000       1.58913  61.25    38.010    1
  13.7763        8.3856       1.00000  0.00     25.740    0
  55.6747        3.2776       2.00069  25.46    27.310    1
  1145.6789      0.5866       1.00000  0.00     27.310    0
  259.8737       1.4532       1.80610  40.73    25.320    1
  53.1990        6.3381       1.00000  0.00     22.000    0
  -39.4723       1.0000       1.71736  29.50    22.000    1
  52.6132        5.7494       1.76385  48.49    27.510    1
  -27.0724       0.3707       1.00000  0.00     27.510    0
  131.3021       7.2381       1.49700  81.61    29.620    1
  -22.1450       1.5000       1.00000  0.00     29.620    0
  stop           3.2035       1.00000  0.00     23.574    0
  99.2185        1.0000       1.49710  81.56    24.690    1
  25.5881        7.0318       1.00000  0.00     22.740    0
  30.4585        9.1698       1.49700  81.61    23.440    1
  -13.5210       0.8000       1.65100  56.16    23.440    1
  -19.7571       0.1500       1.00000  0.00     23.440    0
  -98.0910       2.1988       1.77250  49.50    24.080    1
  -50.3219       1.5000       1.00000  0.00     24.080    0
  -75.0233       0.8000       1.64769  33.84    22.610    1
  28.9658        7.3968       1.00000  0.00     23.880    0
  -30.3060       1.0000       1.92119  23.96    26.590    1
  -58.0909       0.1500       1.00000  0.00     29.870    0
  105.9580       3.1999       2.00069  25.46    35.240    1
  -232.9636      11.5000      1.00000  0.00     35.240    0
  0              2.5000       1.51680  64.20    46.780    1
  0              1.0000       1.00000  0.00     46.780    0
