# Sony E 18-55 mm F3.5-5.6 OSS
#
# Patent: US20110273780
# Converted from photonstophotos.net Optical Bench data
# 21 surfaces, 11 glass elements, f/3.7

name: Sony E 18-55 mm F3.5-5.6 OSS
focal_length: 18.49

surfaces:
# radius       thickness    ior      abbe     semi_ap   coating
  31.2530        1.4780       1.84666  23.78    35.900    1
  25.1830        5.7710       1.72916  54.66    34.300    1
  151.0480       1.1080       1.00000  0.00     34.300    0
  54.3380        1.0000       1.91082  35.25    24.240    1
  9.5480         5.6650       1.00000  0.00     16.140    0
  -31.2330       1.1000       1.85135  40.10    16.140    1
  32.5680        0.4000       1.00000  0.00     14.580    0
  22.1650        2.8350       1.92286  20.88    17.460    1
  -136.2240      12.3840      1.00000  0.00     17.460    0
  23.2500        1.6950       1.61800  63.39    11.520    1
  949.9710       2.0000       1.00000  0.00     11.520    0
  stop           2.1810       1.00000  0.00     9.942     0
  18.8110        3.3650       1.48749  70.45    11.860    1
  -15.1810       1.0000       1.80518  25.46    11.860    1
  -48.6350       1.7360       1.00000  0.00     11.860    0
  -36.0320       2.2220       1.72903  54.04    12.200    1
  -14.6980       5.5100       1.00000  0.00     12.840    0
  237.8580       1.0000       1.85135  40.10    14.020    1
  16.4140        6.8410       1.00000  0.00     11.940    0
  31.2090        3.0600       1.58144  40.89    23.260    1
  0              15.5370      1.00000  0.00     23.260    0
