# Sony FE PZ 16-35mm F4 G
#
# Patent: JP2023-044106
# Converted from photonstophotos.net Optical Bench data
# 26 surfaces, 13 glass elements, f/4.1

name: Sony FE PZ 16-35mm F4 G
focal_length: 16.48

surfaces:
# radius       thickness    ior      abbe     semi_ap   coating
  41.4500        1.5000       1.83481  42.70    38.700    1
  17.1000        5.5200       1.00000  0.00     29.470    0
  27.9180        1.1000       1.58313  59.50    28.410    1
  14.6200        7.2400       1.00000  0.00     25.130    0
  -141.4000      0.9000       1.49700  81.60    24.760    1
  27.3930        0.3000       1.00000  0.00     23.470    0
  25.1000        3.2700       1.85451  25.20    23.460    1
  63.5900        21.3500      1.00000  0.00     22.800    0
  28.2190        2.9000       1.58313  59.50    16.560    1
  -185.1980      6.3000       1.00000  0.00     15.900    0
  stop           3.6100       1.00000  0.00     10.634    0
  27.9500        0.7000       1.80610  33.30    15.900    1
  16.7200        4.6500       1.45860  90.20    15.580    1
  -31.8300       5.7600       1.00000  0.00     15.540    0
  -13.7300       0.7000       1.77047  29.70    13.930    1
  -20.4900       0.2000       1.00000  0.00     14.390    0
  172.7230       3.7000       1.49710  81.60    14.500    1
  -15.6240       3.1900       1.00000  0.00     14.900    0
  -24.0900       1.7300       1.94595  18.00    16.350    1
  -19.1800       0.2600       1.00000  0.00     16.840    0
  -32.0100       0.7000       1.91082  35.20    16.720    1
  -1100.0000     1.3400       1.00000  0.00     17.140    0
  -44.5940       0.8000       1.85135  40.10    17.270    1
  -500.0000      2.5100       1.00000  0.00     18.330    0
  -67.2700       3.0000       1.90043  37.40    30.140    1
  -36.0600       20.5800      1.00000  0.00     31.000    0
