# JP 2020-016755 Example 1
#
# Patent: JP2020-016755
# Converted from photonstophotos.net Optical Bench data
# 27 surfaces, 14 glass elements, f/1.9

name: JP 2020-016755 Example 1
focal_length: 33.99

surfaces:
# radius       thickness    ior      abbe     semi_ap   coating
  245.7148       1.5000       1.48749  70.45    41.480    1
  18.8363        7.9256       1.00000  0.00     31.230    0
  49.6353        5.3162       1.83400  37.34    33.060    1
  -98.2127       0.2000       1.00000  0.00     33.060    0
  55.4215        2.0019       1.69350  53.20    29.140    1
  23.2383        5.8574       1.00000  0.00     23.550    0
  -35.3268       1.8672       1.72047  34.71    24.730    1
  33.4230        7.4307       1.75500  52.32    30.640    1
  -33.5989       0.6259       1.00000  0.00     30.640    0
  77.7009        8.6979       1.49700  81.61    33.680    1
  -25.9378       1.5000       1.00000  0.00     33.680    0
  stop           3.0605       1.00000  0.00     26.885    0
  104.3829       0.8000       1.49710  81.56    27.580    1
  25.3631        9.1437       1.00000  0.00     25.600    0
  30.4036        8.6635       1.43700  95.10    25.100    1
  -18.5145       0.8000       1.61340  44.27    25.100    1
  -27.5047       0.1500       1.00000  0.00     25.100    0
  -147.1396      3.0001       1.88202  37.22    25.370    1
  -42.2865       1.5000       1.00000  0.00     25.370    0
  56691.6501     0.8000       1.64769  33.84    25.150    1
  25.1066        9.3132       1.00000  0.00     23.920    0
  -19.3336       1.0000       1.64769  33.84    25.790    1
  -82.2599       0.1500       1.00000  0.00     31.080    0
  295.3837       3.6962       2.00069  25.46    35.100    1
  -71.4314       11.5000      1.00000  0.00     35.100    0
  0              2.5000       1.51680  64.20    46.430    1
  0              1.0000       1.00000  0.00     46.430    0
