# Sony FE 24mm F2.8 G
#
# Patent: JP2022-030896
# Converted from photonstophotos.net Optical Bench data
# 20 surfaces, 11 glass elements, f/2.9

name: Sony FE 24mm F2.8 G
focal_length: 24.71

surfaces:
# radius       thickness    ior      abbe     semi_ap   coating
  27.6920        0.9000       1.48749  70.44    17.860    1
  10.7080        6.3010       1.00000  0.00     14.640    0
  -29.2550       0.7000       1.48749  70.44    11.280    1
  36.2780        0.2000       1.53610  41.21    10.840    1
  72.9020        2.2150       1.00000  0.00     10.820    0
  stop           2.4770       1.00000  0.00     11.538    0
  46.9220        2.8340       1.83481  42.72    13.520    1
  -28.6630       0.5000       1.00000  0.00     13.820    0
  559.3360       0.8000       1.72047  34.71    13.780    1
  15.1650        5.8720       1.49700  81.61    13.700    1
  -13.1000       4.5200       1.00000  0.00     13.980    0
  -11.5590       0.2000       1.53610  41.21    13.020    1
  -11.6750       0.7000       1.54814  45.82    13.060    1
  -17.2300       2.2220       1.00000  0.00     13.600    0
  -399.3430      4.4680       1.49710  81.56    15.880    1
  -12.2850       2.5350       1.00000  0.00     16.940    0
  -20.5780       1.0000       1.54072  47.20    17.600    1
  43.1100        18.9070      1.00000  0.00     19.280    0
  0              2.5000       1.51680  64.20    45.900    1
  0              1.0000       1.00000  0.00     45.900    0
