# Sony FE 12-24mm F2.8 GM
#
# Patent: WO2021-200206
# Converted from photonstophotos.net Optical Bench data
# 33 surfaces, 17 glass elements, f/2.9

name: Sony FE 12-24mm F2.8 GM
focal_length: 12.37

surfaces:
# radius       thickness    ior      abbe     semi_ap   coating
  81.8540        3.2000       1.58547  59.50    77.960    1
  17.0000        16.4000      1.00000  0.00     49.690    0
  53.5090        2.1000       1.77173  49.20    47.550    1
  24.1240        10.4100      1.00000  0.00     36.290    0
  -378.9990      1.6500       1.55206  75.50    35.460    1
  56.2860        4.1200       1.00000  0.00     33.740    0
  -123.3280      1.5500       1.43810  95.10    33.650    1
  84.4870        0.2000       1.00000  0.00     33.320    0
  48.4840        4.5800       1.85649  32.30    33.420    1
  -680.7250      19.7500      1.00000  0.00     33.000    0
  0              10.1600      1.00000  0.00     22.300    0
  30.9710        1.2000       1.93024  24.00    24.690    1
  17.9900        6.7800       1.67764  32.20    23.870    1
  -587.7130      9.3100       1.00000  0.00     23.810    0
  stop           1.0000       1.00000  0.00     16.230    0
  53.7300        1.2000       1.96073  32.30    23.600    1
  27.9890        0.2500       1.00000  0.00     23.080    0
  19.4310        4.4500       1.59412  67.00    23.910    1
  48.8880        3.2000       1.00000  0.00     23.530    0
  22.5150        1.3000       1.96073  32.30    23.260    1
  13.3610        9.5700       1.55206  75.50    21.290    1
  -57.5070       2.9700       1.00000  0.00     20.900    0
  -54.9630       4.2100       1.90314  20.40    19.640    1
  -16.3710       1.2500       1.96073  32.30    20.200    1
  -54.9380       0.2500       1.00000  0.00     21.600    0
  55.0410        6.6700       1.43810  95.10    22.490    1
  -20.5340       0.2600       1.00000  0.00     22.730    0
  -28.6200       1.1500       2.00912  29.10    22.060    1
  -286.2520      2.3900       1.00000  0.00     22.700    0
  -42.7200       1.4200       1.85639  40.10    22.800    1
  -194.7720      0.2000       1.00000  0.00     25.000    0
  100.0000       2.5000       1.49845  81.60    27.100    1
  -338.0710      15.5000      1.00000  0.00     27.930    0
