# Sony DT 16-50mm F2.8 SSM
#
# Patent: US20120307129
# Converted from photonstophotos.net Optical Bench data
# 32 surfaces, 18 glass elements, f/2.9

name: Sony DT 16-50mm F2.8 SSM
focal_length: 16.48

surfaces:
# radius       thickness    ior      abbe     semi_ap   coating
  546.1100       1.5000       1.84666  23.70    65.200    1
  87.3160        6.5000       1.80420  46.50    60.780    1
  -1328.7000     0.1500       1.00000  0.00     60.780    0
  46.3840        4.9800       1.80420  46.50    48.820    1
  107.5660       2.4300       1.00000  0.00     45.240    0
  94.0100        0.2000       1.53420  41.70    31.420    1
  50.6110        0.9000       1.91082  35.20    31.420    1
  14.0130        7.2700       1.00000  0.00     22.340    0
  -37.6400       1.0000       1.88300  40.80    22.340    1
  52.3940        0.3000       1.00000  0.00     22.720    0
  34.2000        4.5000       1.64769  33.80    21.000    1
  -34.2000       2.1900       1.00000  0.00     21.000    0
  -16.4540       0.9000       1.77250  49.60    21.000    1
  126.0100       3.1000       1.84666  23.80    19.460    1
  -34.2520       13.3500      1.00000  0.00     19.460    0
  stop           1.3000       1.00000  0.00     14.086    0
  42.3850        4.2900       1.80611  40.70    24.080    1
  -58.8950       0.2000       1.00000  0.00     24.080    0
  32.0600        3.6200       1.49700  81.60    25.530    1
  341.3620       2.4900       1.00000  0.00     25.530    0
  -38.8640       1.0000       1.83481  42.70    26.970    1
  43.5180        7.5400       1.00000  0.00     23.170    0
  26.1970        7.0000       1.49700  81.60    24.760    1
  -38.1100       0.5000       1.00000  0.00     24.760    0
  -379.6800      2.0000       1.90366  31.30    24.080    1
  80.0080        0.3000       1.53420  41.70    24.080    1
  231.7130       2.4500       1.00000  0.00     24.080    0
  -79.7300       0.9000       1.84666  23.80    25.100    1
  40.0000        5.0200       1.49700  81.60    25.100    1
  -49.8300       0.2000       1.00000  0.00     25.100    0
  122.5700       4.7500       1.62004  36.30    26.640    1
  -31.8340       37.3400      1.00000  0.00     26.640    0
