# Sony E 18-200mm F3.5-6.3 OSS
#
# Patent: US008553339
# Converted from photonstophotos.net Optical Bench data
# 33 surfaces, 19 glass elements, f/3.6

name: Sony E 18-200mm F3.5-6.3 OSS
focal_length: 18.47

surfaces:
# radius       thickness    ior      abbe     semi_ap   coating
  140.6286       1.5000       1.90366  31.31    54.160    1
  72.7778        7.2029       1.49700  81.61    52.960    1
  -395.7178      0.2000       1.00000  0.00     52.960    0
  61.5306        5.5571       1.61800  63.39    51.420    1
  221.7716       1.0000       1.00000  0.00     51.420    0
  90.6266        0.2000       1.51460  49.96    26.500    1
  60.6266        1.2000       1.90366  31.31    26.500    1
  13.8208        7.5749       1.00000  0.00     20.360    0
  -21.7485       0.9000       1.83481  42.72    19.000    1
  240.9339       0.2000       1.00000  0.00     19.000    0
  52.2290        3.5618       1.92286  20.88    18.480    1
  -28.3941       1.5245       1.00000  0.00     18.480    0
  -17.8390       0.8000       1.83481  42.72    19.000    1
  -33.0000       25.4255      1.00000  0.00     19.000    0
  stop           1.0000       1.00000  0.00     14.721    0
  18.4782        4.0353       1.61881  63.85    16.600    1
  -48.5651       0.7167       1.00000  0.00     16.600    0
  41.8835        0.9000       1.77250  49.62    16.600    1
  22.8773        2.9125       1.00000  0.00     16.600    0
  33.2873        3.3000       1.59201  67.02    15.920    1
  -25.5242       0.8000       1.84666  23.78    15.920    1
  -41.3225       0.5260       1.00000  0.00     16.260    0
  265.5713       0.8000       1.90366  31.31    15.400    1
  14.7745        4.4219       1.51742  52.15    14.560    1
  -21.3443       1.4000       1.00000  0.00     14.560    0
  -1799.6857     2.2000       1.72825  28.32    13.880    1
  -20.2692       0.7000       1.69680  55.46    13.200    1
  16.8599        0.2500       1.51460  49.96    13.200    1
  18.1394        9.5946       1.00000  0.00     13.200    0
  24.6924        4.7278       1.48749  70.44    19.500    1
  -34.7332       0.5818       1.00000  0.00     19.500    0
  -25.1727       1.0000       1.83481  42.72    19.340    1
  -195.8334      18.3076      1.00000  0.00     20.880    0
