# Sony DT 18-200mm F3.5-6.3
#
# Patent: US20080158689
# Converted from photonstophotos.net Optical Bench data
# 32 surfaces, 18 glass elements, f/3.5

name: Sony DT 18-200mm F3.5-6.3
focal_length: 18.50

surfaces:
# radius       thickness    ior      abbe     semi_ap   coating
  102.0000       1.5000       1.84666  23.78    49.810    1
  57.3039        7.0000       1.49700  81.61    49.810    1
  -1637.2725     0.2000       1.00000  0.00     49.810    0
  57.3980        5.0000       1.77250  49.60    47.360    1
  206.1032       1.6740       1.00000  0.00     47.360    0
  120.0000       0.2000       1.51460  49.96    25.730    1
  72.0000        1.2000       1.88300  40.78    25.730    1
  14.2700        5.0000       1.00000  0.00     18.500    0
  -28.5441       1.0000       1.80400  46.58    18.500    1
  33.8586        0.8000       1.00000  0.00     19.750    0
  30.9343        4.5000       1.84666  23.78    19.360    1
  -23.8690       0.5500       1.00000  0.00     19.360    0
  -18.7953       0.9000       1.83481  42.72    17.300    1
  -104.1144      21.4522      1.00000  0.00     19.720    0
  stop           0.9000       1.00000  0.00     14.279    0
  40.2000        0.2000       1.51460  49.96    17.400    1
  40.2000        3.6000       1.48749  70.21    17.400    1
  -40.2000       0.2000       1.00000  0.00     17.400    0
  25.7051        3.8000       1.49700  81.61    19.090    1
  150.0000       1.7000       1.00000  0.00     15.820    0
  -21.8899       1.0000       1.83400  37.17    15.820    1
  -109.7447      8.3768       1.00000  0.00     19.520    0
  24.8862        5.5000       1.51633  64.15    20.320    1
  -26.1016       0.2000       1.00000  0.00     20.320    0
  289.9935       4.0000       1.48749  70.21    19.030    1
  -16.4651       1.0000       1.80400  46.58    19.030    1
  -63.0556       0.4167       1.00000  0.00     19.610    0
  154.3072       1.0000       1.80400  46.58    19.570    1
  31.3635        1.6414       1.00000  0.00     19.570    0
  48.8300        0.2000       1.51460  49.96    20.680    1
  75.0000        4.0000       1.48749  70.21    20.680    1
  -230.0000      39.4600      1.00000  0.00     20.680    0
