# Sony FE 85 mm F1.4 GM II
#
# Patent: WO2025-239028
# Converted from photonstophotos.net Optical Bench data
# 28 surfaces, 15 glass elements, f/1.5

name: Sony FE 85 mm F1.4 GM II
focal_length: 82.45

surfaces:
# radius       thickness    ior      abbe     semi_ap   coating
  56.9800        5.0300       1.92286  20.90    60.980    1
  79.6710        0.8000       1.00000  0.00     59.340    0
  58.4030        7.9800       1.49700  81.60    57.050    1
  221.4470       0.6600       1.00000  0.00     54.860    0
  35.6680        9.4500       1.53775  74.70    46.850    1
  94.0260        0.5200       1.00000  0.00     43.460    0
  111.0800       1.4000       1.85451  25.20    43.210    1
  28.8030        10.6300      1.00000  0.00     37.600    0
  stop           18.1900      1.00000  0.00     36.490    0
  -54.1340       1.1000       1.65412  39.70    31.660    1
  44.0010        4.1700       1.85108  40.10    32.070    1
  218.6670       0.2000       1.00000  0.00     32.020    0
  47.1120        6.6200       1.95375  32.30    32.400    1
  -325.0000      0.2000       1.00000  0.00     31.500    0
  275.2120       3.4200       1.61800  63.40    30.840    1
  -79.5430       1.1000       1.77047  29.70    30.170    1
  40.1840        5.1600       1.00000  0.00     28.330    0
  88.5190        6.8200       1.80420  46.50    31.280    1
  -70.5820       3.4300       1.00000  0.00     32.330    0
  112.2750       3.8100       1.85108  40.10    34.580    1
  -251.3090      0.2000       1.00000  0.00     34.600    0
  410.0000       7.3900       1.98613  16.50    34.280    1
  -168.2090      1.1000       1.59270  35.40    33.810    1
  43.4610        6.9800       1.00000  0.00     33.050    0
  -47.0760       1.1000       1.86966  20.00    33.230    1
  -77.6100       12.8600      1.00000  0.00     34.310    0
  0              2.5000       1.51680  64.20    41.920    1
  0              1.0000       1.00000  0.00     44.050    0
