# Sony E 35mm F1.8 OSS
#
# Patent: JP2014-089352
# Converted from photonstophotos.net Optical Bench data
# 16 surfaces, 9 glass elements, f/1.9

name: Sony E 35mm F1.8 OSS
focal_length: 34.91

surfaces:
# radius       thickness    ior      abbe     semi_ap   coating
  -28.1410       2.3860       1.76200  26.61    25.180    1
  28.1410        4.9900       1.83500  42.72    22.350    1
  -45.8760       0.3000       1.00000  0.00     22.350    0
  27.0400        0.2000       1.54000  41.20    23.060    1
  29.6180        4.2300       1.91100  35.25    24.030    1
  -103.4680      2.5720       1.00000  0.00     24.030    0
  stop           1.7990       1.00000  0.00     18.278    0
  204.5070       0.9500       1.49700  81.61    17.700    1
  13.6990        8.3530       1.00000  0.00     16.400    0
  45.2730        1.8390       1.91100  35.25    18.860    1
  89.3560        1.6970       1.00000  0.00     18.860    0
  233.6940       4.9490       1.91100  35.25    17.950    1
  -12.0000       1.2730       1.76200  26.61    17.950    1
  26.3070        0.8260       1.00000  0.00     20.510    0
  28.0170        2.9950       1.85100  40.10    21.400    1
  217.2380       18.1400      1.00000  0.00     20.860    0
