# JP 2020-016755 Example 4
#
# Patent: JP2020-016755
# Converted from photonstophotos.net Optical Bench data
# 26 surfaces, 14 glass elements, f/1.9

name: JP 2020-016755 Example 4
focal_length: 20.59

surfaces:
# radius       thickness    ior      abbe     semi_ap   coating
  53.4286        3.5154       1.59201  67.02    44.640    1
  15.3574        8.1459       1.00000  0.00     27.910    0
  67.9385        1.5000       1.49700  81.61    30.220    1
  24.3141        8.1920       1.00000  0.00     26.020    0
  81.7649        1.8606       1.88202  37.22    24.150    1
  114.8833       3.0423       1.00000  0.00     20.920    0
  -35.8663       1.0000       1.80610  33.27    22.110    1
  69.6013        5.3947       1.76385  48.49    25.340    1
  -22.8515       5.3534       1.00000  0.00     25.340    0
  170505.2320    6.4987       1.49700  81.61    28.670    1
  -21.4978       1.5000       1.00000  0.00     28.670    0
  stop           3.5411       1.00000  0.00     23.515    0
  201.4693       1.0000       1.49710  81.56    24.430    1
  30.7921        6.8260       1.00000  0.00     22.660    0
  26.1321        8.8004       1.49700  81.61    24.430    1
  -16.1898       0.8000       1.65100  56.16    24.430    1
  -24.9494       0.1500       1.00000  0.00     24.430    0
  -1000.0000     2.5602       1.77250  49.50    24.740    1
  -63.7322       1.5000       1.00000  0.00     22.390    0
  -2193.7084     0.8000       1.60342  38.01    24.700    1
  22.0212        6.7000       1.00000  0.00     23.810    0
  -61.6368       5.1047       1.49700  81.61    26.620    1
  -19.0691       1.0000       1.78472  25.72    28.760    1
  -39.0668       11.7147      1.00000  0.00     30.780    0
  0              2.5000       1.51680  64.20    46.000    1
  0              1.0000       1.00000  0.00     46.000    0
