# Sony FE 135mm F1.8 GM
#
# Patent: WO2019-187633
# Converted from photonstophotos.net Optical Bench data
# 26 surfaces, 14 glass elements, f/1.9

name: Sony FE 135mm F1.8 GM
focal_length: 130.95

surfaces:
# radius       thickness    ior      abbe     semi_ap   coating
  67.6359        8.6799       1.61997  63.88    75.080    1
  181.1834       0.4000       1.00000  0.00     69.960    0
  54.6341        11.4782      1.43700  95.10    69.740    1
  233.0436       1.8824       1.00000  0.00     65.040    0
  208.5222       2.6500       1.72047  34.71    65.260    1
  41.4576        0.3000       1.00000  0.00     55.440    0
  42.3083        11.5000      1.59282  68.63    58.000    1
  276.9603       0.4000       1.00000  0.00     58.000    0
  71.0840        5.5858       1.58313  59.38    53.320    1
  181.1560       3.0000       1.00000  0.00     48.200    0
  122.3523       3.1014       1.95906  17.47    46.700    1
  473.0091       1.9000       1.77250  49.62    46.700    1
  34.4892        5.9178       1.00000  0.00     39.020    0
  294.4306       1.6000       1.72916  54.67    39.440    1
  94.0758        17.0880      1.00000  0.00     37.520    0
  stop           12.6914      1.00000  0.00     32.698    0
  79.1944        1.2500       1.74077  27.76    32.400    1
  42.8515        5.5000       1.61997  63.88    32.400    1
  -85.5729       11.9640      1.00000  0.00     32.400    0
  -692.7243      9.1465       1.80610  33.27    35.180    1
  -38.9500       1.2900       1.51742  52.15    35.180    1
  278.8445       5.0000       1.00000  0.00     35.180    0
  -51.8751       1.2800       1.89190  37.13    34.120    1
  -292.7369      17.8946      1.00000  0.00     35.600    0
  0              2.5000       1.51680  64.20    45.840    1
  0              1.0000       1.00000  0.00     45.840    0
