# Sony FE 70-200mm F4 G OSS
#
# Patent: US20150226945
# Converted from photonstophotos.net Optical Bench data
# 37 surfaces, 21 glass elements, f/4.1

name: Sony FE 70-200mm F4 G OSS
focal_length: 72.10

surfaces:
# radius       thickness    ior      abbe     semi_ap   coating
  88.5064        2.0000       1.92286  20.90    56.660    1
  69.0334        7.4800       1.49700  81.60    55.420    1
  -2244.1403     0.1500       1.00000  0.00     55.420    0
  52.6438        7.5000       1.43700  95.10    52.280    1
  365.7737       1.5000       1.00000  0.00     52.280    0
  -1884.0133     1.4000       1.91082  35.30    28.160    1
  29.0818        5.4000       1.00000  0.00     25.720    0
  -108.3065      1.3000       1.48749  70.40    26.320    1
  32.1946        4.0800       1.92286  20.90    26.320    1
  -6726.9797     2.2500       1.00000  0.00     26.320    0
  -52.3200       1.4000       1.90366  31.30    27.070    1
  -231.8247      24.0067      1.00000  0.00     27.070    0
  466.4764       2.6100       1.74077  27.80    28.260    1
  -122.2840      0.1000       1.00000  0.00     28.260    0
  74.9842        1.5000       1.92286  20.90    29.100    1
  40.5456        3.8000       1.60311  60.70    28.060    1
  -1213.0433     16.4610      1.00000  0.00     28.060    0
  118.4694       3.0000       1.69350  53.20    28.180    1
  -157.7341      0.1500       1.00000  0.00     28.180    0
  33.0178        3.2500       1.49700  81.60    27.420    1
  128.9784       1.2000       1.80610  33.30    26.940    1
  35.3852        3.7000       1.00000  0.00     25.460    0
  stop           10.1300      1.00000  0.00     25.185    0
  72.4090        4.0000       1.48749  70.40    24.660    1
  -49.5301       4.5426       1.00000  0.00     24.660    0
  104.0823       2.3800       1.84666  23.80    21.240    1
  -85.3832       0.8000       1.76802  49.20    21.240    1
  25.0888        7.0924       1.00000  0.00     19.280    0
  31.0101        4.5800       1.51633  64.10    20.960    1
  -42.2921       1.0000       1.92286  20.90    20.960    1
  -75.1116       3.0000       1.00000  0.00     20.960    0
  85.7255        1.7000       1.61800  63.40    22.700    1
  38.5600        5.3200       1.00000  0.00     21.580    0
  -35.3417       2.4900       1.78472  25.70    22.700    1
  -26.5815       4.3000       1.00000  0.00     24.040    0
  -28.7717       1.5000       1.88300  40.80    23.200    1
  -77.3139       42.1100      1.00000  0.00     24.240    0
