# Sony FE 28-70mm F2 GM
#
# Patent: WO2025-263124
# Converted from photonstophotos.net Optical Bench data
# 35 surfaces, 20 glass elements, f/2.1

name: Sony FE 28-70mm F2 GM
focal_length: 28.86

surfaces:
# radius       thickness    ior      abbe     semi_ap   coating
  177.0850       2.2000       1.95825  18.00    70.950    1
  135.1410       5.8900       1.59489  68.60    69.040    1
  2066.5720      0.2400       1.00000  0.00     68.170    0
  56.5380        7.8100       1.59561  67.00    60.820    1
  175.8510       0.8000       1.00000  0.00     59.390    0
  120.4620       1.3000       1.77373  49.40    41.840    1
  20.5830        10.2000      1.00000  0.00     31.610    0
  -59.4080       1.0500       1.77660  29.70    30.260    1
  26.2350        7.3700       1.93024  24.00    27.970    1
  -61.3530       1.7400       1.00000  0.00     27.280    0
  -33.1190       1.0000       1.69980  55.50    26.990    1
  -134.7070      23.3200      1.00000  0.00     28.330    0
  stop           0.6500       1.00000  0.00     26.657    0
  36.9630        5.6300       1.85612  40.10    32.600    1
  -387.7200      0.2000       1.00000  0.00     32.430    0
  318.2260       2.6300       1.43810  95.10    32.170    1
  -121.3560      1.1000       1.57125  56.00    31.920    1
  41.0630        8.0700       1.00000  0.00     31.010    0
  31.5500        1.1000       2.00912  29.10    32.270    1
  21.5940        6.4800       1.43810  95.10    30.770    1
  70.8820        0.2000       1.00000  0.00     30.880    0
  39.9100        7.8100       1.43810  95.10    31.400    1
  -47.0010       1.1000       1.86252  25.20    31.290    1
  88.2180        0.3000       1.00000  0.00     31.890    0
  37.1500        8.7700       1.85612  40.10    32.970    1
  -38.6370       3.3800       1.00000  0.00     32.980    0
  179.9320       1.0500       1.85659  40.10    30.060    1
  29.8610        7.3800       1.00000  0.00     29.070    0
  54.3110        6.3200       1.59456  66.90    34.360    1
  -153.7120      2.0000       1.00000  0.00     34.510    0
  -165.4910      5.3300       2.00009  16.50    33.860    1
  -32.5880       1.1000       1.86252  25.20    33.970    1
  -264.8240      5.1400       1.00000  0.00     33.940    0
  -59.1680       1.2000       1.85659  40.10    33.850    1
  -1500.0000     15.5300      1.00000  0.00     35.980    0
