# Sony Vario-Sonnar T DT 16-80mm F3.5-4.5 ZA
#
# Patent: US20070229969
# Converted from photonstophotos.net Optical Bench data
# 29 surfaces, 18 glass elements, f/3.6

name: Sony Vario-Sonnar T DT 16-80mm F3.5-4.5 ZA
focal_length: 16.40

surfaces:
# radius       thickness    ior      abbe     semi_ap   coating
  800.1090       2.0000       1.84666  23.78    55.200    1
  71.2450        0.0100       1.51400  42.83    51.580    1
  71.2450        6.7480       1.83500  42.98    51.580    1
  -1157.9570     0.1500       1.00000  0.00     51.580    0
  54.7270        4.9370       1.83500  42.98    44.160    1
  126.4080       1.8340       1.00000  0.00     44.160    0
  110.4740       1.2500       1.76743  49.48    28.540    1
  12.6550        7.3510       1.00000  0.00     20.680    0
  -28.2460       2.1900       1.80518  25.46    19.480    1
  -18.2350       0.0100       1.51400  42.83    19.480    1
  -18.2350       1.0000       1.88300  40.80    19.480    1
  118.2560       0.9150       1.00000  0.00     19.480    0
  48.8290        3.5620       1.76182  26.61    19.260    1
  -27.1950       1.7730       1.00000  0.00     19.260    0
  -18.1480       1.2000       1.88300  40.80    16.960    1
  -34.4930       16.7440      1.00000  0.00     16.960    0
  stop           0.8520       1.00000  0.00     12.030    0
  29.7960        1.0000       1.83500  42.98    18.820    1
  17.0860        0.0100       1.51400  42.83    18.820    1
  17.0860        4.0240       1.56883  56.04    18.820    1
  -1654.9170     10.1060      1.00000  0.00     19.800    0
  16.4190        6.9490       1.51680  64.20    21.300    1
  -52.9560       0.9800       1.00000  0.00     21.300    0
  -591.9720      1.6850       1.76743  49.48    19.820    1
  45.5600        2.5360       1.00000  0.00     18.060    0
  -772.1350      1.4000       1.90366  31.32    19.820    1
  21.8470        0.0100       1.51400  42.83    19.820    1
  21.8470        6.7480       1.51680  64.20    19.820    1
  -21.8450       37.2600      1.00000  0.00     20.780    0
