# Sony FE 90mm F2.8 Macro G OSS
#
# Patent: WO2016-136352
# Converted from photonstophotos.net Optical Bench data
# 29 surfaces, 16 glass elements, f/2.9

name: Sony FE 90mm F2.8 Macro G OSS
focal_length: 92.63

surfaces:
# radius       thickness    ior      abbe     semi_ap   coating
  60.7452        6.4830       1.72920  54.67    48.670    1
  -742.4113      0.5000       1.00000  0.00     48.670    0
  85.1880        4.5750       1.49700  81.61    42.880    1
  -300.7794      1.8000       1.84670  23.78    42.880    1
  62.5282        0.5000       1.00000  0.00     37.420    0
  46.3651        4.7220       1.76800  49.24    37.140    1
  478.0475       2.8000       1.00000  0.00     37.140    0
  235.4026       1.2000       1.77250  49.62    32.240    1
  31.9680        4.1650       1.00000  0.00     28.350    0
  -120.8878      1.2000       1.72920  54.67    28.350    1
  32.6584        3.0670       1.92290  20.88    28.820    1
  109.2743       22.9200      1.00000  0.00     26.720    0
  44.4665        1.2000       1.80610  33.27    32.060    1
  28.8115        5.8000       1.48750  70.44    30.200    1
  -247.5076      3.1900       1.00000  0.00     30.200    0
  stop           23.2200      1.00000  0.00     25.616    0
  89.3718        3.9420       1.72920  54.67    29.710    1
  -74.3718       0.5000       1.00000  0.00     29.710    0
  100.2759       5.4270       1.43700  95.10    31.110    1
  -37.7081       1.2800       1.67270  32.17    31.110    1
  -188.5814      7.4900       1.00000  0.00     33.470    0
  -76.0642       2.4320       1.90370  31.32    31.110    1
  -43.4556       1.5000       1.00000  0.00     31.110    0
  -88.4506       1.3000       1.65840  50.85    30.320    1
  88.4506        6.2450       1.00000  0.00     30.320    0
  -27.8033       1.3000       1.69680  55.46    30.590    1
  -75.2165       22.7470      1.00000  0.00     32.540    0
  0              2.5000       1.51680  64.20    50.860    1
  0              1.0000       1.00000  0.00     50.860    0
