# Sony FE 20mm F1.8 G
#
# Patent: WO2020-213337
# Converted from photonstophotos.net Optical Bench data
# 27 surfaces, 14 glass elements, f/1.9

name: Sony FE 20mm F1.8 G
focal_length: 19.50

surfaces:
# radius       thickness    ior      abbe     semi_ap   coating
  47.0260        1.8000       1.72916  54.70    47.740    1
  20.4490        4.1700       1.00000  0.00     35.500    0
  27.2640        1.6000       1.55032  75.50    37.040    1
  17.5460        4.1300       1.00000  0.00     30.560    0
  27.2230        1.5000       1.58313  59.50    32.600    1
  16.0000        5.0000       1.00000  0.00     27.920    0
  45.7790        2.8500       1.85896  22.70    30.020    1
  167.9560       14.6900      1.00000  0.00     30.020    0
  -30.7390       1.1000       1.74077  27.80    22.740    1
  -119.7220      0.8300       1.00000  0.00     25.860    0
  325.3000       4.3200       1.88300  40.80    27.520    1
  -29.5630       1.0300       1.00000  0.00     27.520    0
  stop           8.7300       1.00000  0.00     23.679    0
  25.2060        7.8800       1.49700  81.60    26.860    1
  -25.2060       1.2000       1.75520  27.50    26.860    1
  -55.0000       0.3000       1.00000  0.00     26.860    0
  55.1100        6.3800       1.49700  81.60    26.580    1
  -23.6820       1.2000       1.85478  24.80    26.580    1
  152.2940       0.3000       1.00000  0.00     26.580    0
  68.1170        4.5300       1.94595  18.00    27.140    1
  -37.5500       0.4000       1.00000  0.00     27.140    0
  -328.6250      1.0000       1.85478  24.80    26.020    1
  32.5790        3.5200       1.00000  0.00     23.480    0
  -175.8160      1.4000       1.85135  40.10    23.480    1
  300.0000       4.5000       1.00000  0.00     26.380    0
  1000.0000      1.9800       1.51680  64.20    34.540    1
  -160.0000      14.3200      1.00000  0.00     34.540    0
