# Sony Vario-Sonnar T 24-70mm F2.8 ZA SSM
#
# Patent: US20080198475
# Converted from photonstophotos.net Optical Bench data
# 35 surfaces, 21 glass elements, f/2.9

name: Sony Vario-Sonnar T 24-70mm F2.8 ZA SSM
focal_length: 24.70

surfaces:
# radius       thickness    ior      abbe     semi_ap   coating
  504.0810       1.8000       1.84666  23.78    67.550    1
  71.8540        0.0100       1.51400  42.83    62.560    1
  71.8540        7.7000       1.83481  42.72    62.560    1
  584.8810       0.1500       1.00000  0.00     62.560    0
  50.9710        6.5000       1.83481  42.72    56.580    1
  117.8430       2.7780       1.00000  0.00     56.580    0
  98.0670        1.2500       1.77250  49.36    37.570    1
  16.1070        9.3300       1.00000  0.00     25.050    0
  -30.4790       1.0000       1.80420  46.50    22.440    1
  73.1210        0.2900       1.00000  0.00     22.440    0
  49.9850        6.9600       1.84666  23.78    23.640    1
  -43.5860       2.6600       1.00000  0.00     23.640    0
  -19.8200       1.0000       1.77250  49.62    27.040    1
  -34.4190       15.2020      1.00000  0.00     28.730    0
  stop           1.7000       1.00000  0.00     18.821    0
  44.5590        1.0000       1.88300  40.80    31.680    1
  22.7810        0.0100       1.51400  42.83    31.680    1
  22.7810        8.5400       1.72000  50.34    31.680    1
  -90.9090       0.1500       1.00000  0.00     31.680    0
  141.0750       3.0600       1.83481  42.72    31.880    1
  -154.4160      2.0200       1.00000  0.00     31.880    0
  -46.1640       1.1000       1.90366  31.32    31.880    1
  -191.2690      8.1240       1.00000  0.00     33.880    0
  36.1480        7.7000       1.49700  81.61    32.550    1
  -52.8120       0.2500       1.00000  0.00     32.550    0
  66.2340        4.2000       1.49700  81.61    29.690    1
  -84.1060       0.7600       1.00000  0.00     29.690    0
  -100.0000      0.9500       1.90366  31.32    29.830    1
  73.5390        0.0100       1.51400  42.83    29.830    1
  73.5390        8.1000       1.48749  70.44    29.830    1
  -23.3300       0.0100       1.51400  42.83    29.830    1
  -23.3300       1.4500       1.77250  49.36    29.830    1
  296.1210       5.0000       1.00000  0.00     30.580    0
  -61.2900       3.8800       1.83400  37.34    31.740    1
  -32.1480       36.8300      1.00000  0.00     32.820    0
