# Sony 1.4x Teleconverter Lens (SEL)
#
# Patent: WO2017-134928
# Converted from photonstophotos.net Optical Bench data
# 11 surfaces, 6 glass elements

name: Sony 1.4x Teleconverter Lens (SEL)
focal_length: 50.00

surfaces:
# radius       thickness    ior      abbe     semi_ap   coating
  -209.3701      3.1000       1.80809  22.76    26.300    1
  -40.4112       4.3300       1.00000  0.00     26.300    0
  -24.5634       1.5000       1.85135  40.10    25.040    1
  82.7002        0.3000       1.00000  0.00     27.950    0
  60.4995        9.1000       1.60342  38.01    29.260    1
  -18.6013       1.4000       1.88100  40.14    29.260    1
  -34.2211       0.5000       1.00000  0.00     32.100    0
  -34.0899       1.5000       2.00100  29.13    32.100    1
  2331.0000      0.3000       1.00000  0.00     35.920    0
  157.3225       8.2000       1.57135  52.95    38.860    1
  -31.2399       12.9982      1.00000  0.00     38.860    0
