# Sony FE 28-70mm F3.5-5.6 OSS
#
# Patent: US20150077859
# Converted from photonstophotos.net Optical Bench data
# 20 surfaces, 10 glass elements, f/3.6

name: Sony FE 28-70mm F3.5-5.6 OSS
focal_length: 28.82

surfaces:
# radius       thickness    ior      abbe     semi_ap   coating
  34.0816        1.5000       1.83480  42.72    36.060    1
  18.3083        8.5270       1.00000  0.00     29.510    0
  -130.0576      1.0000       1.74400  44.72    32.180    1
  47.1173        1.6190       1.00000  0.00     28.370    0
  31.3904        2.5030       1.92290  20.88    29.060    1
  57.9296        28.6680      1.00000  0.00     28.220    0
  21.2750        3.5730       1.58310  59.46    19.840    1
  -91.5125       3.4320       1.00000  0.00     19.840    0
  stop           1.2000       1.00000  0.00     15.602    0
  22.7124        3.0750       1.49700  81.61    16.420    1
  -50.8068       0.9000       1.63980  34.57    16.420    1
  16.8378        3.9650       1.00000  0.00     13.360    0
  29.9134        2.5000       1.58310  59.46    15.720    1
  -58.0071       2.9900       1.00000  0.00     15.720    0
  -275.9198      0.8000       1.69350  53.20    16.360    1
  27.6960        4.9590       1.00000  0.00     16.360    0
  -41.2519       3.1200       1.74950  35.04    26.700    1
  -27.9283       30.5210      1.00000  0.00     28.080    0
  0              2.5000       1.51680  64.20    49.220    1
  0              1.0000       1.00000  0.00     49.220    0
