# US 7,286,303 Example 1
#
# Patent: US007286303
# Converted from photonstophotos.net Optical Bench data
# 19 surfaces, 9 glass elements, f/2.8

name: US 7,286,303 Example 1
focal_length: 45.30

surfaces:
# radius       thickness    ior      abbe     semi_ap   coating
  0              3.0000       1.00000  0.00     26.700    0
  31.9956        1.5000       1.69680  55.50    23.600    1
  17.3927        2.0000       1.00000  0.00     21.300    0
  35.0333        3.0000       1.75520  27.50    23.100    1
  70.9037        1.0000       1.00000  0.00     20.000    0
  20.4157        3.5000       1.72000  50.30    17.500    1
  -304.9499      1.0000       1.00000  0.00     17.500    0
  200.0000       1.5000       1.62004  36.30    16.000    1
  16.6496        4.0000       1.00000  0.00     14.600    0
  stop           4.0000       1.00000  0.00     14.340    0
  -14.6537       2.0000       1.71736  29.50    15.300    1
  233.3340       5.0000       1.77250  49.60    20.200    1
  -20.0075       0.2000       1.00000  0.00     20.200    0
  257.9798       3.5000       1.72000  50.30    21.700    1
  -34.8265       0.6690       1.00000  0.00     21.700    0
  61.6658        1.0000       1.72000  50.30    25.100    1
  36.9213        1.8000       1.00000  0.00     23.400    0
  147.6397       3.0000       1.54072  47.20    25.100    1
  -182.6472      42.6050      1.00000  0.00     25.100    0
