# Tamron SP 70-200mm F/2.8 Di VC USD
#
# Patent: US008867144
# Converted from photonstophotos.net Optical Bench data
# 41 surfaces, 23 glass elements, f/2.9

name: Tamron SP 70-200mm F/2.8 Di VC USD
focal_length: 71.80

surfaces:
# radius       thickness    ior      abbe     semi_ap   coating
  133.7102       2.0000       1.80610  33.27    75.600    1
  77.3487        8.5500       1.43700  95.10    73.880    1
  537.2688       0.2000       1.00000  0.00     73.880    0
  116.5358       4.6988       1.49700  81.61    72.000    1
  298.9745       0.2000       1.00000  0.00     72.000    0
  84.2299        8.2046       1.49700  81.61    70.640    1
  3112.4218      2.2014       1.00000  0.00     70.640    0
  -2017.5362     3.5529       1.90366  31.31    46.060    1
  -106.5734      1.5000       1.69680  55.46    46.060    1
  51.7905        20.5031      1.00000  0.00     39.240    0
  226.3153       1.3000       1.61800  63.39    36.680    1
  60.1827        3.2285       1.00000  0.00     36.680    0
  407.1084       1.3000       1.48749  70.44    37.540    1
  40.0019        4.8000       1.80518  25.46    37.540    1
  205.8653       3.1602       1.00000  0.00     35.220    0
  -66.4978       1.3000       1.83481  42.72    35.220    1
  230.8342       21.2237      1.00000  0.00     37.200    0
  378.2306       3.8000       1.77250  49.62    38.380    1
  -93.1471       0.2000       1.00000  0.00     38.380    0
  49.2255        9.6077       1.48749  70.44    38.220    1
  -52.6701       1.3000       1.83481  42.72    38.220    1
  497.7462       17.8225      1.00000  0.00     38.220    0
  stop           3.8462       1.00000  0.00     36.002    0
  48.2164        7.9959       1.72916  54.67    38.880    1
  -113.7175      0.2000       1.00000  0.00     38.880    0
  45.1106        4.5932       1.49700  81.61    33.920    1
  163.1315       1.8091       1.00000  0.00     29.740    0
  -99.0801       1.5000       1.80610  33.27    29.740    1
  26.4891        8.3490       1.49700  81.61    32.220    1
  -86.0385       1.7067       1.00000  0.00     32.220    0
  -133.2957      3.7000       1.80518  25.46    27.440    1
  -33.1117       1.0000       1.56883  56.04    27.440    1
  99.7696        1.8312       1.00000  0.00     25.160    0
  -78.7563       1.0000       1.60342  38.01    25.160    1
  40.8845        3.0000       1.00000  0.00     27.260    0
  118.2041       7.5038       1.69800  55.46    30.000    1
  -39.0850       2.5092       1.00000  0.00     30.000    0
  -29.1014       1.3000       1.90366  31.31    28.830    1
  -101.8420      0.2000       1.00000  0.00     32.220    0
  160.3490       3.9189       1.84666  23.78    34.440    1
  -80.3525       57.0050      1.00000  0.00     34.440    0
