# Tamron SP AF 200-500mm F5.0-6.3 Di LD [IF] A08
#
# Patent: JP2003-344768
# Converted from photonstophotos.net Optical Bench data
# 25 surfaces, 13 glass elements, f/5.2

name: Tamron SP AF 200-500mm F5.0-6.3 Di LD [IF] A08
focal_length: 200.00

surfaces:
# radius       thickness    ior      abbe     semi_ap   coating
  204.6832       6.0000       1.48749  70.20    82.180    1
  770.6605       0.2000       1.00000  0.00     82.180    0
  161.7932       2.5000       1.83400  37.20    80.570    1
  99.8761        10.0000      1.49700  81.60    78.600    1
  -1603.6079     41.9180      1.00000  0.00     78.600    0
  -90.7862       2.0000       1.77250  49.60    38.780    1
  126.4736       2.5000       1.00000  0.00     38.780    0
  137.6303       4.0000       1.80518  25.40    38.500    1
  -607.5925      47.7910      1.00000  0.00     38.500    0
  -3581.5637     1.5000       1.80518  25.40    39.650    1
  192.0848       2.0000       1.00000  0.00     39.650    0
  142.8949       6.0000       1.58913  61.20    40.410    1
  -90.0000       5.5510       1.00000  0.00     40.410    0
  161.6276       4.0000       1.49700  81.60    37.600    1
  -412.3662      0.2000       1.00000  0.00     37.600    0
  108.7455       5.0000       1.51633  64.10    37.770    1
  -80.3714       1.8000       1.83400  37.20    37.770    1
  -405.3952      20.8760      1.00000  0.00     37.770    0
  stop           19.7040      1.00000  0.00     24.650    0
  120.0000       1.8000       1.77250  49.60    26.210    1
  44.2501        2.0000       1.00000  0.00     26.210    0
  239.2721       1.8000       1.69680  55.50    26.210    1
  38.4761        3.0000       1.75520  27.50    26.210    1
  99.0289        28.3880      1.00000  0.00     23.990    0
  0              46.5000      1.00000  0.00     30.930    0
