# Tamron 70-180mm F/2.8 Di III VXD
#
# Patent: JP2021-043375
# Converted from photonstophotos.net Optical Bench data
# 38 surfaces, 22 glass elements, f/2.9

name: Tamron 70-180mm F/2.8 Di III VXD
focal_length: 72.10

surfaces:
# radius       thickness    ior      abbe     semi_ap   coating
  200.0000       1.5000       1.80610  33.27    60.500    1
  107.6500       5.9000       1.43700  95.10    59.951    1
  -2760.0000     0.2000       1.00000  0.00     59.874    0
  88.8800        7.0000       1.49700  81.61    59.416    1
  -5000.0000     3.2470       1.00000  0.00     58.899    0
  -192.1000      1.0000       1.69680  55.46    34.600    1
  110.4200       2.7340       1.00000  0.00     33.647    0
  -114.0000      1.0000       1.49700  81.61    33.585    1
  80.7400        3.0000       1.92286  20.88    33.791    1
  502.6000       1.9390       1.00000  0.00     33.723    0
  -99.5000       1.0000       1.69680  55.46    33.718    1
  185.0000       29.2480      1.00000  0.00     34.124    0
  80.6553        0.2500       1.51460  49.96    35.600    1
  100.0000       4.9000       1.83481  42.72    35.609    1
  -100.0000      3.3290       1.00000  0.00     35.556    0
  74.0500        4.4000       1.59282  68.62    34.246    1
  -176.2000      0.2000       1.00000  0.00     33.749    0
  92.0000        4.2000       1.49700  81.61    32.190    1
  -92.0000       1.0000       1.85451  25.16    31.423    1
  148.3000       2.2720       1.00000  0.00     30.320    0
  stop           2.0740       1.00000  0.00     29.223    0
  0              1.0000       1.90366  31.31    28.621    1
  29.2400        7.5000       1.49700  81.61    27.541    1
  -315.0000      0.2010       1.00000  0.00     27.441    0
  38.5500        5.6000       1.60342  38.03    27.200    1
  -70.5000       2.1150       1.00000  0.00     26.983    0
  198.0000       1.8000       1.92286  20.88    23.008    1
  -198.0000      0.8000       1.77250  49.62    22.484    1
  25.6100        15.4130      1.00000  0.00     20.800    0
  -463.4111      0.1500       1.51460  49.96    25.938    1
  310.3200       1.0000       1.85451  25.16    25.982    1
  67.2000        2.4190       1.00000  0.00     26.257    0
  48.4500        6.0000       1.91082  35.25    27.973    1
  -48.4500       4.7620       1.00000  0.00     28.000    0
  -20.8842       2.0000       1.85108  40.12    26.582    1
  -67.1148       29.7930      1.00000  0.00     27.875    0
  0              2.5000       1.51633  64.14    42.044    1
  0              1.0000       1.00000  0.00     42.802    0
