# Tamron 18-200mm F3.5-6.3 Di III VC
#
# Patent: JP2012-181525
# Converted from photonstophotos.net Optical Bench data
# 34 surfaces, 19 glass elements, f/3.6

name: Tamron 18-200mm F3.5-6.3 Di III VC
focal_length: 18.50

surfaces:
# radius       thickness    ior      abbe     semi_ap   coating
  132.6800       1.5000       1.90366  31.30    50.720    1
  58.9920        7.4130       1.43500  95.00    46.900    1
  -463.2650      0.2000       1.00000  0.00     49.520    0
  58.9440        5.8950       1.72916  54.70    48.100    1
  459.7050       0.8000       1.00000  0.00     48.100    0
  52.0060        0.2000       1.51460  50.00    23.860    1
  38.9990        1.2000       1.88300  40.80    23.960    1
  12.1340        6.4940       1.00000  0.00     17.180    0
  -24.7050       0.8000       1.80420  46.50    17.180    1
  798.4230       0.2000       1.00000  0.00     17.180    0
  38.3480        3.0000       1.92286  20.90    16.540    1
  -39.1150       1.2640       1.00000  0.00     15.000    0
  -17.3490       1.0000       1.80139  45.40    15.000    1
  -56.2210       18.0530      1.00000  0.00     16.100    0
  stop           4.0560       1.00000  0.00     12.856    0
  38.8310        2.6000       1.69350  53.20    16.640    1
  -61.6050       5.6520       1.00000  0.00     16.640    0
  19.0890        5.2060       1.49700  81.60    17.180    1
  -20.3340       1.6560       1.80610  33.30    17.180    1
  -41.8000       1.2370       1.00000  0.00     17.180    0
  22.1990        1.2210       1.90366  31.30    15.120    1
  10.3890        3.7740       1.49700  81.60    15.120    1
  129.0450       1.1000       1.00000  0.00     15.120    0
  244.0030       3.5000       1.68893  31.10    14.480    1
  -11.8150       0.8000       1.83481  42.70    14.480    1
  22.0120        1.9050       1.00000  0.00     12.820    0
  36.9930        7.0000       1.54072  47.20    17.100    1
  -22.1750       2.9910       1.00000  0.00     17.100    0
  -13.0270       1.0000       1.88300  40.80    16.300    1
  -38.7630       0.2000       1.00000  0.00     18.920    0
  98.4570        3.0510       1.67270  32.20    21.560    1
  -46.2730       12.5000      1.00000  0.00     21.560    0
  0              2.0000       1.51680  64.20    28.980    1
  0              1.0000       1.00000  0.00     28.980    0
