# Tamron 18-400mm F/3.5-6.3 Di II VC HLD
#
# Patent: JP2017-116646
# Converted from photonstophotos.net Optical Bench data
# 30 surfaces, 17 glass elements, f/3.4

name: Tamron 18-400mm F/3.5-6.3 Di II VC HLD
focal_length: 18.51

surfaces:
# radius       thickness    ior      abbe     semi_ap   coating
  162.9000       1.2000       1.91082  35.25    61.880    1
  80.6000        8.6000       1.49700  81.61    60.300    1
  -442.0000      0.1500       1.00000  0.00     60.300    0
  75.8600        6.6000       1.55032  75.49    58.700    1
  524.0000       1.8561       1.00000  0.00     58.700    0
  127.2810       0.1600       1.51460  49.96    31.480    1
  100.9000       0.9000       1.91082  35.25    31.480    1
  17.3500        6.2191       1.00000  0.00     23.920    0
  -50.8000       0.8000       1.61800  63.39    23.920    1
  18.8700        0.0000       1.00000  0.00     23.440    0
  18.8700        5.5300       1.84666  23.78    22.680    1
  -89.6100       1.7168       1.00000  0.00     22.680    0
  -25.5000       0.7000       1.88100  40.14    21.390    1
  -102.5000      38.5961      1.00000  0.00     21.790    0
  stop           1.2000       1.00000  0.00     18.940    0
  140.0000       2.9700       1.51680  64.20    21.650    1
  -40.6000       0.1500       1.00000  0.00     21.650    0
  44.6500        3.2000       1.49700  81.61    21.540    1
  -71.7000       0.1500       1.00000  0.00     21.540    0
  30.5500        4.5500       1.48749  70.44    21.510    1
  -37.8000       0.7000       1.84666  23.78    21.510    1
  -282.1400      1.7808       1.00000  0.00     21.510    0
  -52.0988       0.9000       1.85135  40.10    18.300    1
  20.7200        2.8800       1.80809  22.76    18.300    1
  70.3000        20.9363      1.00000  0.00     18.300    0
  48.7858        3.8300       1.59201  67.02    21.850    1
  -39.5114       0.1500       1.00000  0.00     21.850    0
  -165.0000      0.7000       1.91082  35.25    21.740    1
  17.8700        5.9000       1.60342  38.01    21.740    1
  -54.8000       39.7621      1.00000  0.00     21.740    0
