# Tamron SP 150-600mm F/5-6.3 Di VC USD
#
# Patent: US010545321
# Converted from photonstophotos.net Optical Bench data
# 43 surfaces, 28 glass elements, f/5.0

name: Tamron SP 150-600mm F/5-6.3 Di VC USD
focal_length: 152.16

surfaces:
# radius       thickness    ior      abbe     semi_ap   coating
  426.3567       3.0000       1.83400  37.34    93.700    1
  159.9066       0.0200       1.56732  42.84    93.700    1
  159.9066       10.0500      1.49700  81.61    93.700    1
  -684.4955      0.3000       1.00000  0.00     93.700    0
  140.0775       9.1000       1.49700  81.61    90.720    1
  8733.4134      64.0000      1.00000  0.00     90.720    0
  558.1944       4.4000       1.80518  25.46    37.160    1
  -61.1413       0.0100       1.56732  42.84    37.160    1
  -61.1413       1.6000       1.72916  54.67    37.160    1
  177.9802       2.6000       1.00000  0.00     37.160    0
  583.7869       1.5000       1.80450  39.64    33.960    1
  50.6562        0.0100       1.56732  42.84    33.960    1
  50.6562        3.4000       1.80518  25.46    33.960    1
  142.9473       3.7000       1.00000  0.00     33.960    0
  -73.8510       1.5000       1.90366  31.31    33.120    1
  515.2175       34.0551      1.00000  0.00     33.120    0
  432.7323       4.1000       1.49700  81.61    34.860    1
  -112.9310      0.2000       1.00000  0.00     34.860    0
  73.5789        5.2184       1.48749  70.44    34.300    1
  -95.0713       0.2000       1.00000  0.00     34.300    0
  87.0854        5.1506       1.48749  70.44    33.220    1
  -66.1655       0.0100       1.56732  42.84    33.220    1
  -66.1655       1.5000       1.90366  31.31    33.220    1
  -710.1255      12.5500      1.00000  0.00     33.220    0
  -236.4657      0.9000       1.74400  44.79    28.840    1
  27.5546        0.0100       1.56732  42.84    28.840    1
  27.5546        4.1589       1.80610  33.27    28.840    1
  99.2354        4.5500       1.00000  0.00     28.840    0
  stop           27.7980      1.00000  0.00     24.880    0
  65.1174        4.1342       1.51742  52.15    26.260    1
  -65.1174       0.2000       1.00000  0.00     26.260    0
  50.5972        5.4000       1.51823  58.96    25.840    1
  -48.1430       0.0100       1.56732  42.84    25.840    1
  -48.1430       1.3000       1.90366  31.31    25.840    1
  1899.0359      13.6386      1.00000  0.00     25.840    0
  113.8672       2.2800       1.83481  42.72    23.820    1
  25.8597        6.9561       1.00000  0.00     23.820    0
  -55.4034       1.3000       1.48749  70.44    27.480    1
  29.6386        0.0100       1.56732  42.84    27.480    1
  29.6386        5.9000       1.72047  34.71    27.480    1
  -175.0744      51.0000      1.00000  0.00     27.480    0
  0              2.0000       1.51680  64.20    45.720    1
  0              1.0000       1.00000  0.00     45.720    0
