# Zeiss Batis 2.8 / 18
#
# Patent: JP2016-188967
# Converted from photonstophotos.net Optical Bench data
# 24 surfaces, 12 glass elements, f/2.9

name: Zeiss Batis 2.8 / 18
focal_length: 18.54

surfaces:
# radius       thickness    ior      abbe     semi_ap   coating
  28.8320        2.0000       1.59350  67.00    41.100    1
  15.6230        6.8860       1.00000  0.00     29.200    0
  29.3970        1.5000       1.49700  81.61    30.000    1
  13.1220        5.8830       1.00000  0.00     22.650    0
  52.5680        1.3000       1.59200  67.02    23.100    1
  12.9100        3.0680       1.00000  0.00     19.900    0
  30.3330        2.2650       1.88100  40.14    21.100    1
  141.7370       12.0990      1.00000  0.00     21.100    0
  24.6760        1.0000       1.88100  40.14    21.100    1
  13.6010        5.2920       1.48750  70.44    17.600    1
  -35.5020       1.3000       1.00000  0.00     17.600    0
  stop           2.4250       1.00000  0.00     15.848    0
  30.8500        4.3860       1.49710  81.56    19.100    1
  -18.3380       1.4720       1.00000  0.00     19.100    0
  45.7810        0.8000       1.72900  54.04    17.750    1
  19.1930        6.5190       1.00000  0.00     15.750    0
  -68.7370       2.5350       1.49700  81.61    21.500    1
  -25.5550       0.1000       1.00000  0.00     21.500    0
  -329.5770      4.0360       1.49700  81.61    22.250    1
  -23.0420       0.3290       1.00000  0.00     22.250    0
  -400.0000      1.2000       1.88200  37.22    24.000    1
  26.7850        22.1060      1.00000  0.00     21.900    0
  0              2.5000       1.51680  64.20    45.300    1
  0              1.0000       1.00000  0.00     45.300    0
