# US 8,699,151 Example 1
#
# Patent: US008699151
# Converted from photonstophotos.net Optical Bench data
# 38 surfaces, 19 glass elements, f/2.9

name: US 8,699,151 Example 1
focal_length: 294.00

surfaces:
# radius       thickness    ior      abbe     semi_ap   coating
  209.8730       5.0000       1.51680  64.20    102.900   1
  130.9450       0.5000       1.00000  0.00     100.800   0
  100.5870       19.7070      1.49700  81.60    101.400   1
  -407.7480      0.3000       1.00000  0.00     101.400   0
  127.8110       11.5350      1.49700  81.60    93.900    1
  -3470.0360     2.7000       1.00000  0.00     93.900    0
  -372.4170      4.0000       1.51680  64.20    92.300    1
  67.7740        3.4490       1.00000  0.00     82.000    0
  85.8490        15.7630      1.49700  81.60    82.000    1
  -303.0040      4.0000       1.80610  33.30    82.000    1
  303.0040       0.2000       1.00000  0.00     78.200    0
  102.6230       7.1140       1.84666  23.80    76.700    1
  406.0000       21.6770      1.00000  0.00     76.700    0
  0              12.6520      1.00000  0.00     60.200    0
  345.7460       2.0000       1.84666  23.80    48.900    1
  66.8230        29.7790      1.00000  0.00     46.600    0
  92.9290        4.0000       1.58313  59.50    45.700    1
  1608.0560      5.0000       1.00000  0.00     45.700    0
  84.4550        1.7000       1.90366  31.30    34.300    1
  29.6250        6.6840       1.48749  70.40    34.300    1
  -416.1810      4.3950       1.00000  0.00     34.300    0
  -81.1330       2.0000       1.58313  59.50    30.300    1
  45.2560        5.7830       1.00000  0.00     30.300    0
  stop           8.7480       1.00000  0.00     29.878    0
  120.4870       1.9000       1.84666  23.80    42.400    1
  36.9210        8.8870       1.80610  33.30    42.400    1
  -161.5960      16.2210      1.00000  0.00     42.400    0
  258.2170       7.8460       1.80518  25.50    44.100    1
  -66.6370       6.6290       1.00000  0.00     44.100    0
  -72.9720       1.6000       1.80420  46.50    40.500    1
  916.0120       8.2320       1.00000  0.00     40.500    0
  0              2.0000       1.51680  64.20    41.300    1
  0              8.0000       1.00000  0.00     41.300    0
  0              39.8000      1.00000  0.00     42.600    0
  0              2.2000       1.51680  64.20    43.900    1
  0              1.0000       1.00000  0.00     43.900    0
  0              1.0000       1.51680  64.20    43.900    1
  0              1.0000       1.00000  0.00     43.900    0
