# Tamron AF 28-300mm F3.5-6.3 XR Di LD Aspherical [IF] Macro A061
#
# Patent: US20030156333
# Converted from photonstophotos.net Optical Bench data
# 32 surfaces, 18 glass elements, f/3.5

name: Tamron AF 28-300mm F3.5-6.3 XR Di LD Aspherical [IF] Macro A061
focal_length: 29.00

surfaces:
# radius       thickness    ior      abbe     semi_ap   coating
  178.9400       1.5000       1.84666  23.80    51.800    1
  80.5800        6.5000       1.49700  81.60    49.920    1
  -246.9900      0.2000       1.00000  0.00     49.920    0
  60.8400        4.0000       1.77250  49.60    47.020    1
  157.2400       1.6980       1.00000  0.00     47.020    0
  112.1500       0.2000       1.53610  41.20    27.560    1
  68.3500        0.8000       1.83481  42.70    29.280    1
  15.9000        5.8000       1.00000  0.00     21.050    0
  -31.9500       0.8000       1.69680  55.50    21.050    1
  89.3000        0.1000       1.00000  0.00     23.460    0
  32.9200        4.8000       1.84666  23.80    21.600    1
  -32.9200       0.8000       1.00000  0.00     21.600    0
  -22.3900       0.9000       1.83481  42.70    19.860    1
  475.9500       20.8450      1.00000  0.00     19.200    0
  stop           0.9000       1.00000  0.00     19.305    0
  30.7400        0.2000       1.53610  41.20    23.840    1
  30.7400        4.1000       1.61800  63.40    23.840    1
  1234.1900      0.1000       1.00000  0.00     23.840    0
  29.6500        3.9000       1.49700  81.60    23.000    1
  -4488.1500     0.9000       1.00000  0.00     23.000    0
  -100.3500      0.8000       1.84666  23.80    23.000    1
  128.3300       6.6850       1.00000  0.00     23.000    0
  19.3900        6.2000       1.48749  70.20    22.810    1
  -104.5800      0.2000       1.00000  0.00     22.810    0
  71.2400        0.8000       1.77250  49.60    21.940    1
  16.5600        0.8000       1.00000  0.00     19.810    0
  20.8700        5.0000       1.51823  59.00    21.080    1
  -68.0000       0.2000       1.53610  41.20    21.080    1
  -68.0000       0.2000       1.00000  0.00     21.080    0
  66.3000        7.2000       1.54072  47.20    19.040    1
  -11.3100       0.8000       1.77250  49.60    19.040    1
  101.5800       40.0500      1.00000  0.00     20.400    0
