# Tamron 18-200mm F/3.5-6.3 Di II VC
#
# Patent: WO2014-126145
# Converted from photonstophotos.net Optical Bench data
# 32 surfaces, 17 glass elements, f/3.6

name: Tamron 18-200mm F/3.5-6.3 Di II VC
focal_length: 18.51

surfaces:
# radius       thickness    ior      abbe     semi_ap   coating
  81.0662        1.2000       1.84666  23.78    47.900    1
  53.5297        6.6000       1.49700  81.61    47.900    1
  -814.2792      0.2000       1.00000  0.00     47.900    0
  52.2329        4.4000       1.51742  52.15    43.250    1
  195.9920       1.5962       1.00000  0.00     43.250    0
  195.9920       1.1000       1.83481  42.72    26.880    1
  12.8669        6.4500       1.00000  0.00     19.670    0
  -26.6048       1.0000       1.53103  58.27    19.670    1
  98.2891        0.2000       1.00000  0.00     20.000    0
  50.8434        4.4000       1.80518  25.46    19.420    1
  -23.3493       0.4600       1.00000  0.00     19.420    0
  -19.0740       0.7000       1.77250  49.62    16.520    1
  -230.6555      27.6928      1.00000  0.00     19.680    0
  stop           0.9000       1.00000  0.00     15.397    0
  32.4971        3.6000       1.48749  70.44    19.010    1
  -34.7066       1.9500       1.00000  0.00     19.010    0
  23.1922        3.6000       1.48749  70.44    19.060    1
  -89.2603       0.4500       1.00000  0.00     16.650    0
  -42.0273       0.8000       1.84666  23.78    16.650    1
  -467.3151      2.8381       1.00000  0.00     19.060    0
  -47.8795       0.2000       1.51460  49.96    19.030    1
  -48.3845       0.7000       1.83400  37.34    19.030    1
  16.8825        3.0000       1.80518  25.46    19.030    1
  194.2614       8.0972       1.00000  0.00     19.030    0
  34.3111        1.2000       1.53103  58.27    20.000    1
  37.7297        0.1500       1.00000  0.00     20.000    0
  37.0491        5.6000       1.51680  64.20    22.100    1
  -20.7740       0.1600       1.00000  0.00     22.100    0
  -37.6215       0.8000       1.90366  31.31    20.460    1
  29.7997        0.3800       1.00000  0.00     22.010    0
  35.8567        4.5000       1.61293  37.00    22.010    1
  -32.7692       41.9921      1.00000  0.00     22.010    0
