# Tamron 28-300mm F3.5-6.3 Di VC PZD
#
# Patent: JP2013-254160
# Converted from photonstophotos.net Optical Bench data
# 37 surfaces, 20 glass elements, f/3.6

name: Tamron 28-300mm F3.5-6.3 Di VC PZD
focal_length: 28.78

surfaces:
# radius       thickness    ior      abbe     semi_ap   coating
  165.0566       1.0000       2.00100  29.13    57.360    1
  78.5233        6.6500       1.49700  81.61    55.040    1
  -728.4868      0.1400       1.00000  0.00     55.040    0
  70.3968        4.5500       1.59282  68.62    50.940    1
  318.6441       0.0900       1.00000  0.00     50.940    0
  87.5928        2.4000       1.72916  54.67    48.440    1
  168.6516       1.7749       1.00000  0.00     48.440    0
  119.1999       1.3000       1.85135  40.10    27.940    1
  16.0730        6.0532       1.00000  0.00     20.880    0
  -26.4607       0.7000       1.77250  49.60    20.880    1
  138.9702       0.1100       1.00000  0.00     24.160    0
  36.6745        4.2816       1.84666  23.78    18.340    1
  -27.6602       0.8000       1.00000  0.00     18.340    0
  -19.8927       0.7000       1.77250  49.60    18.340    1
  224.8288       18.7563      1.00000  0.00     20.430    0
  stop           1.0000       1.00000  0.00     18.994    0
  45.4709        2.3000       1.72916  54.67    20.500    1
  -223.1183      0.0800       1.00000  0.00     20.500    0
  32.9276        3.8000       1.49700  81.54    20.840    1
  -59.4375       0.1600       1.00000  0.00     20.840    0
  70.6213        3.2000       1.62263  58.16    20.130    1
  -34.0838       0.7000       1.92286  20.88    20.130    1
  -136.9124      1.9370       1.00000  0.00     21.850    0
  -80.5152       0.8000       1.82080  42.71    20.520    1
  20.0389        2.6000       1.80809  22.76    19.320    1
  48.4896        2.1000       1.00000  0.00     19.320    0
  0              9.9943       1.00000  0.00     19.880    0
  37.4118        2.9000       1.49700  81.54    22.330    1
  -235.3122      0.0800       1.00000  0.00     22.330    0
  46.5360        0.8000       1.80610  33.27    23.250    1
  15.5102        10.2000      1.51742  52.43    22.610    1
  -22.7166       2.6452       1.00000  0.00     22.610    0
  -26.2116       0.2000       1.51460  49.96    22.890    1
  -23.8312       0.8000       1.79952  42.22    22.890    1
  91.5604        0.2500       1.00000  0.00     25.550    0
  44.0886        2.6000       1.80518  25.46    25.330    1
  307.7694       40.1487      1.00000  0.00     24.820    0
