# Tamron SP AF70-200mm F2.8 Di
#
# Patent: US20080212200
# Converted from photonstophotos.net Optical Bench data
# 32 surfaces, 18 glass elements, f/2.9

name: Tamron SP AF70-200mm F2.8 Di
focal_length: 71.50

surfaces:
# radius       thickness    ior      abbe     semi_ap   coating
  336.3205       2.0000       1.78590  43.90    73.500    1
  78.4246        10.5820      1.48749  70.40    72.300    1
  -1004.7183     20.1010      1.00000  0.00     72.300    0
  87.2384        2.0000       1.69895  30.10    71.960    1
  66.6285        11.3870      1.48749  70.40    70.260    1
  -2110.6560     0.2000       1.00000  0.00     70.260    0
  114.6596       7.8050       1.49700  81.60    68.380    1
  -532.5578      1.1960       1.00000  0.00     68.380    0
  -495.1986      4.1740       1.84666  23.80    43.120    1
  -67.1510       1.2000       1.64000  60.20    41.080    1
  88.0318        2.7540       1.00000  0.00     36.500    0
  -233.3123      1.2000       1.64000  60.20    38.520    1
  51.9905        3.0440       1.84666  23.80    38.000    1
  97.6171        4.1780       1.00000  0.00     35.890    0
  -66.3984       1.2000       1.78590  43.90    35.890    1
  178.6227       32.1390      1.00000  0.00     37.480    0
  2391.1738      3.2580       1.80610  40.70    38.180    1
  -100.7101      0.2000       1.00000  0.00     38.180    0
  132.6524       5.8520       1.49700  81.60    38.520    1
  -61.1716       1.2000       1.84666  23.80    38.520    1
  -160.2407      12.8120      1.00000  0.00     39.540    0
  34.6669        7.0410       1.49700  81.60    39.320    1
  391.7479       1.9270       1.00000  0.00     39.320    0
  stop           9.6450       1.00000  0.00     35.719    0
  -162.8613      1.2000       1.62004  36.30    32.500    1
  141.7540       22.8150      1.00000  0.00     32.500    0
  267.9086       3.3030       1.83400  37.30    31.940    1
  -99.3972       9.5360       1.00000  0.00     31.940    0
  -27.1236       1.2000       1.80610  33.30    31.540    1
  -77.3739       0.4330       1.00000  0.00     33.440    0
  80.0747        4.0250       1.62004  36.30    36.180    1
  -293.1170      46.6960      1.00000  0.00     36.180    0
