# Tamron SP AF 180mm F3.5 Di LD [IF] Macro B01
#
# Patent: JP2003-329924
# Converted from photonstophotos.net Optical Bench data
# 26 surfaces, 14 glass elements, f/3.5

name: Tamron SP AF 180mm F3.5 Di LD [IF] Macro B01
focal_length: 176.96

surfaces:
# radius       thickness    ior      abbe     semi_ap   coating
  124.9298       8.0000       1.48749  70.21    62.220    1
  -216.3838      1.0000       1.00000  0.00     62.220    0
  73.4708        7.3000       1.49700  81.61    56.260    1
  5000.0000      1.3000       1.00000  0.00     56.260    0
  -310.0000      2.5000       1.83400  87.17    54.960    1
  189.6149       1.8000       1.00000  0.00     56.260    0
  88.5288        7.0000       1.49700  81.61    49.600    1
  -550.5219      1.5500       1.00000  0.00     49.600    0
  63.2121        3.5000       1.74400  44.79    42.850    1
  30.1325        7.9000       1.51633  64.15    38.040    1
  101.5288       4.7192       1.00000  0.00     38.040    0
  -276.4818      1.6000       1.69680  55.50    33.150    1
  54.3013        7.8000       1.00000  0.00     33.150    0
  337.0294       1.5000       1.69680  55.50    31.310    1
  36.1850        3.6000       1.84666  23.78    31.310    1
  78.2686        36.5923      1.00000  0.00     31.310    0
  stop           15.2508      1.00000  0.00     28.400    0
  89.9572        3.2000       1.58913  61.18    30.790    1
  -141.0514      0.5000       1.00000  0.00     30.790    0
  1098.9536      5.0000       1.58913  61.18    30.790    1
  -40.5337       1.5000       1.72825  28.46    30.790    1
  -74.2308       15.1456      1.00000  0.00     30.790    0
  -69.3962       1.5000       1.53172  48.91    29.260    1
  37.0359        7.3000       1.00000  0.00     29.260    0
  46.1038        3.3000       1.67003  47.25    32.700    1
  190.0000       59.2740      1.00000  0.00     32.700    0
