# Tamron SP 70-300mm F/4-5.6 Di VC USD
#
# Patent: US008228605
# Converted from photonstophotos.net Optical Bench data
# 30 surfaces, 17 glass elements, f/4.1

name: Tamron SP 70-300mm F/4-5.6 Di VC USD
focal_length: 71.75

surfaces:
# radius       thickness    ior      abbe     semi_ap   coating
  343.8744       3.8144       1.48749  70.20    52.900    1
  -343.8744      14.8434      1.00000  0.00     52.900    0
  65.4212        1.5000       1.69895  30.10    50.280    1
  46.5711        8.4101       1.43875  94.90    47.660    1
  -648.0663      3.5000       1.00000  0.00     47.660    0
  -213.5045      1.2000       1.77250  49.60    30.160    1
  56.2530        3.0571       1.00000  0.00     25.790    0
  -55.1425       1.2000       1.77250  49.60    25.790    1
  47.9635        4.1563       1.84666  23.80    27.400    1
  -133.8489      1.3243       1.00000  0.00     27.400    0
  -49.3822       1.2000       1.61800  63.40    28.320    1
  -169.9332      31.2341      1.00000  0.00     29.540    0
  stop           1.0000       1.00000  0.00     28.192    0
  79.1380        4.3069       1.88300  40.80    30.740    1
  -79.1380       0.2000       1.00000  0.00     30.740    0
  56.1087        5.8909       1.49700  81.50    29.840    1
  -45.5752       1.2000       1.90366  31.30    29.840    1
  156.9544       4.3009       1.00000  0.00     29.840    0
  49.6914        5.0710       1.48749  70.20    28.860    1
  -64.2211       1.0000       1.91082  35.30    28.860    1
  64.2211        0.2000       1.00000  0.00     28.860    0
  34.7404        5.9458       1.51742  52.20    27.810    1
  -82.3989       14.1294      1.00000  0.00     27.810    0
  1471.7974      3.0000       1.80610  33.30    20.820    1
  -27.2433       1.0000       1.77250  49.60    20.820    1
  42.4849        3.5054       1.00000  0.00     21.090    0
  65.9840        3.1265       1.80610  40.70    23.600    1
  -134.3988      9.0657       1.00000  0.00     23.600    0
  -20.1696       1.2000       1.77250  49.60    22.660    1
  -33.3862       47.5369      1.00000  0.00     24.810    0
