# Tamron SP AF 17-50mm F2.8 XR Di II LD Aspherical [IF] A16 A16N II
#
# Patent: JP2007-133138
# Converted from photonstophotos.net Optical Bench data
# 32 surfaces, 18 glass elements, f/2.9

name: Tamron SP AF 17-50mm F2.8 XR Di II LD Aspherical [IF] A16 A16N II
focal_length: 17.40

surfaces:
# radius       thickness    ior      abbe     semi_ap   coating
  300.0000       1.5000       1.84666  23.78    56.560    1
  75.5087        6.7000       1.72000  50.25    54.080    1
  -1190.5533     0.2000       1.00000  0.00     54.080    0
  48.6842        5.2000       1.77250  49.60    47.580    1
  124.0755       2.4784       1.00000  0.00     46.260    0
  127.2051       0.2000       1.51460  49.96    29.130    1
  45.6892        1.2000       1.77250  49.60    29.130    1
  12.6216        5.7200       1.00000  0.00     19.170    0
  -42.7430       1.0000       1.83481  42.72    20.410    1
  36.1713        0.5000       1.00000  0.00     16.600    0
  26.9035        4.1000       1.71736  29.51    17.930    1
  -37.7064       1.3000       1.00000  0.00     17.930    0
  -17.1517       1.0000       1.77250  49.60    17.080    1
  62.6889        3.0000       1.75520  27.51    18.970    1
  -40.4276       13.9316      1.00000  0.00     18.970    0
  stop           1.0000       1.00000  0.00     14.178    0
  39.5998        5.0000       1.48749  70.21    22.080    1
  -31.5622       0.4000       1.00000  0.00     22.080    0
  27.1476        3.5000       1.48749  70.21    22.060    1
  110.8097       2.3000       1.00000  0.00     21.790    0
  -34.6461       1.0000       1.83400  37.17    21.790    1
  -583.3650      6.5792       1.00000  0.00     22.760    0
  -155.8357      0.2000       1.51460  49.96    22.400    1
  -155.8357      3.0000       1.48749  70.21    22.400    1
  -41.8055       2.6000       1.00000  0.00     23.810    0
  -88.3422       3.3000       1.48749  70.21    22.040    1
  -26.9845       0.2000       1.00000  0.00     23.560    0
  -80.6962       1.2000       1.83400  37.17    23.190    1
  37.5662        5.6000       1.49700  81.61    24.420    1
  -35.3157       0.2000       1.00000  0.00     24.420    0
  -85.6592       3.6000       1.48749  70.21    25.440    1
  -27.4281       39.4700      1.00000  0.00     25.440    0
