# Zeiss Batis 1.8 / 85
#
# Patent: JP2015-096915
# Converted from photonstophotos.net Optical Bench data
# 24 surfaces, 12 glass elements, f/1.9

name: Zeiss Batis 1.8 / 85
focal_length: 82.87

surfaces:
# radius       thickness    ior      abbe     semi_ap   coating
  54.5090        7.5000       1.90370  31.31    56.900    1
  303.4600       3.3570       1.00000  0.00     56.900    0
  33.7930        8.0000       1.49700  81.61    42.000    1
  -954.2950      1.2000       1.74080  27.76    42.000    1
  26.0150        1.5010       1.00000  0.00     32.600    0
  32.8670        4.5380       1.65840  50.85    32.600    1
  104.5390       1.2900       1.00000  0.00     32.600    0
  0              3.2480       1.00000  0.00     34.000    0
  -685.1800      0.7000       1.48750  70.44    30.250    1
  29.0430        13.7250      1.00000  0.00     27.300    0
  stop           1.8840       1.00000  0.00     23.092    0
  38.8150        0.7000       1.78470  25.72    24.770    1
  17.1940        5.5520       1.59280  68.62    24.210    1
  -135.2870      1.0000       1.00000  0.00     24.210    0
  409.3460       0.7000       1.80420  46.50    24.660    1
  43.9500        3.0000       1.00000  0.00     24.660    0
  0              3.4030       1.00000  0.00     24.720    0
  60.0500        9.2340       1.80610  33.27    31.900    1
  -21.9930       2.3690       1.48750  70.44    31.900    1
  143.5550       6.6000       1.00000  0.00     31.900    0
  -25.1540       1.0000       1.51820  58.96    31.000    1
  -55.5880       14.7000      1.00000  0.00     34.400    0
  0              2.5000       1.51680  64.20    46.620    1
  0              1.0000       1.00000  0.00     46.620    0
