# JP 2016-188967 Example 3
#
# Patent: JP2016-188967
# Converted from photonstophotos.net Optical Bench data
# 24 surfaces, 12 glass elements, f/2.9

name: JP 2016-188967 Example 3
focal_length: 16.49

surfaces:
# radius       thickness    ior      abbe     semi_ap   coating
  29.8630        2.0000       1.59350  67.00    39.800    1
  15.2140        7.1080       1.00000  0.00     28.900    0
  31.6760        1.5000       1.49700  81.61    28.320    1
  12.8210        5.6620       1.00000  0.00     22.450    0
  56.8550        1.3000       1.59200  67.02    22.200    1
  12.4960        4.7100       1.00000  0.00     20.760    0
  25.6490        2.7360       1.88100  40.14    20.600    1
  -2872.1810     10.4270      1.00000  0.00     20.600    0
  29.3400        1.0000       1.88100  40.14    17.860    1
  11.0620        5.2820       1.48750  70.44    16.180    1
  -36.7580       1.3000       1.00000  0.00     16.180    0
  stop           3.8320       1.00000  0.00     13.796    0
  32.9940        4.3430       1.49710  81.56    18.200    1
  -16.5860       1.4890       1.00000  0.00     18.200    0
  168.7470       0.8000       1.72900  54.04    16.780    1
  35.3440        6.3730       1.00000  0.00     16.780    0
  -47.1720       2.7550       1.49700  81.61    19.260    1
  -20.3290       0.1000       1.00000  0.00     20.380    0
  -45.0600       3.4120       1.49700  81.61    20.620    1
  -20.8310       0.8330       1.00000  0.00     21.560    0
  -400.0000      1.2000       1.88200  37.22    21.360    1
  34.1530        20.3380      1.00000  0.00     22.420    0
  0              2.5000       1.51680  64.20    45.260    1
  0              1.0000       1.00000  0.00     45.260    0
