# JP 2015-096915 Example 8
#
# Patent: JP2015-096915
# Converted from photonstophotos.net Optical Bench data
# 19 surfaces, 10 glass elements, f/2.9

name: JP 2015-096915 Example 8
focal_length: 175.50

surfaces:
# radius       thickness    ior      abbe     semi_ap   coating
  109.9500       6.3440       1.90370  31.31    64.880    1
  0              0.2000       1.00000  0.00     64.880    0
  51.8320        10.2500      1.49700  81.61    60.300    1
  0              2.0000       1.73800  32.26    60.300    1
  35.8340        10.2250      1.49700  81.61    51.120    1
  358.2070       20.6870      1.00000  0.00     51.120    0
  -289.8300      1.0000       1.48750  70.44    35.720    1
  48.1330        13.5850      1.00000  0.00     33.260    0
  stop           14.4010      1.00000  0.00     28.530    0
  -182.9220      2.5500       1.84670  23.78    27.400    1
  -54.8450       1.0000       1.00000  0.00     27.400    0
  176.3160       0.7000       1.80420  46.50    25.940    1
  39.9950        5.7290       1.00000  0.00     25.940    0
  46.6890        3.5830       1.58910  61.25    24.900    1
  -310.1570      5.1070       1.00000  0.00     24.900    0
  -47.0510       1.5000       1.88300  40.81    25.460    1
  -86.9970       47.6410      1.00000  0.00     26.200    0
  0              2.5000       1.51680  64.20    45.940    1
  0              1.0000       1.00000  0.00     45.940    0
