# Tamron 14-150mm F/3.5-5.8 Di III
#
# Patent: US20140347522
# Converted from photonstophotos.net Optical Bench data
# 38 surfaces, 23 glass elements, f/3.7

name: Tamron 14-150mm F/3.5-5.8 Di III
focal_length: 14.43

surfaces:
# radius       thickness    ior      abbe     semi_ap   coating
  109.0553       1.5000       1.90366  31.31    39.750    1
  52.5697        0.0100       1.56732  42.84    37.370    1
  52.5697        5.5700       1.49700  81.61    37.370    1
  -146.2327      0.2000       1.00000  0.00     37.370    0
  39.5728        3.9700       1.61800  63.39    35.190    1
  112.3407       1.1330       1.00000  0.00     35.190    0
  79.0234        0.2000       1.51460  49.96    20.000    1
  65.0676        0.9000       1.91082  35.25    20.000    1
  12.3717        4.1854       1.00000  0.00     15.620    0
  -23.8730       0.7500       1.91082  35.25    15.620    1
  42.3962        0.4930       1.00000  0.00     15.620    0
  28.5426        3.3730       1.92286  20.88    15.660    1
  -24.6589       1.0150       1.00000  0.00     15.660    0
  -14.8587       0.7500       1.77250  49.62    15.510    1
  -49.5781       21.7353      1.00000  0.00     16.330    0
  stop           1.5000       1.00000  0.00     11.150    0
  13.2954        3.2480       1.58313  59.46    13.320    1
  -32.0948       0.2000       1.00000  0.00     13.320    0
  62.5251        0.6200       1.86188  42.08    13.910    1
  15.8491        2.0200       1.00000  0.00     13.120    0
  61.7390        2.8500       1.58313  59.46    13.760    1
  -15.2253       0.0100       1.56732  42.84    13.760    1
  -15.2253       0.6000       1.90766  33.41    13.760    1
  -25.8791       1.0200       1.00000  0.00     14.200    0
  109.2068       0.5800       1.91082  35.25    14.130    1
  20.0859        0.0100       1.56732  42.84    13.940    1
  20.0859        3.7247       1.61882  64.32    13.940    1
  -16.2282       1.4374       1.00000  0.00     13.940    0
  51.3428        1.6830       1.80518  25.46    13.000    1
  -75.7267       0.0100       1.56732  42.84    13.000    1
  -75.7267       0.6000       1.80420  46.50    13.000    1
  15.6073        12.1029      1.00000  0.00     11.800    0
  -18.5559       0.9000       1.80518  25.46    14.820    1
  -28.5021       1.0300       1.00000  0.00     15.520    0
  -152.2485      2.3543       1.72916  54.67    22.290    1
  -38.5471       11.0000      1.00000  0.00     22.290    0
  0              4.2000       1.51680  64.20    24.520    1
  0              1.0000       1.00000  0.00     24.520    0
