# Tamron 50-300mm F4.5-6.3 Di III VC VXD
#
# Patent: US20240295723
# Converted from photonstophotos.net Optical Bench data
# 36 surfaces, 20 glass elements, f/4.6

name: Tamron 50-300mm F4.5-6.3 Di III VC VXD
focal_length: 51.51

surfaces:
# radius       thickness    ior      abbe     semi_ap   coating
  128.0000       1.2000       1.80420  46.50    53.550    1
  62.1400        6.5100       1.43700  95.10    51.220    1
  2760.0000      0.1500       1.00000  0.00     51.220    0
  67.8000        6.5000       1.43700  95.10    49.640    1
  -613.9000      5.3235       1.00000  0.00     49.640    0
  82.2000        1.2000       1.69680  55.46    30.560    1
  24.6000        9.0000       1.00000  0.00     27.330    0
  -72.7000       0.9000       1.49700  81.61    23.960    1
  170.0000       0.6000       1.00000  0.00     25.010    0
  39.3000        3.1000       1.64769  33.84    23.460    1
  470.0000       2.2000       1.00000  0.00     23.460    0
  -46.4500       0.8000       1.72916  54.10    22.210    1
  32.5000        2.6000       1.85883  30.00    22.210    1
  134.3000       31.2606      1.00000  0.00     22.210    0
  49.6000        3.2500       1.69100  54.82    23.210    1
  -105.3000      2.2000       1.00000  0.00     23.210    0
  stop           1.4000       1.00000  0.00     20.397    0
  41.4600        5.3100       1.49700  81.61    22.030    1
  -29.0000       0.8000       1.90366  31.31    22.030    1
  300.0000       11.7000      1.00000  0.00     22.030    0
  130.7000       3.5000       1.72047  34.71    21.820    1
  -36.6000       1.8100       1.00000  0.00     21.820    0
  35.2000        4.5600       1.54072  47.20    18.820    1
  -27.1000       0.8000       1.95000  29.37    18.820    1
  207.0000       2.6417       1.00000  0.00     18.820    0
  2217.6000      2.4000       1.92119  23.96    16.700    1
  -34.2700       0.8000       1.79952  42.24    16.700    1
  28.5000        15.6249      1.00000  0.00     17.050    0
  35.5000        6.9000       1.57501  41.51    25.670    1
  -32.5000       1.0000       1.00000  0.00     25.670    0
  -41.8900       0.8000       1.90043  37.37    24.900    1
  208.5000       6.4400       1.00000  0.00     28.010    0
  -23.4000       1.0000       1.87071  40.73    25.420    1
  -44.7400       18.0000      1.00000  0.00     27.850    0
  0              2.5000       1.51680  64.20    45.550    1
  0              1.0000       1.00000  0.00     45.550    0
