# Tamron SP AF28-75mm F/2.8 XR Di LD Aspherical (Model A09)
#
# Patent: US007075731
# Converted from photonstophotos.net Optical Bench data
# 35 surfaces, 20 glass elements, f/2.9

name: Tamron SP AF28-75mm F/2.8 XR Di LD Aspherical (Model A09)
focal_length: 28.87

surfaces:
# radius       thickness    ior      abbe     semi_ap   coating
  333.1075       1.8000       1.84666  23.80    59.850    1
  77.6323        1.0000       1.00000  0.00     57.650    0
  74.5678        7.5878       1.69680  55.50    57.650    1
  -899.7118      0.2000       1.00000  0.00     57.650    0
  47.0695        5.5826       1.77250  49.60    51.220    1
  92.1616        2.6940       1.00000  0.00     51.220    0
  91.4948        0.2000       1.53610  41.20    29.600    1
  60.7311        1.0000       1.80400  46.60    29.600    1
  15.3347        5.7000       1.00000  0.00     21.670    0
  -49.6859       0.8000       1.80400  46.60    21.670    1
  56.8731        0.1000       1.00000  0.00     22.100    0
  34.3769        5.0582       1.80518  25.40    25.770    1
  -70.7589       3.8077       1.00000  0.00     24.390    0
  -17.7484       1.0000       1.48749  70.20    24.390    1
  88.8950        2.4000       1.80518  25.40    25.770    1
  -400.8377      9.7820       1.00000  0.00     25.770    0
  stop           0.8000       1.00000  0.00     18.622    0
  32.9501        4.5533       1.49700  81.60    30.260    1
  218.9272       0.3340       1.00000  0.00     30.260    0
  42.2548        0.2000       1.53610  41.20    32.990    1
  50.5518        4.1798       1.48749  70.20    32.990    1
  774.1028       0.2883       1.00000  0.00     32.310    0
  -1096.6700     4.9331       1.49700  81.60    32.310    1
  -36.1775       1.0000       1.84666  23.80    32.310    1
  -80.5109       6.7860       1.00000  0.00     33.690    0
  57.8584        3.3516       1.48749  70.20    32.920    1
  851.4063       0.1100       1.00000  0.00     32.920    0
  37.5240        8.2312       1.49700  81.60    32.010    1
  -46.1404       4.8987       1.00000  0.00     32.010    0
  -40.8554       1.0000       1.83400  37.20    26.570    1
  34.9959        0.2000       1.53610  41.20    26.570    1
  39.0704        0.2000       1.00000  0.00     26.570    0
  34.4669        5.8463       1.58144  40.80    28.130    1
  -77.0642       0.2000       1.53610  41.20    26.800    1
  -56.7993       39.1000      1.00000  0.00     26.800    0
