# Tamron SP 24-70mm F/2.8 Di VC USD
#
# Patent: US008810918
# Converted from photonstophotos.net Optical Bench data
# 31 surfaces, 18 glass elements, f/2.9

name: Tamron SP 24-70mm F/2.8 Di VC USD
focal_length: 24.70

surfaces:
# radius       thickness    ior      abbe     semi_ap   coating
  935.8082       1.5000       1.92286  20.88    71.950    1
  141.0527       6.1958       1.80420  46.50    68.720    1
  -1146.6586     0.2000       1.00000  0.00     68.720    0
  59.8022        6.4783       1.80420  46.50    62.430    1
  138.1563       3.2354       1.00000  0.00     61.640    0
  314.9264       0.3000       1.51460  49.96    39.080    1
  105.8749       1.2000       1.83400  37.34    39.080    1
  17.3128        8.6870       1.00000  0.00     26.380    0
  -34.9525       1.0000       1.71300  53.94    26.380    1
  23.1270        6.6500       1.90366  31.31    25.370    1
  -55.8238       4.2654       1.00000  0.00     25.370    0
  -21.9452       0.8000       1.49700  81.61    22.830    1
  -44.4267       17.0881      1.00000  0.00     24.470    0
  stop           1.0000       1.00000  0.00     18.610    0
  45.6293        6.7500       1.61881  63.85    28.290    1
  -83.5479       0.1500       1.00000  0.00     28.290    0
  95.4151        7.5000       1.49700  81.61    29.580    1
  -23.9796       0.8000       1.90366  31.31    28.290    1
  -37.4030       2.0000       1.00000  0.00     28.290    0
  -47.5340       1.3000       1.69350  53.20    26.820    1
  36.6179        3.0000       1.75520  27.53    28.340    1
  111.2047       8.1524       1.00000  0.00     28.340    0
  25.8440        8.0000       1.49700  81.61    29.170    1
  -52.5335       0.2000       1.00000  0.00     29.170    0
  -103.1176      2.0000       1.90366  31.31    29.430    1
  54.7004        6.0104       1.71300  53.94    28.210    1
  -54.7004       0.2000       1.00000  0.00     28.210    0
  -84.7582       1.5000       1.82080  42.71    30.880    1
  487.5778       2.4845       1.00000  0.00     29.250    0
  -102.2081      2.3423       1.74330  49.22    29.250    1
  -60.0000       40.3258      1.00000  0.00     31.080    0
