# Tamron AF 28-200mm F3.8-5.6 Aspherical 71D
#
# Patent: US006437923
# Converted from photonstophotos.net Optical Bench data
# 33 surfaces, 18 glass elements, f/3.7

name: Tamron AF 28-200mm F3.8-5.6 Aspherical 71D
focal_length: 29.07

surfaces:
# radius       thickness    ior      abbe     semi_ap   coating
  179.5300       1.5000       1.84666  23.80    50.290    1
  61.3000        1.0000       1.00000  0.00     46.710    0
  61.6200        6.5000       1.69680  55.50    48.370    1
  -426.5300      0.2000       1.00000  0.00     48.370    0
  48.4500        3.8000       1.77250  49.60    43.740    1
  99.0100        1.7680       1.00000  0.00     41.510    0
  67.9500        0.2000       1.53610  41.20    26.910    1
  55.5500        0.8000       1.83481  42.70    26.910    1
  14.2600        5.8000       1.00000  0.00     20.390    0
  -35.3200       0.9000       1.72000  50.20    20.390    1
  58.7300        0.1000       1.00000  0.00     17.960    0
  30.0400        3.8000       1.84666  23.80    19.900    1
  -36.5600       0.7000       1.00000  0.00     19.900    0
  -23.3400       0.8000       1.83481  42.70    18.140    1
  -643.5100      19.5530      1.00000  0.00     20.320    0
  stop           0.9000       1.00000  0.00     16.964    0
  34.7500        0.2000       1.53610  41.20    21.380    1
  34.7500        2.6000       1.79952  42.20    21.380    1
  -2289.8400     0.1000       1.00000  0.00     21.380    0
  26.0200        2.5000       1.72000  50.20    20.130    1
  157.3300       1.4000       1.00000  0.00     18.260    0
  -38.2700       0.8000       1.84666  23.80    18.260    1
  173.6400       5.7850       1.00000  0.00     20.420    0
  23.6900        4.3000       1.51633  64.10    19.520    1
  -59.6700       0.2000       1.00000  0.00     19.520    0
  58.1600        0.8000       1.80610  40.90    19.900    1
  17.4600        0.7000       1.00000  0.00     16.840    0
  24.7900        3.8000       1.51823  59.00    18.090    1
  -36.0100       0.2000       1.53610  41.20    18.090    1
  -36.0100       0.2000       1.00000  0.00     18.090    0
  152.1600       5.8000       1.53610  48.90    16.080    1
  -10.2000       0.8000       1.77250  49.60    16.080    1
  513.2300       40.3700      1.00000  0.00     18.520    0
