# TH Swiss Irix 11mm f/4.0
#
# Patent: US20190086648
# Converted from photonstophotos.net Optical Bench data
# 29 surfaces, 17 glass elements, f/4.0

name: TH Swiss Irix 11mm f/4.0
focal_length: 11.48

surfaces:
# radius       thickness    ior      abbe     semi_ap   coating
  51.0850        4.5000       1.51680  64.20    77.620    1
  35.7510        1.9800       1.00000  0.00     61.120    0
  37.6440        4.0000       1.84666  23.78    61.960    1
  25.4000        10.3100      1.00000  0.00     47.240    0
  50.8720        4.5000       1.51680  64.20    49.190    1
  21.4530        1.0800       1.00000  0.00     34.820    0
  22.8000        3.0000       1.68900  52.80    36.330    1
  10.3810        15.1500      1.00000  0.00     28.370    0
  38.7620        3.0000       1.68900  52.80    22.120    1
  22.6140        4.5100       1.00000  0.00     16.890    0
  22.4040        5.0000       1.59270  35.45    13.430    1
  -10.3280       1.5000       1.77250  49.62    13.430    1
  23.9440        3.4000       1.71736  29.50    13.930    1
  -124.2120      2.0000       1.00000  0.00     14.360    0
  stop           4.1385       1.00000  0.00     8.934     0
  54.2490        1.5000       1.90366  31.31    13.120    1
  11.8170        5.3000       1.71736  29.50    13.120    1
  -12.5230       1.5000       1.90366  31.31    13.570    1
  0              0.1000       1.00000  0.00     15.360    0
  31.3650        5.9000       1.68900  52.80    18.320    1
  -14.2630       0.1800       1.00000  0.00     18.320    0
  -43.8930       1.6000       1.90366  31.31    18.620    1
  26.2420        5.4000       1.43875  94.96    23.240    1
  -235.4960      0.1000       1.00000  0.00     22.120    0
  53.2390        1.6000       1.90366  31.31    26.740    1
  24.3710        10.6000      1.45650  90.27    26.220    1
  -20.3100       38.0127      1.00000  0.00     26.220    0
  0              2.5000       1.51680  64.20    45.060    1
  0              0.5000       1.00000  0.00     45.060    0
