# TH Swiss Irix 150mm f/2.8 Macro
#
# Patent: WO2020-119907
# Converted from photonstophotos.net Optical Bench data
# 24 surfaces, 13 glass elements, f/2.8

name: TH Swiss Irix 150mm f/2.8 Macro
focal_length: 154.00

surfaces:
# radius       thickness    ior      abbe     semi_ap   coating
  217.1640       3.8200       1.62040  60.34    56.780    1
  -3303.6080     5.4700       1.00000  0.00     56.780    0
  104.8750       2.0000       1.92110  23.96    54.720    1
  43.7680        10.0000      1.49700  81.61    52.930    1
  2462.1700      0.1000       1.00000  0.00     52.930    0
  43.1300        6.9000       1.92280  20.88    52.400    1
  107.1410       3.2700       1.00000  0.00     49.240    0
  40.0700        6.7200       1.49700  81.61    45.060    1
  167.9360       1.6000       1.80510  25.46    45.060    1
  29.5880        8.6900       1.00000  0.00     36.130    0
  stop           1.4200       1.00000  0.00     35.021    0
  84.7310        4.0000       1.81600  46.59    35.370    1
  -352.7020      1.5000       1.00000  0.00     35.370    0
  -475.1500      1.8000       1.95370  32.32    32.960    1
  55.4920        1.7300       1.00000  0.00     29.660    0
  373.7660       4.0000       1.92280  20.88    29.660    1
  -60.4610       1.8000       1.49700  81.61    31.400    1
  39.3900        41.3700      1.00000  0.00     27.030    0
  110.2550       5.4600       1.72910  54.61    35.510    1
  -60.5820       1.7600       1.00000  0.00     35.510    0
  -80.2560       3.0000       1.84660  23.78    33.990    1
  -1804.7970     48.9800      1.00000  0.00     35.680    0
  0              2.5000       1.51680  64.20    46.260    1
  0              1.0000       1.00000  0.00     46.260    0
