# Tokina AT-X 35-200mm F3.5-4.5 (AT-X352)
#
# Patent: JP1982-161804
# Converted from photonstophotos.net Optical Bench data
# 30 surfaces, 16 glass elements, f/3.6

name: Tokina AT-X 35-200mm F3.5-4.5 (AT-X352)
focal_length: 36.10

surfaces:
# radius       thickness    ior      abbe     semi_ap   coating
  96.0770        1.4980       1.84666  23.80    56.720    1
  56.5240        3.0660       1.00000  0.00     56.720    0
  55.9170        9.8850       1.48749  70.40    52.900    1
  -202.1910      0.1000       1.00000  0.00     52.900    0
  50.6250        4.5730       1.62041  60.30    44.980    1
  133.2350       1.3090       1.00000  0.00     44.980    0
  307.5440       0.8990       1.80420  46.50    28.600    1
  21.9170        3.3150       1.00000  0.00     26.680    0
  3245.1880      4.4940       1.80518  25.50    23.210    1
  -24.4940       0.9490       1.77250  49.60    23.210    1
  294.0640       2.9950       1.00000  0.00     23.820    0
  -24.6630       0.9490       1.70154  41.20    19.860    1
  27.8590        3.6250       1.84666  23.80    22.860    1
  5096.4640      18.2760      1.00000  0.00     22.860    0
  stop           1.0000       1.00000  0.00     20.619    0
  75.2890        4.1940       1.51680  64.20    24.500    1
  -40.6890       0.1000       1.00000  0.00     24.500    0
  57.4150        4.1940       1.48749  70.40    24.780    1
  -53.0390       1.5370       1.00000  0.00     24.780    0
  -36.6160       1.0980       1.80518  25.50    24.780    1
  -130.9520      19.4560      1.00000  0.00     24.780    0
  30.3950        5.2420       1.48749  70.40    24.660    1
  -70.9440       6.4310       1.00000  0.00     24.660    0
  -40.5900       1.0280       1.83400  37.30    21.420    1
  44.2390        1.7480       1.00000  0.00     21.420    0
  -898.6680      3.4440       1.56732  42.80    21.940    1
  -30.7930       0.1000       1.00000  0.00     21.940    0
  58.4640        1.0480       1.83481  42.70    24.500    1
  26.4610        5.2920       1.57501  41.50    24.500    1
  -151.2970      56.5760      1.00000  0.00     24.500    0
