# Tokina AT-X 300mm f2.8 AF
#
# Patent: JP1986-215513
# Converted from photonstophotos.net Optical Bench data
# 17 surfaces, 9 glass elements, f/2.8

name: Tokina AT-X 300mm f2.8 AF
focal_length: 300.00

surfaces:
# radius       thickness    ior      abbe     semi_ap   coating
  161.5380       15.6930      1.49700  90.30    107.220   1
  -307.3170      0.4200       1.00000  0.00     107.220   0
  108.8820       17.5080      1.45600  81.60    98.050    1
  -495.2340      3.1800       1.00000  0.00     98.050    0
  -311.4870      5.1270       1.72047  34.70    96.420    1
  310.6560       58.0000      1.00000  0.00     96.420    0
  stop           2.5400       1.00000  0.00     53.090    0
  -190.3590      6.3600       1.59270  35.30    53.960    1
  -61.8480       2.8710       1.49831  65.00    53.960    1
  61.8480        15.8040      1.00000  0.00     53.960    0
  129.7440       1.5390       1.67270  32.10    45.950    1
  49.1970        9.4860       1.58913  61.00    45.250    1
  -104.6190      4.2060       1.00000  0.00     45.250    0
  -102.0510      2.1960       1.58913  61.00    44.440    1
  153.2820       2.8710       1.00000  0.00     41.060    0
  -142.3800      4.2060       1.71736  29.50    41.060    1
  -71.3340       110.2400     1.00000  0.00     44.440    0
