# Topcon 35-100mm F3.5-4.3
#
# Patent: JP1979-080143
# Converted from photonstophotos.net Optical Bench data
# 22 surfaces, 11 glass elements, f/3.5

name: Topcon 35-100mm F3.5-4.3
focal_length: 35.73

surfaces:
# radius       thickness    ior      abbe     semi_ap   coating
  235.0000       2.0000       1.80518  25.40    62.810    1
  95.0000        6.0000       1.62041  60.30    57.800    1
  0              0.2000       1.00000  0.00     57.800    0
  61.3000        5.4000       1.62041  60.30    50.910    1
  210.0000       1.1070       1.00000  0.00     50.910    0
  753.2000       2.0000       1.69680  55.50    38.150    1
  20.9000        6.1000       1.00000  0.00     28.520    0
  -235.0000      1.5000       1.58913  61.10    28.520    1
  59.0000        2.5000       1.00000  0.00     29.470    0
  33.5000        3.2000       1.80518  25.40    29.290    1
  78.0000        33.8520      1.00000  0.00     29.290    0
  stop           0.0000       1.00000  0.00     18.796    0
  86.0000        2.5000       1.58913  61.10    21.360    1
  -114.3000      0.2000       1.00000  0.00     21.360    0
  23.3500        2.8000       1.51680  64.20    21.590    1
  52.6000        0.2000       1.00000  0.00     21.590    0
  20.4000        3.1000       1.51680  64.20    21.500    1
  41.0000        4.4000       1.00000  0.00     21.500    0
  106.5900       1.5000       1.80518  25.40    18.550    1
  16.5000        4.9000       1.00000  0.00     15.720    0
  43.4000        3.4000       1.60717  40.30    18.460    1
  -61.0000       47.3800      1.00000  0.00     18.460    0
