# Venus Laowa 24mm f14 2X Macro Probe
#
# Patent: CN210573001
# Converted from photonstophotos.net Optical Bench data
# 50 surfaces, 29 glass elements, f/14.0

name: Venus Laowa 24mm f14 2X Macro Probe
focal_length: 23.71

surfaces:
# radius       thickness    ior      abbe     semi_ap   coating
  8.7310         1.0000       1.83481  42.72    7.460     1
  2.8100         2.4364       1.00000  0.00     4.460     0
  -15.2000       0.5000       1.90366  31.31    6.720     1
  0              10.0000      1.90366  31.31    8.520     1
  0              1.5000       1.90366  31.31    8.520     1
  -8.2580        0.1890       1.00000  0.00     8.520     0
  14.6000        8.1097       1.49700  81.61    9.140     1
  -14.6000       1.0498       1.84666  23.78    9.140     1
  14.6000        0.3000       1.00000  0.00     9.600     0
  24.2280        1.2500       1.84666  23.78    9.600     1
  11.5500        4.3000       1.48749  70.44    9.600     1
  -11.5500       0.4588       1.00000  0.00     11.140    0
  39.4960        3.0000       1.92286  20.88    11.960    1
  -39.4960       0.5000       1.00000  0.00     11.960    0
  0              12.0000      1.84666  23.78    12.000    1
  0              5.5000       1.00000  0.00     12.000    0
  0              12.0000      1.84666  23.78    12.680    1
  0              0.5000       1.00000  0.00     12.680    0
  18.8760        12.0000      1.84666  23.78    12.800    1
  11.4520        0.5400       1.00000  0.00     12.800    0
  21.5800        11.8794      1.84666  23.78    11.780    1
  -7.7990        7.6149       1.72825  28.32    11.780    1
  17.2320        0.5000       1.00000  0.00     11.560    0
  15.8490        12.0000      1.80518  25.46    11.220    1
  7.8000         11.6314      1.80610  40.73    11.220    1
  -52.5170       1.5929       1.00000  0.00     11.220    0
  52.5170        11.6314      1.80610  40.73    10.800    1
  -7.8000        12.0000      1.80518  25.46    9.880     1
  -15.8490       0.5000       1.00000  0.00     9.880     0
  -17.2320       7.6149       1.72825  28.32    10.340    1
  7.7990         11.8794      1.84666  23.78    10.340    1
  -21.5800       0.5400       1.00000  0.00     10.340    0
  -11.4520       12.0000      1.84666  23.78    8.520     1
  -18.8760       24.9577      1.00000  0.00     12.100    0
  27.7950        10.1314      1.48749  70.44    15.360    1
  232.4020       47.4770      1.00000  0.00     15.360    0
  36.4800        6.0000       1.92286  20.88    20.400    1
  -194.0240      10.5750      1.00000  0.00     20.400    0
  -126.0760      2.0000       1.84666  23.78    14.180    1
  17.3010        5.0000       1.49700  81.61    15.680    1
  -12.2180       3.0000       1.80518  25.46    15.680    1
  -30.6810       2.4000       1.00000  0.00     16.380    0
  stop           29.7891      1.00000  0.00     14.516    0
  0              11.8183      1.00000  0.00     20.500    0
  -269.8000      3.0000       1.84666  23.78    24.360    1
  -48.4200       67.2829      1.00000  0.00     24.360    0
  -17.6700       2.0000       1.67270  32.17    15.620    1
  31.1770        1.1205       1.00000  0.00     16.560    0
  0              5.0000       1.83481  42.72    16.560    1
  -46.7000       39.1540      1.00000  0.00     21.080    0
