# Venus Laowa 10-18mm f4.5-5.6 Zoom
#
# Patent: CN108535851
# Converted from photonstophotos.net Optical Bench data
# 28 surfaces, 15 glass elements, f/4.6

name: Venus Laowa 10-18mm f4.5-5.6 Zoom
focal_length: 10.40

surfaces:
# radius       thickness    ior      abbe     semi_ap   coating
  33.7325        2.0000       1.91082  35.25    49.370    1
  22.6355        4.4476       1.00000  0.00     40.090    0
  29.9307        1.8000       1.83481  42.72    41.090    1
  17.7595        3.5252       1.00000  0.00     31.180    0
  40.9292        2.0000       1.80781  40.96    33.360    1
  14.8056        8.2179       1.00000  0.00     25.930    0
  -55.5394       4.1000       1.83481  42.72    25.930    1
  16.8593        2.2379       1.00000  0.00     21.760    0
  22.5368        5.8000       1.76182  26.61    23.050    1
  -63.0414       12.1801      1.00000  0.00     23.050    0
  15.6634        1.0000       1.92286  20.88    15.160    1
  9.0124         6.0000       1.69895  30.05    13.550    1
  62.5247        5.9744       1.00000  0.00     13.550    0
  stop           1.0000       1.00000  0.00     7.725     0
  15.2532        2.5000       1.49700  81.61    9.550     1
  -15.2532       0.4000       1.00000  0.00     9.550     0
  -14.5972       1.0000       1.91082  35.25    9.550     1
  21.1899        0.0000       1.00000  0.00     10.550    0
  21.1899        2.2000       1.84666  23.78    10.550    1
  -33.1616       0.1500       1.00000  0.00     10.550    0
  15.7172        1.0000       1.83481  42.72    14.240    1
  8.3575         5.6000       1.49700  81.61    12.790    1
  -16.6469       0.7122       1.00000  0.00     12.790    0
  -24.2570       1.0000       1.91082  35.25    12.410    1
  12.7315        4.9000       1.58313  59.46    16.300    1
  -54.5147       16.0000      1.00000  0.00     16.300    0
  0              4.0000       1.51680  64.20    47.420    1
  0              1.0000       1.00000  0.00     47.420    0
