# Venus Laowa 15mm f4 Wide Angle Macro
#
# Patent: CN205427291
# Converted from photonstophotos.net Optical Bench data
# 22 surfaces, 12 glass elements, f/4.1

name: Venus Laowa 15mm f4 Wide Angle Macro
focal_length: 16.00

surfaces:
# radius       thickness    ior      abbe     semi_ap   coating
  51.1838        3.9185       1.77250  49.62    50.360    1
  78.9199        0.1500       1.00000  0.00     43.780    0
  24.9469        1.3500       1.91082  35.25    33.960    1
  12.5294        5.1363       1.00000  0.00     22.920    0
  28.2260        1.2000       1.90366  31.31    24.620    1
  10.0604        4.9375       1.00000  0.00     17.310    0
  212.9888       3.4261       1.84666  23.78    19.420    1
  -21.6379       1.2000       1.72916  54.67    19.420    1
  23.9034        1.9663       1.00000  0.00     17.820    0
  230.1139       8.0000       1.90366  31.31    19.660    1
  -217.2471      0.1500       1.00000  0.00     19.660    0
  60.1975        6.4309       1.48749  70.44    19.690    1
  -14.8819       10.7961      1.00000  0.00     19.690    0
  stop           1.3985       1.00000  0.00     11.012    0
  24.1927        6.0736       1.51680  64.20    12.850    1
  -11.4249       3.4204       1.80420  46.50    12.850    1
  27.1687        0.1500       1.00000  0.00     12.850    0
  21.6812        3.7905       1.64769  33.84    14.170    1
  -19.7942       0.1500       1.00000  0.00     14.170    0
  597.5644       1.2000       1.90366  31.31    17.070    1
  12.9398        5.4309       1.48749  70.44    15.250    1
  -22.1709       38.8967      1.00000  0.00     17.070    0
