# Venus Laowa 65mm f2.8 2x Ultra Macro APO
#
# Patent: CN110161666
# Converted from photonstophotos.net Optical Bench data
# 28 surfaces, 15 glass elements, f/2.9

name: Venus Laowa 65mm f2.8 2x Ultra Macro APO
focal_length: 66.02

surfaces:
# radius       thickness    ior      abbe     semi_ap   coating
  131.0392       1.0000       1.61800  63.39    39.730    1
  55.5671        3.5853       1.60342  38.01    38.640    1
  154.2525       36.0482      1.00000  0.00     39.730    0
  45.5262        3.1741       1.77250  53.00    22.350    1
  -348.9313      1.2600       1.00000  0.00     22.350    0
  25.1847        3.2661       1.49700  81.61    20.110    1
  100.2668       3.5733       1.00000  0.00     20.110    0
  -65.8922       1.2000       1.80518  25.46    17.160    1
  10.7033        3.2025       1.92286  20.88    16.180    1
  16.7653        0.1500       1.00000  0.00     17.160    0
  15.2000        1.0000       1.80420  45.60    15.990    1
  11.3000        4.5886       1.49700  81.61    14.870    1
  -54.0400       0.1500       1.00000  0.00     15.990    0
  249.3084       2.0293       1.92286  20.88    13.810    1
  -67.1764       1.0000       1.00000  0.00     13.810    0
  0              0.2000       1.00000  0.00     12.750    0
  stop           1.3000       1.00000  0.00     12.303    0
  70.6960        0.8000       1.72916  57.67    11.570    1
  15.5978        5.6256       1.00000  0.00     11.570    0
  -40.2688       1.0000       1.76182  26.61    19.830    1
  15.8970        6.7521       1.90366  31.31    18.090    1
  -20.9235       0.6129       1.00000  0.00     19.830    0
  -17.1788       0.8000       1.49700  81.61    19.340    1
  46.3288        6.9569       1.00000  0.00     20.230    0
  26.8458        7.0000       1.51823  58.96    27.710    1
  0              12.3000      1.00000  0.00     27.710    0
  0              2.0000       1.51680  64.20    31.000    1
  0              1.0000       1.00000  0.00     31.000    0
