# Venus Laowa 8-15mm f2.8 FF Zoom Fisheye
#
# Patent: CN119805722
# Converted from photonstophotos.net Optical Bench data
# 25 surfaces, 14 glass elements, f/2.9

name: Venus Laowa 8-15mm f2.8 FF Zoom Fisheye
focal_length: 8.46

surfaces:
# radius       thickness    ior      abbe     semi_ap   coating
  65.8376        1.6000       1.88100  40.20    0.000     1
  20.6769        7.7986       1.00000  0.00     37.820    0
  41.6434        1.2000       1.88100  40.20    42.370    1
  19.7146        9.9023       1.00000  0.00     30.860    0
  -57.6719       1.2000       1.49700  81.60    32.850    1
  21.1656        9.1448       1.77285  33.30    28.330    1
  -72.6730       5.7274       1.00000  0.00     28.330    0
  -27.7440       1.0000       1.49700  81.60    21.340    1
  209.2923       18.9824      1.00000  0.00     22.280    0
  28.0596        2.6699       1.88100  40.20    16.640    1
  -292.1535      4.7523       1.00000  0.00     16.220    0
  stop           3.4152       1.00000  0.00     10.048    0
  -20.5524       3.1080       1.86228  30.80    13.840    1
  13.6414        4.5072       1.81927  45.00    16.530    1
  -21.3489       0.1500       1.00000  0.00     16.530    0
  27.1663        4.4068       1.49700  81.60    17.110    1
  -14.2454       3.0361       1.90366  31.30    17.110    1
  -47.3591       0.7724       1.00000  0.00     18.430    0
  80.3308        4.2708       1.92286  20.90    21.120    1
  -22.0704       1.0497       1.00000  0.00     21.120    0
  -20.9406       1.8589       1.90366  31.30    19.800    1
  28.0831        5.5060       1.49700  81.60    23.770    1
  -32.7252       2.0000       1.00000  0.00     23.770    0
  0              2.0000       1.51680  64.20    28.400    1
  0              14.9800      1.00000  0.00     28.400    0
