# Venus Laowa 12mm f2.8 Zero-D
#
# Patent: CN205720849
# Converted from photonstophotos.net Optical Bench data
# 27 surfaces, 16 glass elements, f/2.9

name: Venus Laowa 12mm f2.8 Zero-D
focal_length: 12.50

surfaces:
# radius       thickness    ior      abbe     semi_ap   coating
  41.3919        2.5000       1.74916  54.67    56.580    1
  23.5576        5.0658       1.00000  0.00     41.000    0
  51.6496        2.5000       1.58313  59.46    44.000    1
  16.7988        10.1074      1.00000  0.00     37.320    0
  39.7839        1.5000       1.49700  81.61    27.620    1
  10.4818        5.1866       1.00000  0.00     18.050    0
  0              5.5315       1.62588  35.74    19.980    1
  -13.8133       1.0000       1.83481  44.72    19.980    1
  70.3450        0.2000       1.00000  0.00     19.980    0
  32.3483        4.8664       1.76182  26.61    18.620    1
  -14.1918       3.0000       1.92286  20.88    18.620    1
  -37.8109       5.1500       1.00000  0.00     18.620    0
  stop           2.6149       1.00000  0.00     13.671    0
  24.8151        3.3000       1.61293  36.96    16.300    1
  -43.5495       1.2000       1.91082  35.25    16.300    1
  12.4551        4.5000       1.62004  36.30    16.300    1
  -33.5744       0.1500       1.00000  0.00     16.300    0
  -59.4780       4.2676       1.78472  25.72    17.660    1
  -10.6778       1.0000       1.90366  29.31    17.660    1
  -83.4618       0.1500       1.00000  0.00     18.480    0
  34.0377        6.6000       1.49700  81.61    22.580    1
  -19.9445       0.1500       1.00000  0.00     22.580    0
  77.2021        1.0000       1.91082  35.25    23.520    1
  19.2911        8.7000       1.49700  81.61    23.520    1
  -19.2911       0.5000       1.00000  0.00     23.520    0
  -15.8048       1.7000       1.80781  40.97    23.520    1
  -23.9742       38.8325      1.00000  0.00     24.620    0
