# Venus Laowa MSC
#
# Patent: US20180164584
# Converted from photonstophotos.net Optical Bench data
# 10 surfaces, 5 glass elements

name: Venus Laowa MSC
focal_length: 50.00

surfaces:
# radius       thickness    ior      abbe     semi_ap   coating
  0              1.4000       1.00000  0.00     23.690    0
  442.2811       1.0000       1.90366  31.31    23.690    1
  19.4287        7.6000       1.74077  27.76    23.690    1
  -47.4524       4.6499       1.00000  0.00     23.690    0
  -32.7599       1.2000       1.89800  34.01    26.900    1
  566.7445       0.1500       1.00000  0.00     29.280    0
  62.0000        9.0000       1.56732  42.84    30.860    1
  -28.5237       0.1500       1.00000  0.00     30.860    0
  -55.8327       1.2000       1.83400  37.34    30.830    1
  132.8471       30.6200      1.00000  0.00     32.780    0
