# Venus Laowa 58mm f2.8 2X Ultra-Macro APO
#
# Patent: CN116520542
# Converted from photonstophotos.net Optical Bench data
# 26 surfaces, 14 glass elements, f/2.9

name: Venus Laowa 58mm f2.8 2X Ultra-Macro APO
focal_length: 59.21

surfaces:
# radius       thickness    ior      abbe     semi_ap   coating
  491.1153       1.3500       1.86665  45.00    56.680    1
  155.8484       1.3546       1.00000  0.00     55.300    0
  335.0308       3.3000       1.78472  25.72    55.300    1
  -890.6006      47.7715      1.00000  0.00     55.300    0
  81.6249        2.8500       1.49700  81.61    22.240    1
  -65.2828       0.1500       1.00000  0.00     22.240    0
  24.6232        2.6500       1.72916  54.67    20.720    1
  43.3851        3.9864       1.00000  0.00     19.820    0
  -38.9958       1.0000       1.83327  25.02    18.700    1
  14.2557        4.6500       1.92286  20.88    19.500    1
  -203.4773      0.2188       1.00000  0.00     19.500    0
  277.9455       0.8000       1.84666  23.78    18.600    1
  17.7085        3.7500       1.49700  81.61    17.260    1
  -85.3395       0.1500       1.00000  0.00     18.480    0
  683.9675       2.1000       1.89782  29.90    16.610    1
  -41.3692       1.2000       1.00000  0.00     16.610    0
  stop           1.4000       1.00000  0.00     15.273    0
  121.4165       0.8000       1.79391  47.17    15.960    1
  26.0155        3.1527       1.00000  0.00     15.960    0
  -31.1757       0.8000       1.54517  48.63    16.700    1
  24.2490        5.0500       1.86602  41.79    22.180    1
  -40.7308       12.7960      1.00000  0.00     22.180    0
  -17.0405       1.2000       1.49700  81.61    23.200    1
  -4370.3180     0.9228       1.00000  0.00     28.240    0
  57.5634        6.5500       1.49700  81.61    34.120    1
  -57.5634       14.9285      1.00000  0.00     34.120    0
