# Viltrox AF 33mm F1.4 E
#
# Patent: CN211826699
# Converted from photonstophotos.net Optical Bench data
# 22 surfaces, 11 glass elements, f/1.4

name: Viltrox AF 33mm F1.4 E
focal_length: 33.21

surfaces:
# radius       thickness    ior      abbe     semi_ap   coating
  224.2400       1.0000       1.71000  29.51    33.760    1
  26.4100        10.9400      1.00000  0.00     30.960    0
  36.1200        6.5700       1.73000  54.67    32.470    1
  -75.4200       0.1000       1.00000  0.00     32.470    0
  21.4800        3.7200       1.81000  33.29    29.080    1
  33.5100        1.8900       1.00000  0.00     27.970    0
  23.1000        1.3000       1.51000  81.59    25.240    1
  13.2100        7.4600       1.00000  0.00     21.630    0
  stop           5.3000       1.00000  0.00     20.615    0
  -15.4500       1.0000       1.85000  23.79    19.680    1
  36.8300        6.7300       1.73000  54.67    23.540    1
  -19.8200       0.1000       1.00000  0.00     23.540    0
  68.2800        3.5900       1.92000  20.88    24.520    1
  -59.9200       1.0000       1.00000  0.00     24.520    0
  88.1700        0.7000       1.57000  42.81    20.880    1
  21.2900        6.2400       1.00000  0.00     20.880    0
  36.4900        7.2300       1.74000  52.67    25.800    1
  -26.5400       0.1000       1.00000  0.00     25.800    0
  -27.7700       1.0000       1.85000  23.79    25.800    1
  -287.7200      17.0100      1.00000  0.00     25.800    0
  0              2.0000       1.52000  64.20    29.310    1
  0              1.0000       1.00000  0.00     29.310    0
