# Viltrox AF 75mm F1.2 STM ED IF
#
# Patent: CN114755806
# Converted from photonstophotos.net Optical Bench data
# 31 surfaces, 17 glass elements, f/1.3

name: Viltrox AF 75mm F1.2 STM ED IF
focal_length: 75.50

surfaces:
# radius       thickness    ior      abbe     semi_ap   coating
  75.6460        7.3000       1.92286  20.88    60.180    1
  699.7190       0.3000       1.00000  0.00     60.180    0
  63.4870        7.4300       1.59282  68.63    55.000    1
  669.3160       1.5000       1.67270  32.17    55.000    1
  36.5150        2.2500       1.00000  0.00     46.130    0
  45.8630        11.2700      1.59282  68.63    46.100    1
  -83.2530       1.3000       1.84666  23.78    46.100    1
  71.5600        0.1500       1.00000  0.00     41.980    0
  28.2620        6.0000       2.00100  29.13    40.660    1
  36.2850        2.8900       1.00000  0.00     37.720    0
  67.2050        1.3000       1.69895  30.05    37.440    1
  25.0920        5.1700       1.00000  0.00     33.660    0
  46.2440        5.2200       1.83481  42.72    33.420    1
  0              2.0000       1.00000  0.00     33.420    0
  stop           2.8400       1.00000  0.00     30.922    0
  609.0190       0.8000       1.51680  64.20    28.600    1
  28.5110        12.8900      1.00000  0.00     26.550    0
  53.2460        4.7300       1.59282  68.63    23.640    1
  -41.4450       1.0000       1.84666  23.78    23.640    1
  52.9560        1.3300       1.00000  0.00     23.640    0
  0              0.1500       1.00000  0.00     24.800    0
  42.0090        5.0800       1.83481  42.72    26.420    1
  -55.0490       1.0000       1.67270  32.17    26.420    1
  36.2070        0.9300       1.00000  0.00     26.420    0
  48.2730        5.7600       2.00100  29.13    27.540    1
  -43.1670       1.0000       1.62004  36.30    27.540    1
  34.0560        0.5100       1.00000  0.00     27.540    0
  37.6600        3.8600       1.94595  17.98    27.120    1
  180.6190       16.3750      1.00000  0.00     27.120    0
  0              2.8000       1.51680  64.20    28.300    1
  0              1.0000       1.00000  0.00     28.300    0
