# Viltrox AF 56mm F1.4 E
#
# Patent: CN211955965
# Converted from photonstophotos.net Optical Bench data
# 22 surfaces, 11 glass elements, f/1.8

name: Viltrox AF 56mm F1.4 E
focal_length: 55.90

surfaces:
# radius       thickness    ior      abbe     semi_ap   coating
  45.2300        1.5000       1.65000  33.84    40.040    1
  33.7800        0.9700       1.00000  0.00     38.120    0
  38.5800        6.5000       1.73000  54.68    38.120    1
  -647.9400      0.1000       1.00000  0.00     38.120    0
  24.5200        5.7200       1.88000  39.22    33.120    1
  47.8800        1.5600       1.00000  0.00     31.120    0
  70.5500        1.0000       1.72000  29.51    29.980    1
  15.4400        8.9800       1.00000  0.00     24.580    0
  stop           6.3800       1.00000  0.00     19.435    0
  -23.0400       1.0000       1.70000  30.05    24.120    1
  34.1100        7.6100       1.88000  39.23    28.680    1
  -33.8800       0.1000       1.00000  0.00     28.680    0
  71.0200        3.6300       1.91000  35.26    29.000    1
  -112.5400      1.0000       1.00000  0.00     29.000    0
  159.3900       0.7000       1.73000  54.67    25.820    1
  22.0500        7.8600       1.00000  0.00     24.120    0
  29.0100        10.0000      1.50000  81.59    25.680    1
  -29.9200       3.4800       1.00000  0.00     25.680    0
  -26.3900       1.2300       1.57000  42.81    25.320    1
  -62.6400       13.6700      1.00000  0.00     25.780    0
  0              2.0000       1.52000  64.20    29.630    1
  0              1.0000       1.00000  0.00     29.630    0
