# Viltrox AF 14mm F4 Air
#
# Patent: CN121091494
# Converted from photonstophotos.net Optical Bench data
# 24 surfaces, 13 glass elements, f/4.0

name: Viltrox AF 14mm F4 Air
focal_length: 14.30

surfaces:
# radius       thickness    ior      abbe     semi_ap   coating
  19.9320        1.1900       1.92000  20.90    25.300    1
  10.9880        2.5100       1.00000  0.00     19.680    0
  13.6830        1.9000       1.50000  81.60    19.320    1
  6.9420         5.5800       1.00000  0.00     15.240    0
  100.8850       0.9800       1.59000  68.30    14.700    1
  11.0830        4.7100       1.65000  33.80    12.700    1
  -26.0350       0.5100       1.00000  0.00     12.700    0
  -18.9990       2.6100       1.68000  55.50    12.280    1
  9.1850         3.5100       1.67000  45.80    10.180    1
  -17.7390       2.0600       1.00000  0.00     10.180    0
  stop           4.8500       1.00000  0.00     7.054     0
  60.7690        6.3300       1.46000  90.20    13.300    1
  -7.9570        1.1800       2.00000  25.40    13.300    1
  -11.5500       0.1300       1.00000  0.00     14.920    0
  39.1920        0.0000       1.46000  90.20    17.780    1
  -20.1130       3.4600       1.00000  0.00     17.780    0
  -20.6760       0.8900       1.78000  25.70    17.940    1
  126.1970       2.4900       1.00000  0.00     18.460    0
  -12.6150       2.0800       1.64000  23.50    18.780    1
  -13.2320       0.0600       1.00000  0.00     20.520    0
  47.0390        3.3800       1.59000  68.60    26.440    1
  -1352.7220     12.4900      1.00000  0.00     26.440    0
  0              2.8500       1.52000  64.20    44.100    1
  0              1.0000       1.00000  0.00     44.100    0
