# Viltrox AF 27mm f1.2 XF
#
# Patent: CN115840281
# Converted from photonstophotos.net Optical Bench data
# 29 surfaces, 16 glass elements, f/1.2

name: Viltrox AF 27mm f1.2 XF
focal_length: 27.70

surfaces:
# radius       thickness    ior      abbe     semi_ap   coating
  48.6000        5.5000       1.92300  20.88    46.260    1
  114.8540       0.1500       1.00000  0.00     44.500    0
  44.6900        1.2000       1.49700  81.61    39.600    1
  17.2760        12.7300      1.00000  0.00     30.080    0
  -38.0080       1.2000       1.54100  47.20    29.440    1
  24.9300        7.2140       2.00100  25.43    29.440    1
  -90.6660       0.2000       1.00000  0.00     27.800    0
  -1676.8320     5.1000       1.59300  68.34    24.740    1
  -23.4740       1.0000       1.64800  33.84    24.740    1
  23.0940        2.2890       1.00000  0.00     22.670    0
  94.3110        3.6000       1.88300  39.22    22.670    1
  -46.7920       1.2560       1.00000  0.00     22.970    0
  -27.1060       1.0000       1.84700  23.79    22.970    1
  22.7860        8.0000       1.81600  46.55    26.530    1
  -45.6510       3.0190       1.00000  0.00     26.530    0
  stop           2.0000       1.00000  0.00     27.630    0
  58.2590        4.9000       1.91100  35.25    28.530    1
  -56.4050       0.9400       1.00000  0.00     28.530    0
  -549.4040      0.8000       1.68900  31.16    26.370    1
  26.0650        6.0200       1.00000  0.00     24.650    0
  24.6270        6.5000       1.75500  52.32    24.570    1
  -27.4160       1.0000       1.84700  23.79    24.570    1
  34.6190        6.1570       1.00000  0.00     22.220    0
  36.5020        6.6000       1.94600  17.94    27.240    1
  -62.0000       1.8420       1.00000  0.00     27.240    0
  32.4740        1.6000       1.82200  42.72    25.420    1
  21.2200        13.9290      1.00000  0.00     25.420    0
  0              2.8000       1.51700  64.20    28.560    1
  0              0.5000       1.00000  0.00     28.560    0
