# Viltrox AF 23mm F1.4 E
#
# Patent: CN211826700
# Converted from photonstophotos.net Optical Bench data
# 24 surfaces, 12 glass elements, f/1.4

name: Viltrox AF 23mm F1.4 E
focal_length: 23.44

surfaces:
# radius       thickness    ior      abbe     semi_ap   coating
  105.5000       1.0000       1.88000  40.79    31.440    1
  22.4100        15.3600      1.00000  0.00     27.900    0
  68.6400        4.0600       1.85000  42.72    27.060    1
  -60.0700       0.1000       1.00000  0.00     27.060    0
  23.2500        2.9800       1.85000  36.59    25.880    1
  37.6600        3.5400       1.00000  0.00     25.000    0
  -126.6900      2.3100       1.51000  81.59    24.320    1
  -49.5100       0.1100       1.00000  0.00     24.320    0
  21.5400        1.0000       1.48000  70.44    20.390    1
  12.9300        5.7400       1.00000  0.00     18.400    0
  stop           4.9900       1.00000  0.00     17.511    0
  -13.1700       1.0000       1.85000  23.78    16.740    1
  30.8400        6.5500       1.73000  54.67    20.880    1
  -17.8400       0.1000       1.00000  0.00     20.880    0
  51.8000        3.5800       1.93000  20.88    22.380    1
  -54.3600       1.0000       1.00000  0.00     22.380    0
  65.8100        0.7000       1.75000  28.30    19.760    1
  20.9700        4.4300       1.00000  0.00     19.760    0
  30.9900        8.0300       1.73000  54.67    25.420    1
  -27.0000       0.9100       1.00000  0.00     25.420    0
  -25.9700       1.0000       1.85000  23.78    24.960    1
  -114.1800      14.2900      1.00000  0.00     25.520    0
  0              2.0000       1.52000  64.20    28.440    1
  0              1.0000       1.00000  0.00     28.440    0
