# Viltrox AF 35mm F1.8 FE
#
# Patent: CN211955963
# Converted from photonstophotos.net Optical Bench data
# 21 surfaces, 11 glass elements, f/1.8

name: Viltrox AF 35mm F1.8 FE
focal_length: 34.50

surfaces:
# radius       thickness    ior      abbe     semi_ap   coating
  133.7000       1.0000       1.49000  70.42    26.380    1
  21.2000        7.1000       1.00000  0.00     23.240    0
  -22.0200       1.0000       1.85000  22.73    23.240    1
  64.6000        5.7100       1.83000  37.22    24.520    1
  -26.1100       0.1000       1.00000  0.00     24.520    0
  37.4000        4.3600       1.85000  23.78    27.180    1
  -124.7000      10.5900      1.00000  0.00     27.180    0
  stop           4.8300       1.00000  0.00     22.192    0
  -22.6200       1.0000       1.70000  30.05    21.360    1
  20.0300        5.0500       1.50000  81.59    23.440    1
  -307.5400      0.4200       1.00000  0.00     23.440    0
  55.4800        7.3100       1.81000  41.01    25.050    1
  -23.6700       1.0000       1.00000  0.00     25.050    0
  200.5000       1.0000       1.69000  53.15    27.380    1
  54.0300        8.6900       1.00000  0.00     27.380    0
  88.0400        7.1200       1.49000  81.59    31.440    1
  -33.4600       0.1000       1.00000  0.00     31.440    0
  666.0000       1.0000       1.65000  33.65    31.120    1
  37.0800        22.1200      1.00000  0.00     31.120    0
  0              2.0000       1.52000  64.20    44.150    1
  0              1.0000       1.00000  0.00     44.150    0
