# Viltrox AF 50mm F1.8 FE
#
# Patent: CN211955966
# Converted from photonstophotos.net Optical Bench data
# 24 surfaces, 12 glass elements, f/1.8

name: Viltrox AF 50mm F1.8 FE
focal_length: 49.00

surfaces:
# radius       thickness    ior      abbe     semi_ap   coating
  -72.6200       1.0000       1.63000  35.70    28.580    1
  31.3800        1.7400       1.00000  0.00     28.580    0
  34.2600        6.5000       1.80000  46.60    30.680    1
  -82.0300       0.1000       1.00000  0.00     30.680    0
  97.5000        2.6000       1.80000  46.60    29.860    1
  0              0.1000       1.00000  0.00     29.860    0
  27.2800        2.9000       1.85000  23.80    27.650    1
  39.0500        1.8100       1.00000  0.00     26.470    0
  150.3200       1.0000       1.62000  36.30    26.470    1
  22.5200        5.2800       1.00000  0.00     24.180    0
  stop           5.2200       1.00000  0.00     23.757    0
  -21.5400       1.0000       1.65000  33.80    23.510    1
  21.5400        6.7000       1.69000  54.60    27.520    1
  -125.5800      0.1000       1.00000  0.00     27.520    0
  52.6500        6.0000       1.81000  41.00    28.640    1
  -33.3500       1.0000       1.00000  0.00     28.640    0
  100.0000       1.0000       1.50000  81.60    26.100    1
  31.0300        8.6100       1.00000  0.00     26.100    0
  49.0500        7.3000       1.51000  81.40    31.920    1
  -40.2600       0.1000       1.00000  0.00     31.920    0
  927.6200       1.0000       1.67000  33.10    31.640    1
  41.8300        28.4400      1.00000  0.00     31.640    0
  0              2.0000       1.52000  64.20    44.220    1
  0              1.0000       1.00000  0.00     44.220    0
