# Viltrox MF 20mm F1.8 FE
#
# Patent: CN209606699
# Converted from photonstophotos.net Optical Bench data
# 25 surfaces, 12 glass elements, f/1.8

name: Viltrox MF 20mm F1.8 FE
focal_length: 20.31

surfaces:
# radius       thickness    ior      abbe     semi_ap   coating
  41.4000        2.5000       1.75000  52.30    54.500    1
  24.7500        7.5000       1.00000  0.00     43.610    0
  45.6500        2.0000       1.85000  23.80    43.900    1
  23.9500        6.2700       1.00000  0.00     37.650    0
  63.0000        7.3000       1.90000  31.40    37.660    1
  -70.2500       0.0000       1.00000  0.00     37.660    0
  -70.1500       1.5000       1.50000  81.60    37.660    1
  19.7500        13.7400      1.00000  0.00     29.260    0
  43.1300        3.9300       1.90000  31.40    28.540    1
  156.5000       3.1600       1.00000  0.00     28.540    0
  -41.7500       5.3500       1.50000  81.60    27.880    1
  -25.7500       3.5400       1.00000  0.00     27.880    0
  stop           6.5900       1.00000  0.00     22.213    0
  31.8000        7.9300       1.50000  81.60    22.540    1
  -18.6000       0.0000       1.00000  0.00     26.340    0
  -18.6000       1.5000       1.65000  33.80    26.340    1
  19.3300        0.0000       1.00000  0.00     26.340    0
  19.3300        7.8300       1.50000  81.60    26.340    1
  -78.0000       0.1000       1.00000  0.00     26.340    0
  37.2500        7.1500       1.90000  31.40    28.860    1
  -46.2500       1.2100       1.00000  0.00     28.860    0
  -118.7500      1.5000       1.72000  29.50    26.940    1
  41.0000        4.8700       1.00000  0.00     26.320    0
  -115.0000      2.0000       1.52000  63.50    28.060    1
  189.0000       17.7900      1.00000  0.00     31.020    0
