# Vivitar 28mm f2
#
# Patent: US004258980
# Converted from photonstophotos.net Optical Bench data
# 17 surfaces, 8 glass elements, f/2.0

name: Vivitar 28mm f2
focal_length: 28.00

surfaces:
# radius       thickness    ior      abbe     semi_ap   coating
  55.3280        4.3120       1.51700  64.20    38.180    1
  294.7280       0.1960       1.00000  0.00     38.180    0
  22.2320        1.9600       1.67800  55.50    28.010    1
  11.2280        5.6840       1.00000  0.00     20.770    0
  59.1640        1.5680       1.48700  70.40    20.330    1
  20.0760        5.0960       1.00000  0.00     19.390    0
  24.5840        5.4040       1.75500  27.50    19.200    1
  114.9120       1.6960       1.00000  0.00     19.200    0
  stop           2.0000       1.00000  0.00     19.144    0
  0              5.4040       1.64000  60.20    19.950    1
  -19.3200       2.3800       1.00000  0.00     19.950    0
  -16.5480       1.4840       1.80500  25.50    18.890    1
  72.3240        1.8480       1.00000  0.00     18.990    0
  -37.5480       3.9200       1.65800  57.30    18.990    1
  -17.0800       0.1960       1.00000  0.00     20.540    0
  86.4920        5.4040       1.69700  55.50    27.530    1
  -34.6080       38.3300      1.00000  0.00     27.530    0
