# Vivitar Series 1 200mm f/3
#
# Patent: US003942876
# Converted from photonstophotos.net Optical Bench data
# 13 surfaces, 6 glass elements, f/3.0

name: Vivitar Series 1 200mm f/3
focal_length: 200.00

surfaces:
# radius       thickness    ior      abbe     semi_ap   coating
  56.8280        12.0000      1.56873  63.10    66.720    1
  3586.0000      0.5000       1.00000  0.00     66.720    0
  62.3840        11.3000      1.51680  64.20    59.850    1
  428.0300       5.4600       1.00000  0.00     59.850    0
  -254.8300      4.1300       1.80518  25.50    51.020    1
  64.0600        15.0700      1.00000  0.00     45.930    0
  stop           14.1400      1.00000  0.00     40.786    0
  -1567.0000     5.6100       1.80518  25.50    35.200    1
  -54.7000       5.2400       1.00000  0.00     35.200    0
  -38.1400       1.8500       1.79063  45.00    28.590    1
  -157.9300      3.2000       1.00000  0.00     28.590    0
  71.9800        2.0000       1.57957  53.70    25.490    1
  47.5600        77.5000      1.00000  0.00     25.490    0
