# Vivitar 75-205mm f3.8
#
# Patent: GB1383783
# Converted from photonstophotos.net Optical Bench data
# 26 surfaces, 15 glass elements, f/3.6

name: Vivitar 75-205mm f3.8
focal_length: 70.00

surfaces:
# radius       thickness    ior      abbe     semi_ap   coating
  268.5400       1.9000       1.71736  29.50    54.160    1
  80.1300        6.9000       1.58913  61.20    54.160    1
  -410.7700      0.3000       1.00000  0.00     54.160    0
  90.6000        5.3000       1.51009  63.40    53.200    1
  3376.4900      2.0410       1.00000  0.00     53.200    0
  222.9600       4.7000       1.78472  25.70    44.880    1
  -81.3000       1.3000       1.66672  48.40    44.880    1
  154.0300       2.7000       1.00000  0.00     44.880    0
  -184.0200      1.0000       1.66672  48.40    40.980    1
  51.5300        28.6240      1.00000  0.00     33.910    0
  -47.6900       1.0000       1.52249  59.60    33.910    1
  33.7900        4.8000       1.62588  35.60    35.420    1
  153.9200       24.3890      1.00000  0.00     35.420    0
  88.4300        6.5000       1.48749  70.00    34.850    1
  -36.5500       1.4600       1.80518  25.50    34.850    1
  -56.1700       0.3000       1.00000  0.00     34.850    0
  61.1500        3.8700       1.48749  70.00    34.850    1
  284.2700       0.3000       1.00000  0.00     34.850    0
  38.3500        6.0000       1.48749  70.00    34.850    1
  -104.1300      1.0200       1.64328  47.80    34.850    1
  94.7800        17.7700      1.00000  0.00     33.300    0
  stop           32.0760      1.00000  0.00     22.617    0
  -20.1900       1.4800       1.69700  48.50    27.120    1
  -53.3300       0.2670       1.00000  0.00     32.080    0
  135.8400       4.0000       1.58921  41.00    33.820    1
  -53.6400       40.0000      1.00000  0.00     33.820    0
