# Vivitar Series 1 35-85mm f2.8
#
# Patent: US003975089
# Converted from photonstophotos.net Optical Bench data
# 22 surfaces, 12 glass elements, f/2.8

name: Vivitar Series 1 35-85mm f2.8
focal_length: 36.00

surfaces:
# radius       thickness    ior      abbe     semi_ap   coating
  135.7200       2.6000       1.80500  25.50    63.940    1
  46.7100        2.8400       1.00000  0.00     54.920    0
  46.5000        13.8000      1.53100  62.10    55.100    1
  -152.1500      0.1000       1.00000  0.00     55.100    0
  41.8400        6.6000       1.69400  53.30    52.020    1
  125.2000       0.4700       1.00000  0.00     52.020    0
  140.1900       3.1000       1.84700  23.80    31.480    1
  -60.4500       1.1000       1.83400  37.30    31.480    1
  17.9800        15.9400      1.00000  0.00     20.940    0
  -16.5600       1.0000       1.49800  65.10    17.090    1
  22.9700        3.1000       1.78500  25.70    20.420    1
  -112.1100      9.3300       1.00000  0.00     20.420    0
  53.3200        2.9000       1.62000  60.30    21.440    1
  -42.0600       1.0000       1.00000  0.00     21.440    0
  stop           1.0000       1.00000  0.00     20.824    0
  -502.3300      5.0000       1.48700  70.40    22.480    1
  -14.8900       0.9000       1.80500  25.50    22.480    1
  -45.5900       11.5300      1.00000  0.00     22.480    0
  125.9600       3.5000       1.63900  45.10    23.000    1
  -25.9000       5.9800       1.00000  0.00     23.000    0
  -19.4000       1.2960       1.80500  25.50    24.120    1
  -35.5900       45.8200      1.00000  0.00     24.120    0
