# Vivitar Series 1 450mm F4.5 Solid Mirror
#
# Patent: US004523816
# Converted from photonstophotos.net Optical Bench data
# 14 surfaces, 8 glass elements, f/4.7

name: Vivitar Series 1 450mm F4.5 Solid Mirror
focal_length: 437.40

surfaces:
# radius       thickness    ior      abbe     semi_ap   coating
  0              36.7500      1.49100  57.20    94.064    1
  -1107.7900     27.3000      1.00000  0.00     95.000    0
  634.3000       0.0000       1.00000  0.00     36.660    0
  634.3000       6.8800       1.51700  64.20    36.660    1
  -50.6400       2.3000       1.67300  32.20    36.560    1
  -87.2900       4.2500       1.00000  0.00     39.080    0
  116.0300       2.2000       1.72000  50.30    34.700    1
  50.0400        5.1700       1.72800  26.10    32.620    1
  -204.6000      0.7200       1.00000  0.00     32.620    0
  -800.9900      2.2000       1.83400  37.30    33.940    1
  31.8900        3.5000       1.51700  64.20    28.800    1
  96.8000        23.0800      1.00000  0.00     28.800    0
  -44.4800       1.9200       1.72000  50.30    24.980    1
  -286.8400      29.6600      1.00000  0.00     24.980    0
