# Vivitar Series 1 70-210mm f2.8-4 Macro
#
# Patent: US004758073
# Converted from photonstophotos.net Optical Bench data
# 25 surfaces, 14 glass elements, f/2.9

name: Vivitar Series 1 70-210mm f2.8-4 Macro
focal_length: 72.13

surfaces:
# radius       thickness    ior      abbe     semi_ap   coating
  58.3240        3.0000       1.78500  26.10    55.900    1
  39.6080        12.0000      1.48700  70.40    50.360    1
  -175.6400      0.1000       1.00000  0.00     51.700    0
  61.4450        4.3000       1.48700  70.40    46.640    1
  258.5130       2.5000       1.00000  0.00     46.640    0
  -491.3160      3.4000       1.83400  37.30    36.600    1
  -59.6850       1.8000       1.77300  49.60    36.600    1
  37.5760        6.2100       1.00000  0.00     30.510    0
  -40.6560       1.8000       1.64000  60.20    30.510    1
  41.0690        4.4000       1.80500  25.50    34.650    1
  364.4180       37.5000      1.00000  0.00     34.650    0
  115.1490       3.8000       1.48700  70.40    37.940    1
  -135.8330      0.1000       1.00000  0.00     37.940    0
  63.2290        3.6000       1.58900  61.30    37.940    1
  222.5100       0.1000       1.00000  0.00     37.940    0
  47.6810        7.7000       1.48700  70.40    36.180    1
  -59.0940       2.2000       1.80500  25.50    36.180    1
  981.3860       15.0000      1.00000  0.00     36.820    0
  stop           10.9580      1.00000  0.00     29.186    0
  251.2780       4.1000       1.60300  38.00    26.580    1
  -57.1390       14.1780      1.00000  0.00     26.580    0
  -25.5100       2.2000       1.83400  37.30    21.420    1
  -120.2870      0.2000       1.00000  0.00     23.790    0
  321.0540       2.4000       1.76200  26.60    23.610    1
  -160.6110      38.9970      1.00000  0.00     23.610    0
