# Vivitar MC 28mm f2.8
#
# Patent: US004333714
# Converted from photonstophotos.net Optical Bench data
# 15 surfaces, 7 glass elements, f/2.8

name: Vivitar MC 28mm f2.8
focal_length: 28.00

surfaces:
# radius       thickness    ior      abbe     semi_ap   coating
  61.8500        3.0800       1.56400  60.80    31.490    1
  525.9600       0.2000       1.00000  0.00     31.490    0
  43.7040        2.0000       1.65800  57.30    25.960    1
  10.6860        13.5100      1.00000  0.00     19.260    0
  27.9600        5.0000       1.72300  38.00    16.700    1
  -88.6400       1.3800       1.00000  0.00     16.700    0
  -51.1000       4.0000       1.61300  58.60    16.800    1
  -19.6740       0.2200       1.00000  0.00     16.800    0
  stop           4.0000       1.00000  0.00     14.549    0
  -15.4120       1.5000       1.78500  26.10    13.390    1
  56.4100        0.8500       1.00000  0.00     14.580    0
  -71.0280       2.6000       1.72000  50.30    14.580    1
  -17.3750       0.2000       1.00000  0.00     15.500    0
  -239.3000      2.4600       1.69700  55.50    16.840    1
  -26.5730       39.0400      1.00000  0.00     16.840    0
