# Vivitar Series 1 135mm f2.3
#
# Patent: GB1408910
# Converted from photonstophotos.net Optical Bench data
# 13 surfaces, 6 glass elements, f/2.3

name: Vivitar Series 1 135mm f2.3
focal_length: 135.00

surfaces:
# radius       thickness    ior      abbe     semi_ap   coating
  45.6583        12.1500      1.62280  56.90    59.480    1
  -3538.8000     0.3400       1.00000  0.00     59.480    0
  45.5236        11.1300      1.51680  64.20    52.390    1
  77.8311        4.6400       1.00000  0.00     42.990    0
  -145.2645      3.5100       1.80518  25.50    42.990    1
  35.1509        6.0700       1.00000  0.00     36.180    0
  stop           13.1500      1.00000  0.00     36.081    0
  95.1885        6.9300       1.64769  33.80    35.360    1
  -44.2681       4.5800       1.00000  0.00     35.360    0
  -37.3576       2.0000       1.62230  53.10    31.830    1
  -95.1509       0.8700       1.00000  0.00     31.830    0
  62.1185        2.0000       1.54814  45.80    29.180    1
  44.4264        59.7100      1.00000  0.00     29.180    0
