# US 4,099,849 Example 2
#
# Patent: US004099849
# Converted from photonstophotos.net Optical Bench data
# 16 surfaces, 8 glass elements, f/2.0

name: US 4,099,849 Example 2
focal_length: 28.70

surfaces:
# radius       thickness    ior      abbe     semi_ap   coating
  38.5700        2.4350       1.51680  64.20    37.100    1
  19.1870        8.5080       1.00000  0.00     30.400    0
  -118.1210      4.7970       1.79950  42.30    30.100    1
  -53.4980       4.0000       1.00000  0.00     30.100    0
  18.5560        2.1800       1.58310  59.50    19.100    1
  12.3360        9.5500       1.00000  0.00     17.400    0
  stop           1.0650       1.00000  0.00     19.090    0
  50.1200        2.1590       1.83060  36.50    22.300    1
  -160.5230      2.5810       1.00000  0.00     22.300    0
  -22.5900       10.8830      1.76000  47.50    22.300    1
  -21.0500       0.1350       1.00000  0.00     26.900    0
  51.8950        3.2570       1.84670  23.80    26.400    1
  26.2980        2.2390       1.00000  0.00     25.400    0
  77.0640        7.0000       1.80420  46.50    25.400    1
  -18.5700       1.5000       1.80520  25.50    26.400    1
  -51.2140       38.9600      1.00000  0.00     27.500    0
