# Vivitar Series 1 70-210mm F3.5 Macro
#
# Patent: JP1976-063635
# Converted from photonstophotos.net Optical Bench data
# 26 surfaces, 15 glass elements, f/3.6

name: Vivitar Series 1 70-210mm F3.5 Macro
focal_length: 70.00

surfaces:
# radius       thickness    ior      abbe     semi_ap   coating
  268.5400       1.9000       1.71736  29.50    56.330    1
  80.1300        6.9000       1.58913  61.20    56.330    1
  -410.7700      0.3000       1.00000  0.00     56.330    0
  90.6000        5.3000       1.51009  63.40    54.930    1
  3376.4900      2.0410       1.00000  0.00     54.930    0
  222.9600       4.7000       1.78472  25.70    45.630    1
  -81.3000       1.3000       1.66672  48.40    45.630    1
  154.0300       2.7000       1.00000  0.00     40.560    0
  -184.0200      1.0000       1.66672  48.40    40.600    1
  51.5300        28.6240      1.00000  0.00     36.600    0
  -47.6900       1.0000       1.52249  59.60    29.220    1
  33.7900        4.8000       1.62588  35.60    34.450    1
  153.9200       24.3890      1.00000  0.00     34.450    0
  88.4300        6.5000       1.48749  70.00    32.810    1
  -36.5500       1.4600       1.80518  25.50    32.810    1
  -56.1700       0.3000       1.00000  0.00     32.810    0
  61.1500        3.8700       1.48749  70.00    32.750    1
  284.2700       0.3000       1.00000  0.00     32.750    0
  38.3500        6.0000       1.48749  70.00    31.850    1
  -104.1300      1.0230       1.64328  47.80    31.850    1
  94.7800        2.4160       1.00000  0.00     30.090    0
  stop           47.4300      1.00000  0.00     28.224    0
  -20.1900       1.4800       1.69700  48.50    24.700    1
  -53.3300       0.2670       1.00000  0.00     24.700    0
  135.8400       4.0000       1.58921  41.00    25.960    1
  -53.6400       39.9900      1.00000  0.00     25.960    0
