# Cosina Voigtlander Ultron 50mm f2
#
# Patent: US002627204
# Converted from photonstophotos.net Optical Bench data
# 12 surfaces, 6 glass elements, f/2.3

name: Cosina Voigtlander Ultron 50mm f2
focal_length: 50.00

surfaces:
# radius       thickness    ior      abbe     semi_ap   coating
  31.6070        2.9980       1.62139  60.30    28.610    1
  88.0055        0.2000       1.00000  0.00     28.610    0
  21.9140        3.1975       1.65953  57.00    25.280    1
  54.3400        3.5975       1.00000  0.00     25.280    0
  48.5145        2.4480       1.64691  33.90    20.770    1
  13.5480        5.5465       1.00000  0.00     17.490    0
  stop           3.8965       1.00000  0.00     14.347    0
  -13.2220       1.0540       1.63652  35.50    15.760    1
  38.5015        4.8465       1.69347  53.50    20.320    1
  -18.6165       0.1500       1.00000  0.00     20.320    0
  188.3115       3.8970       1.72381  38.00    22.100    1
  -39.6910       34.8600      1.00000  0.00     22.100    0
