# Nikon W-Nikkor 3.5cm f/1.8
#
# Patent: US002896506
# Converted from photonstophotos.net Optical Bench data
# 13 surfaces, 7 glass elements, f/1.8

name: Nikon W-Nikkor 3.5cm f/1.8
focal_length: 35.00

surfaces:
# radius       thickness    ior      abbe     semi_ap   coating
  21.0840        3.5000       1.71970  50.20    24.950    1
  48.9300        0.1000       1.00000  0.00     24.950    0
  13.8010        4.7600       1.66200  57.70    18.950    1
  167.7200       0.8800       1.62060  38.00    18.950    1
  8.5370         4.0400       1.00000  0.00     12.780    0
  stop           4.5100       1.00000  0.00     12.472    0
  -8.9670        1.5000       1.78500  25.90    12.470    1
  -12.0510       0.1000       1.00000  0.00     14.340    0
  -53.0600       5.1500       1.71970  50.20    19.440    1
  -14.9350       0.1000       1.00000  0.00     19.440    0
  68.0400        3.1100       1.69100  54.10    25.490    1
  -101.6050      1.7850       1.78500  25.90    25.490    1
  204.9250       19.3200      1.00000  0.00     25.490    0
