# Wray 64mm F0.7
#
# Patent: GB0696902
# Converted from photonstophotos.net Optical Bench data
# 12 surfaces, 7 glass elements, f/0.7

name: Wray 64mm F0.7
focal_length: 64.00

surfaces:
# radius       thickness    ior      abbe     semi_ap   coating
  151.6800       14.5472      1.71700  47.90    92.210    1
  -1547.5200     0.0000       1.00000  0.00     92.210    0
  69.8048        18.1632      1.69100  54.80    84.370    1
  -227.1360      1.8880       1.74800  27.80    84.370    1
  137.9200       0.0000       1.00000  0.00     75.790    0
  35.4624        25.2736      1.65100  58.60    62.980    1
  169.9840       9.0880       1.74800  27.80    62.980    1
  14.8352        7.6352       1.00000  0.00     25.600    0
  stop           0.0000       1.00000  0.00     25.000    0
  38.4128        4.3328       1.57200  57.70    28.240    1
  14.5472        20.9024      1.74400  44.70    28.240    1
  0              2.3040       1.00000  0.00     28.240    0
