# Yashica ML 300mm F5.6
#
# Patent: JP1978-129629
# Converted from photonstophotos.net Optical Bench data
# 10 surfaces, 6 glass elements, f/5.6

name: Yashica ML 300mm F5.6
focal_length: 300.00

surfaces:
# radius       thickness    ior      abbe     semi_ap   coating
  110.4120       7.7400       1.48749  70.40    56.540    1
  -156.1860      2.8200       1.75690  31.80    56.540    1
  1110.1500      0.3000       1.00000  0.00     56.540    0
  69.7410        7.3500       1.48749  70.40    55.010    1
  293.0100       64.5100      1.00000  0.00     55.010    0
  stop           27.2300      1.00000  0.00     24.914    0
  -48.4530       1.2300       1.81600  46.80    17.480    1
  51.4440        3.8100       1.59340  34.80    17.480    1
  -25.0530       1.3500       1.78800  47.50    18.440    1
  -58.1700       74.7600      1.00000  0.00     18.440    0
