# Yashica Yashinon-DX 21mm F3.3
#
# Patent: JP1969-024068
# Converted from photonstophotos.net Optical Bench data
# 14 surfaces, 8 glass elements, f/3.3

name: Yashica Yashinon-DX 21mm F3.3
focal_length: 21.00

surfaces:
# radius       thickness    ior      abbe     semi_ap   coating
  34.3665        1.3776       1.67000  57.30    26.920    1
  10.6105        10.2249      1.00000  0.00     18.800    0
  13.0036        5.7960       1.71700  47.90    16.740    1
  -15.6303       0.8190       1.64328  47.80    16.740    1
  8.2671         0.5166       1.00000  0.00     10.300    0
  10.1027        4.0005       1.64085  56.80    12.140    1
  -53.2140       0.8477       1.00000  0.00     12.140    0
  stop           0.2800       1.00000  0.00     7.852     0
  -62.5821       0.8190       1.58900  48.60    7.850     1
  9.0722         6.3945       1.62230  53.10    11.000    1
  -6.5243        4.1391       1.71736  29.50    11.000    1
  -14.8313       8.6289       1.00000  0.00     15.670    0
  -9.4074        2.3646       1.57099  51.00    17.220    1
  -30.1791       7.8400       1.00000  0.00     26.740    0
