# Yashica Auto Yashinon-DS 20mm F3.3
#
# Patent: US003856386
# Converted from photonstophotos.net Optical Bench data
# 21 surfaces, 11 glass elements, f/3.3

name: Yashica Auto Yashinon-DS 20mm F3.3
focal_length: 19.96

surfaces:
# radius       thickness    ior      abbe     semi_ap   coating
  34.9280        2.7280       1.72000  50.30    45.000    1
  20.7560        5.3400       1.00000  0.00     34.440    0
  36.5460        1.9100       1.71700  47.90    34.790    1
  21.2960        4.3800       1.00000  0.00     30.460    0
  42.4020        7.6220       1.69680  55.60    29.800    1
  -169.1400      0.1940       1.00000  0.00     29.800    0
  24.0200        1.0520       1.72000  50.30    20.290    1
  11.4660        4.4840       1.00000  0.00     16.970    0
  -106.3600      1.1200       1.70154  41.10    16.830    1
  12.0320        9.2400       1.67270  32.20    16.830    1
  -100.7400      0.0980       1.00000  0.00     16.830    0
  27.7540        8.1860       1.60717  40.20    12.490    1
  -20.5240       1.1800       1.00000  0.00     12.490    0
  stop           2.6300       1.00000  0.00     10.130    0
  -12.8460       1.4520       1.74000  28.20    10.300    1
  16.2920        2.4760       1.58144  40.80    11.280    1
  -111.4400      0.9460       1.00000  0.00     11.280    0
  -25.6440       2.5720       1.69100  54.80    12.770    1
  -12.8860       0.0980       1.00000  0.00     12.770    0
  -698.2000      2.8560       1.64000  60.20    15.950    1
  -24.6200       37.0500      1.00000  0.00     15.950    0
