# Yashica ML 24mm F2.8
#
# Patent: JP1975-110330
# Converted from photonstophotos.net Optical Bench data
# 18 surfaces, 9 glass elements, f/2.8

name: Yashica ML 24mm F2.8
focal_length: 24.00

surfaces:
# radius       thickness    ior      abbe     semi_ap   coating
  48.1044        1.7660       1.66672  48.40    42.850    1
  23.5747        3.7270       1.00000  0.00     35.520    0
  30.5964        6.1800       1.60311  60.70    35.360    1
  -2899.9250     0.0980       1.00000  0.00     35.360    0
  33.4049        1.2740       1.65830  57.30    26.800    1
  11.7302        7.1590       1.00000  0.00     20.140    0
  -36.1015       2.9420       1.51823  59.00    20.140    1
  38.4451        9.7100       1.75690  31.70    23.640    1
  -78.8986       1.7660       1.00000  0.00     23.640    0
  30.0480        6.0820       1.67790  55.50    15.170    1
  -68.0606       1.1100       1.00000  0.00     15.170    0
  stop           2.8140       1.00000  0.00     13.136    0
  -22.5269       2.9420       1.75520  27.50    13.290    1
  44.1842        0.8830       1.00000  0.00     14.540    0
  -199.0822      2.8440       1.64000  60.20    14.540    1
  -17.7151       0.0980       1.00000  0.00     14.540    0
  671.0153       2.4530       1.69680  55.60    16.890    1
  -31.9130       37.2600      1.00000  0.00     16.890    0
