# Yongnuo YN40mm F2.8N
#
# Patent: CN207216120
# Converted from photonstophotos.net Optical Bench data
# 13 surfaces, 6 glass elements, f/2.8

name: Yongnuo YN40mm F2.8N
focal_length: 40.00

surfaces:
# radius       thickness    ior      abbe     semi_ap   coating
  43.3202        2.6800       1.80099  34.97    15.830    1
  -66.2047       1.1000       1.60342  38.01    15.830    1
  15.6280        0.4200       1.00000  0.00     14.790    0
  16.7218        2.0200       1.88300  40.81    13.560    1
  31.6963        4.1700       1.00000  0.00     13.240    0
  stop           4.7200       1.00000  0.00     12.719    0
  -13.2050       1.1000       1.75500  27.53    13.140    1
  39.1270        3.3300       1.83500  42.74    14.880    1
  -24.8470       0.1200       1.00000  0.00     14.880    0
  -63.2212       3.3500       1.82900  37.10    14.980    1
  -18.8128       35.7500      1.00000  0.00     14.980    0
  0              2.0000       1.00000  0.00     42.500    0
  0              1.0000       1.00000  0.00     42.500    0
