# Yongnuo YN50mm f1.8
#
# Patent: CN204883027
# Converted from photonstophotos.net Optical Bench data
# 12 surfaces, 6 glass elements, f/1.8

name: Yongnuo YN50mm f1.8
focal_length: 50.10

surfaces:
# radius       thickness    ior      abbe     semi_ap   coating
  46.7900        4.4800       1.68854  59.43    32.680    1
  1072.0000      2.4500       1.00000  0.00     32.680    0
  20.7520        4.3500       1.80610  40.61    27.000    1
  38.8680        0.8850       1.00000  0.00     24.370    0
  69.5250        1.3300       1.68893  31.18    27.000    1
  15.3320        7.2200       1.00000  0.00     21.900    0
  stop           6.5000       1.00000  0.00     19.209    0
  -16.2700       1.3500       1.67271  32.21    20.890    1
  0              5.7400       1.74330  49.40    24.960    1
  -21.0580       0.4500       1.00000  0.00     24.960    0
  203.0760       3.3700       1.74330  49.40    24.960    1
  -46.5560       34.4200      1.00000  0.00     24.960    0
