# CN 215006047 U Example 1
#
# Patent: CN215006047
# Converted from photonstophotos.net Optical Bench data
# 22 surfaces, 12 glass elements, f/1.8

name: CN 215006047 U Example 1
focal_length: 50.17

surfaces:
# radius       thickness    ior      abbe     semi_ap   coating
  -48.6261       3.0800       1.84667  23.79    40.280    1
  72.3526        11.0300      1.83481  42.73    40.000    1
  -60.1909       0.2000       1.00000  0.00     40.000    0
  123.0847       3.7100       1.95375  32.32    37.280    1
  -646.0890      0.2000       1.00000  0.00     37.280    0
  46.6038        2.9700       1.88300  40.77    32.640    1
  88.7426        3.9100       1.00000  0.00     32.640    0
  -326.6270      3.9600       1.91536  21.17    29.050    1
  -39.2029       2.0000       1.85370  40.60    28.620    1
  39.2028        11.5000      1.00000  0.00     26.810    0
  stop           4.8200       1.00000  0.00     27.572    0
  26.4969        9.8600       1.49700  81.61    28.620    1
  -26.4969       0.8000       1.68893  31.18    28.020    1
  191.3588       5.4200       1.00000  0.00     28.020    0
  41.7848        6.2400       1.88202  37.22    26.170    1
  -112.7330      12.2900      1.00000  0.00     26.170    0
  -25.9635       2.9600       1.65160  58.42    23.360    1
  -35.9393       2.8500       1.00000  0.00     23.360    0
  -26.5292       0.8000       1.94595  17.98    23.360    1
  -78.5535       12.3300      1.00000  0.00     26.220    0
  0              2.0000       1.51633  64.15    44.260    1
  0              0.3000       1.00000  0.00     44.260    0
