# Yongnuo YN100mm F2N
#
# Patent: CN206074892
# Converted from photonstophotos.net Optical Bench data
# 15 surfaces, 8 glass elements, f/2.0

name: Yongnuo YN100mm F2N
focal_length: 100.00

surfaces:
# radius       thickness    ior      abbe     semi_ap   coating
  120.5050       5.5200       1.61800  63.42    50.700    1
  -1323.2740     0.2500       1.00000  0.00     50.700    0
  60.3180        6.8600       1.61800  63.42    48.080    1
  171.4250       0.2000       1.00000  0.00     48.080    0
  34.3320        8.8200       1.61800  63.42    42.470    1
  295.1570       0.4400       1.00000  0.00     42.470    0
  348.5150       2.8800       1.67270  32.22    39.820    1
  25.7090        14.3300      1.00000  0.00     32.430    0
  stop           11.0200      1.00000  0.00     27.790    0
  -150.3570      3.1900       1.80519  25.47    29.870    1
  -69.5050       1.4800       1.50802  61.07    29.870    1
  38.8080        10.0100      1.00000  0.00     29.870    0
  100.1990       4.1100       1.74001  28.29    33.690    1
  52.1080        8.5200       1.75500  52.33    33.690    1
  -100.9870      31.6900      1.00000  0.00     33.690    0
