# Yongnuo YN11mm F1.8 DA DSM WL
#
# Patent: CN219085216
# Converted from photonstophotos.net Optical Bench data
# 22 surfaces, 11 glass elements, f/1.8

name: Yongnuo YN11mm F1.8 DA DSM WL
focal_length: 11.35

surfaces:
# radius       thickness    ior      abbe     semi_ap   coating
  31.3460        2.2000       1.88300  40.81    36.860    1
  14.4850        5.0000       1.00000  0.00     26.840    0
  18.3129        2.1000       1.51700  64.21    26.220    1
  9.3511         7.3800       1.00000  0.00     22.300    0
  54.0170        1.3000       1.59300  68.53    21.760    1
  19.4510        5.0000       1.00000  0.00     20.680    0
  44.2390        4.1000       1.84700  23.79    21.240    1
  -44.2390       1.5500       1.00000  0.00     21.240    0
  -27.7600       6.8000       1.49000  70.42    20.440    1
  -21.0450       2.3000       1.00000  0.00     19.260    0
  29.2640        1.0000       1.85500  25.15    16.350    1
  11.8130        4.2700       1.49700  81.59    15.620    1
  -1658.3600     1.0000       1.00000  0.00     15.620    0
  stop           6.0300       1.00000  0.00     15.694    0
  23.5080        4.9000       1.44000  94.58    16.270    1
  -23.5080       1.2000       1.00000  0.00     16.270    0
  38.1700        4.3500       1.48700  70.42    16.680    1
  -38.1700       0.2000       1.00000  0.00     16.680    0
  15.0910        1.1000       1.81000  41.00    16.140    1
  8.9720         15.2330      1.00000  0.00     15.640    0
  0              2.0000       1.52000  64.20    27.700    1
  0              1.0000       1.00000  0.00     27.700    0
