# Yongnuo YN16mm F1.8S
#
# Patent: CN214795390
# Converted from photonstophotos.net Optical Bench data
# 21 surfaces, 11 glass elements, f/1.8

name: Yongnuo YN16mm F1.8S
focal_length: 16.34

surfaces:
# radius       thickness    ior      abbe     semi_ap   coating
  53.3714        3.9000       1.73077  40.50    34.300    1
  100.2419       0.2000       1.00000  0.00     31.500    0
  22.5263        1.1500       1.72916  54.50    28.540    1
  11.2756        5.5000       1.00000  0.00     20.990    0
  31.3054        1.0000       1.49700  81.61    20.920    1
  10.1588        11.3500      1.00000  0.00     17.120    0
  21.6300        2.5500       1.90070  37.05    19.390    1
  15.1552        7.7500       1.43700  90.70    19.390    1
  -14.6724       1.5000       1.00000  0.00     19.390    0
  stop           1.5000       1.00000  0.00     18.189    0
  23.4077        4.0500       1.91082  35.25    17.700    1
  -35.8117       1.0500       1.71852  33.46    17.700    1
  18.7551        5.5100       1.00000  0.00     15.520    0
  -45.7953       7.9500       1.72600  54.00    15.420    1
  -15.5613       2.2600       1.00000  0.00     19.260    0
  -21.8335       1.0000       1.76182  26.55    19.560    1
  40.5205        1.0000       1.00000  0.00     20.680    0
  43.7789        4.0000       1.69673  56.42    21.660    1
  -27.0520       14.5000      1.00000  0.00     21.660    0
  0              2.0000       1.51633  64.15    28.660    1
  0              1.0600       1.00000  0.00     28.660    0
