# Yongnuo YN56mm F1.4Z DA DSM WL Pro
#
# Patent: CN220171327
# Converted from photonstophotos.net Optical Bench data
# 22 surfaces, 11 glass elements, f/1.5

name: Yongnuo YN56mm F1.4Z DA DSM WL Pro
focal_length: 58.07

surfaces:
# radius       thickness    ior      abbe     semi_ap   coating
  58.9160        4.5000       1.84700  23.79    39.100    1
  300.6320       1.1500       1.00000  0.00     39.100    0
  -584.6810      2.0000       1.60300  38.00    38.440    1
  41.3710        7.0500       1.00000  0.00     36.800    0
  34.5900        7.0600       1.88300  39.23    38.120    1
  951.8390       0.2000       1.00000  0.00     38.120    0
  26.7440        8.0000       1.56900  71.31    32.000    1
  -108.0000      1.5100       1.84700  23.79    29.820    1
  18.1270        7.0000       1.00000  0.00     24.020    0
  stop           12.6880      1.00000  0.00     22.922    0
  -18.9000       4.0000       1.43800  94.58    23.260    1
  -25.5760       3.6000       1.00000  0.00     24.360    0
  65.8500        4.0000       1.88300  40.79    24.800    1
  -65.8500       2.5000       1.00000  0.00     24.800    0
  1162.8050      3.4000       1.83500  42.73    24.800    1
  -47.4450       2.3900       1.00000  0.00     24.800    0
  -34.5320       1.2600       1.62000  36.33    24.280    1
  24.8760        3.2400       1.00000  0.00     24.280    0
  44.5400        4.9500       1.88300  39.23    26.400    1
  -266.2510      11.5000      1.00000  0.00     26.400    0
  0              2.0000       1.51700  64.20    28.360    1
  0              1.0000       1.00000  0.00     28.360    0
