# Yongnuo YN50mm F1.8S DA DSM
#
# Patent: CN110261999
# Converted from photonstophotos.net Optical Bench data
# 18 surfaces, 9 glass elements, f/1.8

name: Yongnuo YN50mm F1.8S DA DSM
focal_length: 51.79

surfaces:
# radius       thickness    ior      abbe     semi_ap   coating
  59.3490        3.0200       1.77000  49.61    32.090    1
  -804.4270      0.3000       1.00000  0.00     32.090    0
  19.4500        3.7200       1.77000  49.61    27.520    1
  33.3100        0.8500       1.00000  0.00     25.260    0
  46.4660        1.2100       1.67270  32.17    25.110    1
  16.1790        2.2700       1.00000  0.00     21.836    0
  31.2485        0.7000       1.75500  27.51    21.836    1
  15.8542        4.1750       1.81600  46.62    21.040    1
  74.0823        1.5000       1.00000  0.00     20.710    0
  stop           1.5000       1.00000  0.00     19.313    0
  -447.8400      0.7000       1.50000  81.00    18.400    1
  19.0083        18.2800      1.00000  0.00     17.070    0
  57.3700        5.7400       1.88300  40.80    24.560    1
  -30.1660       2.3200       1.00000  0.00     24.560    0
  -26.8350       2.5000       1.85000  24.00    22.240    1
  -99.6800       14.2400      1.00000  0.00     24.830    0
  0              2.0000       1.51630  64.10    28.500    1
  0              1.0000       1.00000  0.00     28.500    0
