# Yongnuo YN33mm F1.4Z DA DSM WL Pro
#
# Patent: CN220137479
# Converted from photonstophotos.net Optical Bench data
# 23 surfaces, 12 glass elements, f/1.4

name: Yongnuo YN33mm F1.4Z DA DSM WL Pro
focal_length: 32.62

surfaces:
# radius       thickness    ior      abbe     semi_ap   coating
  163.5110       1.7800       1.59300  68.53    35.100    1
  25.3660        6.3500       1.00000  0.00     31.460    0
  44.0990        2.9000       1.94600  17.99    30.680    1
  81.4130        6.6000       1.00000  0.00     30.680    0
  -26.7120       5.8000       1.77200  49.60    30.340    1
  -18.1080       1.7500       1.88300  40.79    30.340    1
  -28.9870       0.3000       1.00000  0.00     32.580    0
  38.1630        6.0000       1.80400  46.59    33.720    1
  -114.5360      0.3000       1.00000  0.00     33.720    0
  21.8570        7.3500       1.59300  68.62    28.040    1
  -61.9420       1.2600       1.76200  26.62    27.220    1
  15.4510        6.4800       1.00000  0.00     21.020    0
  stop           11.9100      1.00000  0.00     20.181    0
  -16.6600       4.5000       1.80800  22.76    18.820    1
  -23.7860       1.8200       1.00000  0.00     20.920    0
  199.7840       4.1800       1.88300  40.79    26.560    1
  -40.0700       1.5000       1.00000  0.00     26.560    0
  80.5000        4.2400       1.88300  40.79    27.860    1
  -69.9260       3.1000       1.00000  0.00     27.860    0
  -44.5160       1.3800       1.85500  25.15    26.800    1
  -1000.0000     12.5000      1.00000  0.00     26.800    0
  0              2.0000       1.51700  64.20    28.260    1
  0              1.0000       1.00000  0.00     28.260    0
