# Yongnuo YN50mm f/1.4
#
# Patent: CN106249387
# Converted from photonstophotos.net Optical Bench data
# 19 surfaces, 10 glass elements, f/1.4

name: Yongnuo YN50mm f/1.4
focal_length: 51.50

surfaces:
# radius       thickness    ior      abbe     semi_ap   coating
  -152.1700      10.0000      1.88300  40.81    39.220    1
  -74.4800       0.2000       1.00000  0.00     39.220    0
  42.5100        3.2000       1.80400  46.59    37.480    1
  85.5800        5.0000       1.00000  0.00     37.480    0
  -62.2800       2.5000       1.68890  31.18    36.340    1
  33.6600        3.9000       1.00000  0.00     34.500    0
  171.9800       2.5000       1.90040  37.37    36.160    1
  -304.2300      2.5000       1.00000  0.00     36.160    0
  stop           9.8000       1.00000  0.00     35.689    0
  93.1300        10.0000      2.00100  29.13    42.200    1
  -35.3800       2.8000       1.62000  36.30    42.200    1
  32.5600        1.7000       1.00000  0.00     35.000    0
  34.4900        12.2000      1.72920  54.67    37.600    1
  -34.4900       2.5000       1.75520  27.55    37.600    1
  39.2200        1.5000       1.00000  0.00     30.160    0
  72.1500        4.0000       1.88300  40.81    33.220    1
  -101.4800      35.5194      1.00000  0.00     33.220    0
  0              2.0000       1.51680  64.20    43.000    1
  0              1.0000       1.00000  0.00     43.000    0
