# Zeiss DigiPrime Distagon T1.6 40mm
#
# Patent: US20030189767
# Converted from photonstophotos.net Optical Bench data
# 28 surfaces, 14 glass elements, f/1.4

name: Zeiss DigiPrime Distagon T1.6 40mm
focal_length: 39.84

surfaces:
# radius       thickness    ior      abbe     semi_ap   coating
  73.9180        11.0000      1.55235  63.46    62.270    1
  -510.2800      16.0000      1.00000  0.00     62.270    0
  27.9820        8.5000       1.84676  23.83    38.190    1
  20.6840        5.3600       1.00000  0.00     29.560    0
  74.9890        2.4000       1.62299  58.02    29.070    1
  29.4270        7.3000       1.00000  0.00     26.940    0
  -29.6400       2.0000       1.74402  44.85    25.610    1
  62.6430        3.4100       1.00000  0.00     26.330    0
  0              5.5000       1.49702  81.54    28.680    1
  -41.2690       0.1000       1.00000  0.00     28.680    0
  334.9700       3.5000       1.74956  34.82    30.440    1
  109.0200       9.9540       1.00000  0.00     30.440    0
  67.3170        8.0000       1.49702  81.54    35.320    1
  -58.7150       0.1000       1.00000  0.00     35.320    0
  35.7380        10.0000      1.80819  22.76    33.640    1
  45.6430        9.0000       1.00000  0.00     29.140    0
  stop           9.7000       1.00000  0.00     26.355    0
  -48.0010       3.8000       1.74956  35.28    25.140    1
  38.4040        9.0000       1.49702  81.54    26.110    1
  -57.0490       4.2000       1.00000  0.00     27.110    0
  -258.5200      5.0000       1.72053  34.71    28.190    1
  39.8110        8.5000       1.49702  81.54    29.260    1
  -59.5660       0.1000       1.00000  0.00     30.250    0
  93.7290        7.0000       1.60314  60.64    30.740    1
  -244.0600      0.1000       1.00000  0.00     30.740    0
  45.6430        4.5000       1.76206  40.10    30.110    1
  -381.2900      2.1380       1.00000  0.00     30.110    0
  0              38.6800      1.00000  0.00     28.460    0
