# Zeiss Vario-Sonnar T 8.8-73.3mm F2.8 (Sony DSC-RX10M1-2)
#
# Patent: US20140354857
# Converted from photonstophotos.net Optical Bench data
# 30 surfaces, 16 glass elements, f/2.9

name: Zeiss Vario-Sonnar T 8.8-73.3mm F2.8 (Sony DSC-RX10M1-2)
focal_length: 9.19

surfaces:
# radius       thickness    ior      abbe     semi_ap   coating
  63.1030        1.3000       1.84700  23.78    47.920    1
  46.4890        6.4000       1.49700  81.61    42.160    1
  570.0000       0.2000       1.00000  0.00     45.180    0
  49.7200        4.5000       1.59300  67.00    41.550    1
  149.4860       1.9200       1.00000  0.00     35.960    0
  300.0000       0.8000       1.80300  45.57    26.070    1
  10.4150        5.6300       1.00000  0.00     17.140    0
  -24.5350       0.8500       1.72900  54.67    17.140    1
  39.6000        4.0000       2.00100  25.46    17.260    1
  -24.3560       1.5200       1.00000  0.00     17.260    0
  -16.1090       1.0000       1.83400  37.28    15.520    1
  -35.0360       25.0330      1.00000  0.00     16.460    0
  stop           1.0000       1.00000  0.00     9.520     0
  18.6170        6.2000       1.59200  67.14    19.880    1
  -32.5400       0.4000       1.00000  0.00     19.880    0
  37.5880        5.3000       1.48700  70.44    17.680    1
  -29.3550       1.2000       1.80600  33.27    17.680    1
  18.0050        2.8600       1.00000  0.00     16.100    0
  17.8430        5.5000       1.58900  61.18    18.890    1
  -23.0920       2.9740       1.00000  0.00     18.890    0
  -87.0000       0.8200       1.76800  49.24    16.570    1
  26.0610        6.7890       1.00000  0.00     15.920    0
  25.1310        7.0000       1.59200  67.02    24.820    1
  -16.0000       0.8000       1.00000  0.00     24.820    0
  -102.8900      1.5000       1.61900  63.53    22.190    1
  36.7500        2.6300       1.00000  0.00     16.550    0
  0              0.3000       1.51700  64.17    17.810    1
  0              1.9500       1.00000  0.00     17.810    0
  0              0.5000       1.51700  64.17    16.550    1
  0              1.0000       1.00000  0.00     16.550    0
