# Zeiss Apo-Germinar 375mm F9
#
# Patent: GB0993360
# Converted from photonstophotos.net Optical Bench data
# 13 surfaces, 6 glass elements, f/9.0

name: Zeiss Apo-Germinar 375mm F9
focal_length: 375.00

surfaces:
# radius       thickness    ior      abbe     semi_ap   coating
  76.9500        12.9375      1.62146  57.40    47.850    1
  -154.3875      0.3488       1.00000  0.00     47.850    0
  -143.7750      8.1375       1.54960  50.00    47.850    1
  63.5625        3.0000       1.00000  0.00     37.360    0
  480.9750       5.3250       1.49715  66.90    37.360    1
  0              2.4938       1.00000  0.00     44.350    0
  stop           2.4938       1.00000  0.00     36.464    0
  0              5.3250       1.49715  66.90    44.350    1
  -480.9750      3.0000       1.00000  0.00     37.360    0
  -63.5625       8.1375       1.54960  50.00    37.360    1
  143.7750       0.3488       1.00000  0.00     47.850    0
  154.3875       12.9375      1.62146  57.40    47.850    1
  -76.9500       348.2800     1.00000  0.00     47.850    0
