# Zeiss Vario-Sonnar 85-250mm F4
#
# Patent: DE01447293
# Converted from photonstophotos.net Optical Bench data
# 28 surfaces, 15 glass elements, f/4.0

name: Zeiss Vario-Sonnar 85-250mm F4
focal_length: 85.60

surfaces:
# radius       thickness    ior      abbe     semi_ap   coating
  398.1110       5.0000       1.72311  29.30    67.740    1
  129.5700       2.0000       1.00000  0.00     64.140    0
  137.2500       7.5000       1.51871  63.96    64.020    1
  -833.5900      0.1000       1.00000  0.00     64.020    0
  112.2000       7.5000       1.51871  63.96    64.240    1
  1778.3000      1.5000       1.00000  0.00     64.240    0
  523.3000       2.5000       1.69400  54.60    40.960    1
  85.9760        4.0000       1.00000  0.00     38.000    0
  -530.8800      4.0000       1.72311  29.30    37.920    1
  -110.6000      2.0000       1.69400  54.60    39.040    1
  51.2120        8.6000       1.00000  0.00     39.040    0
  59.5660        4.0000       1.72311  29.30    38.540    1
  128.6400       84.9200      1.00000  0.00     37.280    0
  -115.4800      1.0000       1.62554  57.87    39.270    1
  135.2900       4.0000       1.57832  41.04    40.640    1
  -177.8300      1.5000       1.00000  0.00     40.640    0
  87.2220        10.5000      1.50347  56.32    42.830    1
  -45.3160       1.5000       1.72311  29.30    42.830    1
  -147.4900      0.1000       1.00000  0.00     42.830    0
  49.4030        7.4500       1.51871  63.96    43.120    1
  -480.0100      0.1000       1.00000  0.00     43.120    0
  40.3880        7.5000       1.51871  63.96    39.570    1
  2985.1400      0.8100       1.00000  0.00     37.960    0
  stop           7.3400       1.00000  0.00     36.871    0
  -172.7800      2.2000       1.78869  43.53    30.960    1
  27.3840        24.0000      1.00000  0.00     27.600    0
  135.2900       4.5000       1.53604  55.15    26.020    1
  -149.6200      96.0500      1.00000  0.00     26.020    0
