# Zeiss Vario-Sonnar T 10.4-37.1mm F1.8-4.9 (Sony DSC-RX100M1-2)
#
# Patent: US20130314585
# Converted from photonstophotos.net Optical Bench data
# 19 surfaces, 9 glass elements, f/1.9

name: Zeiss Vario-Sonnar T 10.4-37.1mm F1.8-4.9 (Sony DSC-RX100M1-2)
focal_length: 11.01

surfaces:
# radius       thickness    ior      abbe     semi_ap   coating
  -72.2917       0.5000       1.85135  40.10    22.470    1
  16.0439        3.8760       1.00000  0.00     20.820    0
  24.5281        2.0700       2.00270  19.32    19.890    1
  52.7000        25.6770      1.00000  0.00     19.890    0
  0              0.0000       1.00000  0.00     13.360    0
  12.1278        3.1500       1.77376  47.17    13.990    1
  114.0000       0.1380       1.00000  0.00     13.990    0
  16.3964        3.7500       1.83481  42.72    12.630    1
  -23.5538       0.8510       1.75520  27.53    11.370    1
  7.0649         2.5900       1.00000  0.00     9.060     0
  stop           0.6500       1.00000  0.00     8.675     0
  9.8285         3.4500       1.59201  67.02    9.920     1
  13.0352        5.9530       1.00000  0.00     7.210     0
  68.7924        3.0500       1.59201  67.02    17.200    1
  -23.3099       5.0650       1.00000  0.00     17.200    0
  0              0.3000       1.51680  64.20    17.880    1
  0              0.1500       1.00000  0.00     17.880    0
  0              0.5000       1.55671  58.56    17.880    1
  0              1.0000       1.00000  0.00     17.880    0
