# Zeiss Sonnar 35mm F2 (Sony DSC-RX1RM2)
#
# Patent: US20140071333
# Converted from photonstophotos.net Optical Bench data
# 21 surfaces, 11 glass elements, f/2.0

name: Zeiss Sonnar 35mm F2 (Sony DSC-RX1RM2)
focal_length: 33.99

surfaces:
# radius       thickness    ior      abbe     semi_ap   coating
  159.6000       1.5000       1.51680  64.20    29.440    1
  77.3260        7.3300       1.00000  0.00     29.440    0
  -69.4250       1.0000       1.80520  25.46    20.600    1
  294.9000       0.3000       1.00000  0.00     20.600    0
  21.7810        3.5800       1.88200  37.22    20.020    1
  -289.8040      2.5000       1.00000  0.00     20.020    0
  stop           7.8600       1.00000  0.00     15.975    0
  -18.2240       1.0000       1.92290  20.88    15.300    1
  34.5160        4.0500       1.88200  37.22    23.400    1
  -46.8080       0.3000       1.00000  0.00     23.400    0
  192.7830       5.6500       2.00100  29.13    29.300    1
  -26.4750       14.6000      1.00000  0.00     29.300    0
  -17.6040       1.5000       1.58310  59.46    32.460    1
  690.3280       0.3000       1.00000  0.00     40.800    0
  93.2420        3.4800       1.90370  31.31    43.980    1
  0              1.0000       1.00000  0.00     43.980    0
  0              1.4300       1.54900  64.20    45.580    1
  0              0.5900       1.51900  64.20    45.580    1
  0              0.4200       1.00000  0.00     45.580    0
  0              0.7000       1.51680  64.20    46.140    1
  0              0.9200       1.00000  0.00     46.140    0
