# Zeiss Sonnar 50mm F1.5 Opton Contax
#
# Patent: US002186621
# Converted from photonstophotos.net Optical Bench data
# 11 surfaces, 7 glass elements, f/1.5

name: Zeiss Sonnar 50mm F1.5 Opton Contax
focal_length: 50.00

surfaces:
# radius       thickness    ior      abbe     semi_ap   coating
  34.6050        4.6650       1.67100  47.20    33.350    1
  216.9200       0.1900       1.00000  0.00     33.350    0
  17.9300        5.9050       1.67100  47.20    29.000    1
  42.8900        3.5250       1.49620  70.10    29.000    1
  -323.1550      0.9500       1.73940  28.20    29.000    1
  11.7550        6.4900       1.00000  0.00     19.560    0
  stop           1.1300       1.00000  0.00     19.076    0
  0              1.2400       1.52320  50.90    20.080    1
  25.5450        9.9050       1.65780  51.20    20.080    1
  -11.0600       2.2850       1.58940  51.20    20.080    1
  -51.5650       22.2700      1.00000  0.00     23.660    0
