# Arri Zeiss Master Prime T1.3 100mm
#
# Patent: US20070236805
# Converted from photonstophotos.net Optical Bench data
# 23 surfaces, 12 glass elements, f/1.2

name: Arri Zeiss Master Prime T1.3 100mm
focal_length: 99.80

surfaces:
# radius       thickness    ior      abbe     semi_ap   coating
  -1883.6000     4.7000       1.54075  47.23    89.060    1
  101.4500       3.1400       1.00000  0.00     83.940    0
  127.7200       15.6800      1.61803  63.33    88.560    1
  -281.8400      0.2000       1.00000  0.00     88.560    0
  66.3550        14.7800      1.43876  94.99    84.460    1
  202.4200       0.1000       1.00000  0.00     77.980    0
  113.8300       4.8500       1.80527  25.42    79.160    1
  89.1250        14.9590      1.00000  0.00     72.830    0
  52.3300        14.1900      1.75704  47.82    65.120    1
  381.2900       7.5400       1.00000  0.00     61.130    0
  -230.0213      2.8000       1.61344  44.29    53.560    1
  29.6400        16.3430      1.00000  0.00     42.300    0
  stop           18.9380      1.00000  0.00     41.035    0
  -27.5820       2.9700       1.61344  44.29    39.420    1
  285.9200       12.5200      1.69104  54.82    48.440    1
  -41.8670       0.5500       1.00000  0.00     50.480    0
  188.3600       8.1800       1.69104  54.82    50.480    1
  -76.0760       0.1000       1.00000  0.00     50.480    0
  110.6000       10.6900      1.60303  65.44    46.520    1
  -46.3050       2.8000       1.65416  39.63    45.300    1
  153.9900       1.0000       1.00000  0.00     48.740    0
  73.9180        4.2200       1.49702  81.54    39.960    1
  158.4900       40.1230      1.00000  0.00     39.960    0
