# Zeiss DigiPrime T1.6 7mm
#
# Patent: US20030189767
# Converted from photonstophotos.net Optical Bench data
# 38 surfaces, 18 glass elements, f/1.5

name: Zeiss DigiPrime T1.6 7mm
focal_length: 7.05

surfaces:
# radius       thickness    ior      abbe     semi_ap   coating
  199.5300       6.3000       1.72007  50.62    77.740    1
  2660.7000      0.3500       1.00000  0.00     77.740    0
  74.9890        3.0000       1.49702  81.54    60.140    1
  23.5440        14.0000      1.00000  0.00     41.200    0
  258.5200       3.0000       1.80819  22.76    41.200    1
  26.7990        6.0500       1.00000  0.00     34.280    0
  57.4610        8.4000       1.71743  29.51    36.940    1
  -57.4610       2.4080       1.00000  0.00     36.940    0
  0              0.0000       1.00000  0.00     25.500    0
  307.2600       3.0000       1.49702  81.54    31.340    1
  19.3870        7.0000       1.00000  0.00     25.200    0
  -1412.5000     3.0000       1.49702  81.54    27.880    1
  18.1710        17.4000      1.51115  60.41    27.880    1
  -23.0410       0.4000       1.00000  0.00     27.880    0
  -50.4810       2.5000       1.49702  81.54    24.400    1
  27.3840        4.0920       1.00000  0.00     20.940    0
  0              0.0000       1.00000  0.00     18.680    0
  0              7.0000       1.00000  0.00     18.680    0
  55.0330        4.1500       1.64774  33.85    20.400    1
  -55.0330       1.6500       1.00000  0.00     20.400    0
  -33.9820       2.0000       1.80425  46.50    18.540    1
  18.7010        5.0000       1.60347  38.03    17.740    1
  -74.4520       15.2000      1.00000  0.00     15.920    0
  stop           0.0000       1.00000  0.00     20.916    0
  0              4.5000       1.00000  0.00     20.916    0
  -275.8200      2.7000       1.83507  43.13    26.000    1
  24.7600        13.2000      1.75528  27.58    25.760    1
  131.4500       0.5600       1.00000  0.00     29.040    0
  54.6390        8.3000       1.48751  70.40    30.580    1
  -32.5460       0.2000       1.00000  0.00     30.580    0
  -97.1630       3.0000       1.80106  34.97    29.360    1
  34.8430        8.2500       1.49702  81.54    31.440    1
  -52.7080       0.2000       1.00000  0.00     31.880    0
  71.3060        5.7500       1.49702  81.54    32.420    1
  -82.9370       0.2000       1.00000  0.00     32.420    0
  38.4040        6.0500       1.49702  81.54    31.760    1
  -562.3400      1.1400       1.00000  0.00     28.920    0
  0              38.6900      1.00000  0.00     26.890    0
