# Zeiss Flektogon 50mm F4
#
# Patent: DE01157000
# Converted from photonstophotos.net Optical Bench data
# 12 surfaces, 7 glass elements, f/4.0

name: Zeiss Flektogon 50mm F4
focal_length: 50.00

surfaces:
# radius       thickness    ior      abbe     semi_ap   coating
  165.8900       11.3750      1.69806  53.60    69.780    1
  -123.2350      3.0350       1.54212  59.60    69.780    1
  26.2585        38.1100      1.00000  0.00     42.710    0
  52.1400        3.5050       1.68169  41.90    23.700    1
  -208.5500      0.1900       1.00000  0.00     23.700    0
  30.3345        9.6700       1.68169  41.90    20.120    1
  30.3345        2.8650       1.00000  0.00     16.580    0
  stop           1.3050       1.00000  0.00     15.356    0
  -52.6100       1.7050       1.67254  32.20    16.280    1
  16.9305        5.3100       1.50040  65.20    18.400    1
  56.8750        3.7900       1.68078  47.20    18.400    1
  -30.7895       61.6650      1.00000  0.00     18.400    0
