# Zeiss Vario-Sonnar 7.5-30mm F1.9
#
# Patent: GB0933844
# Converted from photonstophotos.net Optical Bench data
# 24 surfaces, 13 glass elements, f/1.9

name: Zeiss Vario-Sonnar 7.5-30mm F1.9
focal_length: 7.66

surfaces:
# radius       thickness    ior      abbe     semi_ap   coating
  80.5840        3.0000       1.80518  25.46    41.480    1
  40.6790        1.0000       1.00000  0.00     39.400    0
  42.7810        10.0000      1.56873  63.12    39.420    1
  -97.8640       0.1000       1.00000  0.00     39.420    0
  29.0070        3.5000       1.61765  55.10    34.900    1
  42.4740        2.5100       1.00000  0.00     33.640    0
  -118.8500      1.5000       1.69100  54.80    21.300    1
  23.5440        3.2000       1.00000  0.00     19.040    0
  805.8400       4.5000       1.74077  27.70    17.620    1
  -17.4030       1.2000       1.71300  53.89    17.620    1
  29.6400        24.8130      1.00000  0.00     15.320    0
  32.7820        2.2000       1.62041  60.29    7.680     1
  0              3.2000       1.60738  56.66    7.680     1
  0              0.0500       1.00000  0.00     7.680     0
  9.0420         3.4000       1.69100  54.80    7.800     1
  -7.4990        0.7500       1.62041  60.29    7.800     1
  -81.7520       0.6000       1.00000  0.00     7.800     0
  stop           1.2000       1.00000  0.00     5.389     0
  -7.3920        1.6000       1.80518  25.46    5.120     1
  8.6600         1.4500       1.00000  0.00     5.120     0
  -48.6970       1.4000       1.71300  53.89    6.680     1
  -11.0600       0.0500       1.00000  0.00     6.680     0
  21.4410        2.0000       1.71300  53.89    7.160     1
  -9.5770        9.3200       1.00000  0.00     7.160     0
