# Zeiss Distagon T f1.4 35mm Contax
#
# Patent: US003915558
# Converted from photonstophotos.net Optical Bench data
# 19 surfaces, 9 glass elements, f/1.4

name: Zeiss Distagon T f1.4 35mm Contax
focal_length: 35.00

surfaces:
# radius       thickness    ior      abbe     semi_ap   coating
  291.6375       2.2144       1.58270  46.50    45.240    1
  32.4835        11.4289      1.00000  0.00     39.440    0
  46.5535        3.2351       1.54810  45.80    37.260    1
  32.4835        11.7274      1.00000  0.00     33.540    0
  45.5560        6.4992       1.71300  53.90    39.930    1
  -394.5550      2.9078       1.00000  0.00     39.930    0
  -1664.7750     4.7180       1.71300  53.90    39.520    1
  -73.2480       0.0483       1.00000  0.00     39.520    0
  27.3315        6.4319       1.71300  53.90    34.620    1
  29.1620        6.5576       1.00000  0.00     30.310    0
  stop           1.6940       1.00000  0.00     28.454    0
  -241.8500      2.3688       1.54810  45.80    28.080    1
  39.4485        4.4677       1.00000  0.00     26.490    0
  -41.4890       1.5501       1.84670  23.80    26.490    1
  48.9545        0.0000       1.00000  0.00     28.240    0
  48.9545        6.9710       1.78830  47.40    28.780    1
  -32.9560       0.5971       1.00000  0.00     28.780    0
  308.8750       3.6876       1.78830  47.40    28.210    1
  -52.6026       34.4900      1.00000  0.00     28.210    0
