# Zeiss Sonnar Superachromat f5.6 250mm CFE
#
# Patent: US003883229
# Converted from photonstophotos.net Optical Bench data
# 13 surfaces, 6 glass elements, f/5.6

name: Zeiss Sonnar Superachromat f5.6 250mm CFE
focal_length: 249.60

surfaces:
# radius       thickness    ior      abbe     semi_ap   coating
  51.2500        4.5533       1.73520  41.59    45.240    1
  41.8975        1.7012       1.00000  0.00     42.780    0
  43.1225        11.0580      1.43493  95.23    43.240    1
  -81.8075       2.0015       1.00000  0.00     43.240    0
  -73.9700       3.3525       1.68248  48.20    43.900    1
  370.8200       34.6253      1.00000  0.00     43.900    0
  -453.4700      7.7055       1.62050  38.08    37.190    1
  -77.2375       3.1522       1.00000  0.00     37.600    0
  129.6550       8.2060       1.68248  48.20    35.480    1
  554.7050       10.1427      1.00000  0.00     32.800    0
  stop           10.1720      1.00000  0.00     27.054    0
  -52.3700       2.0515       1.56444  43.75    24.440    1
  208.4625       121.3380     1.00000  0.00     24.440    0
