# Zeiss Ultra Prime Sonnar T 135mm T1.9
#
# Patent: US20170307860
# Converted from photonstophotos.net Optical Bench data
# 20 surfaces, 10 glass elements, f/1.8

name: Zeiss Ultra Prime Sonnar T 135mm T1.9
focal_length: 135.00

surfaces:
# radius       thickness    ior      abbe     semi_ap   coating
  103.6600       12.8000      1.48749  70.41    84.500    1
  -2511.9000     0.3000       1.00000  0.00     84.500    0
  51.2120        16.4000      1.49700  81.55    75.900    1
  127.7200       8.0000       1.00000  0.00     64.280    0
  0              17.9000      1.80518  25.36    64.020    1
  -94.4060       3.9500       1.64769  33.85    64.020    1
  38.8610        18.1758      1.00000  0.00     44.620    0
  0              3.0000       1.80420  46.50    53.540    1
  0              0.1000       1.00000  0.00     53.540    0
  0              3.0000       1.80420  46.50    53.540    1
  0              10.8000      1.00000  0.00     53.540    0
  stop           1.0000       1.00000  0.00     37.602    0
  65.4070        7.8000       1.62014  63.48    42.460    1
  -118.8500      2.0000       1.00000  0.00     42.460    0
  -82.3430       3.6000       1.71736  29.51    39.840    1
  473.1500       0.2000       1.00000  0.00     41.140    0
  34.4750        17.3000      1.48749  70.41    42.140    1
  26.4160        5.1700       1.00000  0.00     33.500    0
  109.0200       3.9000       1.80518  25.36    34.820    1
  2511.9000      33.9542      1.00000  0.00     34.820    0
