# Zeiss Distagon T f2 28mm Contax
#
# Patent: DE02359156
# Converted from photonstophotos.net Optical Bench data
# 19 surfaces, 9 glass elements, f/2.1

name: Zeiss Distagon T f2 28mm Contax
focal_length: 28.00

surfaces:
# radius       thickness    ior      abbe     semi_ap   coating
  74.4957        1.5458       1.63854  55.38    38.860    1
  20.9955        10.7428      1.00000  0.00     31.960    0
  -63.1327       11.5400      1.66446  55.04    31.700    1
  -44.6950       0.0486       1.00000  0.00     31.700    0
  29.4451        2.2361       1.74400  44.77    24.620    1
  20.3997        6.9123       1.00000  0.00     21.640    0
  30.9655        8.7498       1.74400  44.77    22.800    1
  -21.1473       0.0000       1.00000  0.00     22.800    0
  -21.1473       6.6693       1.60562  43.92    22.800    1
  158.5850       4.8610       1.00000  0.00     20.650    0
  stop           0.0000       1.00000  0.00     19.490    0
  131.5289       5.8040       1.72000  50.42    19.680    1
  -40.9976       1.7111       1.00000  0.00     19.680    0
  -25.1334       7.5540       1.80518  25.43    19.680    1
  47.0039        2.0027       1.00000  0.00     19.680    0
  -122.3902      2.7994       1.71300  53.85    21.080    1
  -30.3044       0.0972       1.00000  0.00     21.080    0
  -708.3636      2.9458       1.78831  47.37    23.700    1
  -35.2481       35.5236      1.00000  0.00     23.700    0
