# Zeiss Flektogon 20mm F4
#
# Patent: GB0978797
# Converted from photonstophotos.net Optical Bench data
# 17 surfaces, 10 glass elements, f/4.0

name: Zeiss Flektogon 20mm F4
focal_length: 20.00

surfaces:
# radius       thickness    ior      abbe     semi_ap   coating
  64.4000        5.3900       1.69350  53.60    55.310    1
  144.6800       0.0940       1.00000  0.00     55.310    0
  23.8100        2.0800       1.69350  53.60    34.480    1
  13.5660        5.8620       1.00000  0.00     24.960    0
  33.5200        1.8920       1.69350  53.60    25.910    1
  10.4020        5.2000       1.00000  0.00     18.230    0
  126.0400       2.8360       1.62000  60.30    18.530    1
  17.0200        12.1980      1.55000  45.40    18.530    1
  0              0.4720       1.00000  0.00     12.260    0
  14.5340        2.1740       1.72800  38.00    11.980    1
  8.5200         4.4440       1.61000  38.00    11.980    1
  -20.5380       0.5110       1.00000  0.00     11.980    0
  stop           1.2390       1.00000  0.00     8.949     0
  -15.3560       0.9920       1.67800  32.20    9.800     1
  8.4640         2.0800       1.51600  56.80    10.140    1
  29.7860        3.1680       1.67800  50.80    10.140    1
  -14.7320       36.1300      1.00000  0.00     10.140    0
