# Zeiss Touit 2.8 50M
#
# Patent: JP2015-161792
# Converted from photonstophotos.net Optical Bench data
# 28 surfaces, 15 glass elements, f/2.9

name: Zeiss Touit 2.8 50M
focal_length: 51.52

surfaces:
# radius       thickness    ior      abbe     semi_ap   coating
  794.4933       1.2600       1.84666  23.78    24.280    1
  26.0420        4.8500       1.59522  67.74    21.640    1
  -60.5422       0.1000       1.00000  0.00     21.640    0
  23.5562        3.9500       1.74330  49.33    21.720    1
  -500.9101      1.6000       1.00000  0.00     21.720    0
  -105.5377      1.1000       1.73077  40.50    20.420    1
  19.2398        2.5600       1.00000  0.00     16.180    0
  -46.3896       1.0100       1.51680  64.20    16.180    1
  23.6450        2.3200       1.84666  23.78    17.480    1
  64.7859        9.1000       1.00000  0.00     17.480    0
  67.7469        2.9500       1.92286  20.88    20.400    1
  -67.7469       2.6700       1.00000  0.00     20.400    0
  stop           12.6800      1.00000  0.00     17.761    0
  -32.3230       1.0200       1.74077  27.79    16.740    1
  32.3230        4.5500       1.59522  67.74    18.740    1
  -27.4119       0.1100       1.00000  0.00     18.740    0
  74.8635        2.9200       1.61800  63.33    20.400    1
  -74.8635       1.5200       1.00000  0.00     20.400    0
  37.2563        3.0700       1.72916  54.68    21.180    1
  -674.5448      1.8500       1.00000  0.00     21.180    0
  -126.2001      1.0100       1.69895  30.13    22.320    1
  25.3759        2.7500       1.00000  0.00     17.960    0
  -47.2254       1.3300       1.51742  52.43    17.960    1
  0              1.4800       1.00000  0.00     21.620    0
  297.4201       2.5800       1.67003  47.23    22.760    1
  -68.6822       1.0000       1.00000  0.00     22.760    0
  0              1.2200       1.51680  64.20    20.840    1
  0              22.8100      1.00000  0.00     20.840    0
