# Zeiss Vario-Sonnar T 9.0-72mm F2.8-4.5 (Sony DSC-RX100M6-7)
#
# Patent: WO2019-188070
# Converted from photonstophotos.net Optical Bench data
# 32 surfaces, 17 glass elements, f/3.0

name: Zeiss Vario-Sonnar T 9.0-72mm F2.8-4.5 (Sony DSC-RX100M6-7)
focal_length: 9.00

surfaces:
# radius       thickness    ior      abbe     semi_ap   coating
  106.0830       0.9090       1.94600  18.00    26.860    1
  53.4420        2.3670       1.62000  63.90    25.560    1
  -234.5580      0.0990       1.00000  0.00     25.560    0
  31.5180        2.2410       1.72920  54.70    23.040    1
  130.7430       0.3870       1.00000  0.00     23.040    0
  124.8300       0.5400       1.85140  40.10    14.940    1
  8.9280         3.0150       1.00000  0.00     10.490    0
  -31.8960       0.5760       1.85140  40.10    11.700    1
  25.4520        1.9350       1.94600  18.00    11.700    1
  -20.6910       0.5490       1.00000  0.00     11.700    0
  -13.1580       0.4050       1.85140  40.10    10.440    1
  -216.0360      13.2750      1.00000  0.00     10.440    0
  stop           0.4590       1.00000  0.00     8.137     0
  11.0070        2.4660       1.61880  63.90    11.520    1
  -44.2440       0.9900       1.00000  0.00     11.520    0
  192.8700       1.4580       1.49710  81.60    11.520    1
  -31.8510       0.0990       1.00000  0.00     11.520    0
  22.4550        0.4320       2.00100  29.10    10.260    1
  11.1510        5.1300       1.00000  0.00     9.540     0
  19.2060        2.4930       1.49710  81.60    10.620    1
  -13.6980       0.5760       1.94600  18.00    10.620    1
  -16.9740       4.8960       1.00000  0.00     10.620    0
  -87.6690       0.9900       1.84670  23.80    11.340    1
  -29.3220       0.0990       1.00000  0.00     11.340    0
  -38.9970       0.4410       1.85140  40.10    11.340    1
  48.5280        4.3650       1.00000  0.00     11.340    0
  17.7390        1.0800       1.85140  40.10    13.140    1
  19.5840        4.9860       1.00000  0.00     11.760    0
  0              0.2880       1.51680  64.20    16.020    1
  0              1.2510       1.00000  0.00     16.020    0
  0              0.4860       1.55670  58.60    16.020    1
  0              0.9630       1.00000  0.00     16.020    0
