# Zeiss Planar f1.4 55mm
#
# Patent: DE01170157
# Converted from photonstophotos.net Optical Bench data
# 15 surfaces, 7 glass elements, f/1.4

name: Zeiss Planar f1.4 55mm
focal_length: 55.00

surfaces:
# radius       thickness    ior      abbe     semi_ap   coating
  46.5630        6.3195       1.71700  47.90    45.560    1
  149.3800       0.0935       1.00000  0.00     44.100    0
  26.5650        9.7570       1.62299  58.12    39.400    1
  0              0.0000       1.00000  0.00     39.400    0
  0              1.3915       1.57501  41.31    39.400    1
  16.5220        9.2870       1.00000  0.00     27.780    0
  stop           6.5090       1.00000  0.00     24.638    0
  -19.9210       2.0460       1.80518  25.46    27.400    1
  204.9960       0.0000       1.00000  0.00     28.740    0
  204.9960       8.1730       1.78443  43.77    28.740    1
  -33.6875       0.0935       1.00000  0.00     31.100    0
  -88.9790       4.6475       1.78443  43.77    31.100    1
  -42.7130       0.0935       1.00000  0.00     32.000    0
  131.2300       4.6475       1.71700  47.90    33.220    1
  -62.5405       36.4700      1.00000  0.00     33.220    0
