# 100mm Sonnar
#
# Patent: US001998704
# Converted from photonstophotos.net Optical Bench data
# 10 surfaces, 6 glass elements, f/2.0

name: 100mm Sonnar
focal_length: 100.00

surfaces:
# radius       thickness    ior      abbe     semi_ap   coating
  57.0000        8.0000       1.61850  60.50    66.300    1
  146.3000       0.4000       1.00000  0.00     66.300    0
  36.2000        10.0000      1.67110  47.30    53.000    1
  110.0000       6.0000       1.46450  65.70    53.000    1
  -300.0000      6.8000       1.68900  31.20    40.200    1
  23.7000        10.9000      1.00000  0.00     30.700    0
  stop           4.1000       1.00000  0.00     29.069    0
  200.0000       2.0000       1.56470  55.80    40.400    1
  30.7000        12.0000      1.67110  47.30    40.400    1
  -152.6400      48.3700      1.00000  0.00     40.400    0
