# Zeiss Vario-Sonnar 10-100mm F2.8
#
# Patent: GB1167114
# Converted from photonstophotos.net Optical Bench data
# 29 surfaces, 16 glass elements, f/2.8

name: Zeiss Vario-Sonnar 10-100mm F2.8
focal_length: 10.59

surfaces:
# radius       thickness    ior      abbe     semi_ap   coating
  480.0000       2.5000       1.79180  25.87    62.660    1
  64.0100        5.0000       1.00000  0.00     60.040    0
  72.8600        8.6000       1.62286  60.08    61.350    1
  -1540.0000     0.1000       1.00000  0.00     61.350    0
  89.1230        6.8000       1.62541  56.62    59.480    1
  -1540.0000     0.1000       1.00000  0.00     59.480    0
  61.7690        5.8000       1.62541  56.62    53.610    1
  205.3400       0.5000       1.00000  0.00     53.610    0
  129.5600       1.0000       1.71616  53.61    26.420    1
  15.6230        4.5000       1.00000  0.00     21.180    0
  -175.2920      2.6000       1.79180  25.87    21.180    1
  -39.8090       0.8000       1.71616  53.61    20.720    1
  18.9700        3.5000       1.00000  0.00     19.180    0
  21.2860        2.6000       1.79180  25.87    19.640    1
  44.6660        47.1170      1.00000  0.00     19.640    0
  -25.4840       0.8000       1.71616  53.61    13.150    1
  31.8510        2.5000       1.72311  29.29    14.350    1
  -163.1460      1.5000       1.00000  0.00     14.350    0
  91.0680        3.0000       1.62541  56.62    15.500    1
  -29.4300       1.5000       1.00000  0.00     15.500    0
  stop           1.5000       1.00000  0.00     15.456    0
  19.2460        9.0000       1.62541  56.62    15.580    1
  -12.8630       1.0000       1.57088  62.85    15.580    1
  -57.4600       1.2000       1.00000  0.00     15.580    0
  -22.2240       8.0000       1.72311  29.29    13.140    1
  11.0600        8.0000       1.52458  59.22    13.140    1
  -40.9720       12.0000      1.00000  0.00     13.140    0
  40.9720        8.0000       1.62541  56.22    14.360    1
  -105.9300      17.2000      1.00000  0.00     14.360    0
