# Zeiss Sonnar 35mm F2 (Sony DSC-RX1RM3)
#
# Patent: JP2014-055992
# Converted from photonstophotos.net Optical Bench data
# 21 surfaces, 11 glass elements, f/2.0

name: Zeiss Sonnar 35mm F2 (Sony DSC-RX1RM3)
focal_length: 33.99

surfaces:
# radius       thickness    ior      abbe     semi_ap   coating
  159.6000       1.5000       1.51680  64.20    29.600    1
  77.3260        7.3300       1.00000  0.00     25.780    0
  -69.4250       1.0000       1.80520  25.46    22.310    1
  294.9000       0.3000       1.00000  0.00     23.740    0
  21.7810        3.5800       1.88200  37.22    20.180    1
  -289.8040      2.5000       1.00000  0.00     21.060    0
  stop           7.8600       1.00000  0.00     15.975    0
  -18.2240       1.0000       1.92290  20.88    16.050    1
  34.5160        4.0500       1.88200  37.22    21.900    1
  -46.8080       0.3000       1.00000  0.00     22.920    0
  192.7830       5.6500       2.00100  29.13    25.480    1
  -26.4750       14.6000      1.00000  0.00     28.270    0
  -17.6040       1.5000       1.58310  59.46    32.290    1
  690.3280       0.3000       1.00000  0.00     38.930    0
  93.2420        3.4800       1.90370  31.31    40.230    1
  0              1.0000       1.00000  0.00     42.780    0
  0              1.4300       1.54900  64.20    45.580    1
  0              0.5900       1.51900  64.20    45.580    1
  0              0.4200       1.00000  0.00     45.580    0
  0              0.7000       1.51680  64.20    45.980    1
  0              0.9200       1.00000  0.00     45.980    0
