# Zeiss Biometar 80mm f2.8
#
# Patent: US002968221
# Converted from photonstophotos.net Optical Bench data
# 10 surfaces, 5 glass elements, f/2.8

name: Zeiss Biometar 80mm f2.8
focal_length: 80.00

surfaces:
# radius       thickness    ior      abbe     semi_ap   coating
  36.6400        4.4000       1.66680  33.10    37.450    1
  66.4000        0.0960       1.00000  0.00     37.450    0
  24.4800        7.8400       1.69350  53.50    31.740    1
  87.3600        1.6800       1.68890  31.10    31.740    1
  15.8400        6.8600       1.00000  0.00     22.140    0
  stop           8.6600       1.00000  0.00     20.495    0
  -14.6600       1.9200       1.72830  28.30    20.890    1
  -19.4600       0.0960       1.00000  0.00     23.480    0
  -98.4000       6.2400       1.62040  60.30    30.790    1
  -22.4000       62.6200      1.00000  0.00     30.790    0
