# Zeiss Planar T f1.4 50mm
#
# Patent: US003874771
# Converted from photonstophotos.net Optical Bench data
# 14 surfaces, 7 glass elements, f/1.4

name: Zeiss Planar T f1.4 50mm
focal_length: 50.00

surfaces:
# radius       thickness    ior      abbe     semi_ap   coating
  44.4520        5.0911       1.71700  47.99    37.500    1
  288.6605       0.0588       1.00000  0.00     37.500    0
  21.8035        4.8556       1.78831  47.37    32.710    1
  34.0620        1.5891       1.00000  0.00     32.710    0
  47.0860        1.1869       1.68893  31.17    31.190    1
  15.3240        7.1363       1.00000  0.00     24.880    0
  stop           7.1363       1.00000  0.00     24.289    0
  -17.3185       1.1477       1.72830  28.68    25.200    1
  374.0215       5.1499       1.78831  47.37    30.350    1
  -30.3570       0.2844       1.00000  0.00     30.350    0
  -87.4260       4.3848       1.78831  47.37    31.610    1
  -28.2500       0.1275       1.00000  0.00     31.610    0
  164.6795       2.8349       1.74400  44.77    30.570    1
  -130.8080      35.4965      1.00000  0.00     30.570    0
