# Zeiss Planar 2.8/80
#
# Patent: US002724994
# Converted from photonstophotos.net Optical Bench data
# 10 surfaces, 5 glass elements, f/2.8

name: Zeiss Planar 2.8/80
focal_length: 80.00

surfaces:
# radius       thickness    ior      abbe     semi_ap   coating
  35.4730        2.0990       1.69895  30.10    35.960    1
  23.3700        5.5980       1.69347  53.50    33.340    1
  67.7860        0.1000       1.00000  0.00     31.680    0
  23.7080        9.2780       1.69895  30.10    28.720    1
  15.1750        5.0160       1.00000  0.00     20.860    0
  stop           11.3800      1.00000  0.00     20.060    0
  -14.3260       1.9500       1.76182  26.50    20.940    1
  -18.8310       0.2000       1.00000  0.00     24.600    0
  -89.1040       6.0290       1.62041  60.30    30.380    1
  -22.0620       55.6900      1.00000  0.00     31.340    0
