# Zeiss S-Biogon f5.6 40mm
#
# Patent: US003997247
# Converted from photonstophotos.net Optical Bench data
# 14 surfaces, 8 glass elements, f/5.6

name: Zeiss S-Biogon f5.6 40mm
focal_length: 40.00

surfaces:
# radius       thickness    ior      abbe     semi_ap   coating
  30.5736        5.1447       1.64769  33.86    51.610    1
  29.4948        10.3193      1.00000  0.00     46.990    0
  100.9536       1.7912       1.51454  54.68    45.170    1
  23.7652        30.9180      1.00000  0.00     36.890    0
  29.0720        17.8622      1.71736  29.52    24.770    1
  11.2468        4.5676       1.71300  53.85    12.950    1
  -58.0068       2.0251       1.00000  0.00     11.420    0
  stop           1.0000       1.00000  0.00     7.530     0
  -33.3320       1.5723       1.54883  45.43    7.390     1
  10.8496        7.3538       1.61772  49.78    10.460    1
  -9.2608        9.8615       1.71300  53.85    10.550    1
  -28.0460       11.8915      1.00000  0.00     16.910    0
  -14.4668       5.4930       1.46450  65.70    22.150    1
  -34.3072       14.0108      1.00000  0.00     30.050    0
