# Zeiss Tessar 50mm F3.5
#
# Patent: CH314381
# Converted from photonstophotos.net Optical Bench data
# 8 surfaces, 4 glass elements, f/3.5

name: Zeiss Tessar 50mm F3.5
focal_length: 50.00

surfaces:
# radius       thickness    ior      abbe     semi_ap   coating
  15.1503        3.0590       1.62041  60.30    15.640    1
  380.5595       3.1740       1.00000  0.00     14.760    0
  -34.9072       0.8890       1.59551  39.20    13.480    1
  12.7472        2.0500       1.00000  0.00     12.760    0
  stop           0.4170       1.00000  0.00     11.586    0
  329.5515       0.8610       1.58144  40.80    12.660    1
  10.8812        6.2140       1.67003  47.20    13.500    1
  -24.3596       41.2300      1.00000  0.00     13.500    0
