# Zeiss Biogon 35mm F2.8 Contax Opton
#
# Patent: JP1955-004837
# Converted from photonstophotos.net Optical Bench data
# 12 surfaces, 7 glass elements, f/2.8

name: Zeiss Biogon 35mm F2.8 Contax Opton
focal_length: 35.00

surfaces:
# radius       thickness    ior      abbe     semi_ap   coating
  17.3530        2.6460       1.61770  55.10    18.660    1
  39.0600        0.0980       1.00000  0.00     18.660    0
  10.3040        3.9240       1.66450  35.90    13.680    1
  -35.4200       0.5880       1.74000  28.20    13.680    1
  7.9630         2.0560       1.00000  0.00     8.910     0
  stop           0.1000       1.00000  0.00     8.777     0
  -1471.8000     0.8330       1.46450  65.70    9.540     1
  11.8690        10.0490      1.62040  60.30    10.880    1
  -16.0970       1.1130       1.00000  0.00     16.270    0
  -11.5500       2.4010       1.62040  60.30    14.960    1
  -8.7290        1.7150       1.46450  65.70    15.900    1
  -46.5500       15.7600      1.00000  0.00     20.710    0
