# Zeiss Flexon 50mm F2
#
# Patent: FR1191673
# Converted from photonstophotos.net Optical Bench data
# 11 surfaces, 6 glass elements, f/2.0

name: Zeiss Flexon 50mm F2
focal_length: 50.00

surfaces:
# radius       thickness    ior      abbe     semi_ap   coating
  28.9500        4.6000       1.66200  56.10    30.150    1
  87.4500        0.1000       1.00000  0.00     30.150    0
  21.7500        3.3500       1.66200  56.10    25.840    1
  26.7500        4.2000       1.67246  32.30    25.840    1
  13.3500        6.2500       1.00000  0.00     17.880    0
  stop           3.7000       1.00000  0.00     16.887    0
  -15.0500       1.9000       1.60156  35.20    16.940    1
  68.5000        7.0500       1.66200  56.10    21.930    1
  -21.4000       0.3000       1.00000  0.00     21.930    0
  113.6500       4.7500       1.66200  56.10    25.410    1
  -48.0000       36.8600      1.00000  0.00     25.410    0
