# Zeiss Distagon 60mm F5.6
#
# Patent: CH321571
# Converted from photonstophotos.net Optical Bench data
# 11 surfaces, 6 glass elements, f/5.6

name: Zeiss Distagon 60mm F5.6
focal_length: 60.00

surfaces:
# radius       thickness    ior      abbe     semi_ap   coating
  43.3618        1.1490       1.55232  63.50    30.900    1
  18.2855        14.8566      1.00000  0.00     25.440    0
  48.6530        3.8040       1.62299  58.10    17.430    1
  -137.1258      0.3798       1.00000  0.00     14.910    0
  14.9485        4.9554       1.62045  38.00    14.970    1
  -44.1103       1.1190       1.72342  38.00    13.190    1
  13.1331        3.0000       1.00000  0.00     11.850    0
  stop           1.7556       1.00000  0.00     11.374    0
  -43.3618       0.7992       1.60140  38.30    11.760    1
  15.3851        5.3454       1.63854  55.50    12.460    1
  -22.0471       67.0500      1.00000  0.00     15.310    0
