# Zeiss Planar 50mm F1.4 (Praktica)
#
# Patent: GB2066504
# Converted from photonstophotos.net Optical Bench data
# 14 surfaces, 7 glass elements, f/1.4

name: Zeiss Planar 50mm F1.4 (Praktica)
focal_length: 50.00

surfaces:
# radius       thickness    ior      abbe     semi_ap   coating
  35.6900        6.3500       1.68100  54.70    45.000    1
  115.6650       0.1450       1.00000  0.00     45.000    0
  24.0250        4.8150       1.70070  46.70    34.900    1
  25.1500        1.0100       1.00000  0.00     30.640    0
  22.8750        2.5000       1.74620  27.90    29.000    1
  14.6050        8.8750       1.00000  0.00     23.690    0
  stop           7.1000       1.00000  0.00     23.097    0
  -15.4300       1.1550       1.76170  27.30    23.120    1
  -222.2500      6.9300       1.77620  49.40    32.400    1
  -25.7850       0.1450       1.00000  0.00     32.400    0
  -63.9250       4.3300       1.77620  49.40    32.400    1
  -26.9750       0.1450       1.00000  0.00     32.400    0
  118.3850       3.1750       1.77620  49.40    32.120    1
  -137.0000      36.6000      1.00000  0.00     32.120    0
