# Zeiss Vario-Prakticar 35-70mm f2.7-3.5
#
# Patent: DE03602859
# Converted from photonstophotos.net Optical Bench data
# 18 surfaces, 9 glass elements, f/2.7

name: Zeiss Vario-Prakticar 35-70mm f2.7-3.5
focal_length: 35.00

surfaces:
# radius       thickness    ior      abbe     semi_ap   coating
  38.9375        6.3035       1.68101  54.74    45.300    1
  21.4375        8.2425       1.00000  0.00     33.780    0
  409.2550       2.4255       1.69649  53.29    33.990    1
  31.3985        2.9575       1.00000  0.00     31.920    0
  29.2075        4.2945       1.65221  33.62    30.970    1
  89.0540        31.0520      1.00000  0.00     30.970    0
  37.5410        6.3035       1.60588  60.71    25.380    1
  -37.5410       2.4745       1.76157  27.33    25.380    1
  -77.1505       0.0980       1.00000  0.00     25.380    0
  25.7285        4.2770       1.66640  56.14    23.920    1
  93.2400        1.9060       1.00000  0.00     23.920    0
  stop           2.0700       1.00000  0.00     18.738    0
  -61.9010       3.5875       1.66885  35.62    20.580    1
  20.8635        3.1045       1.00000  0.00     19.110    0
  177.4325       3.7450       1.66151  50.57    20.160    1
  -32.2595       2.8200       1.00000  0.00     20.160    0
  0              3.8780       1.51859  63.87    24.090    1
  0              35.9200      1.00000  0.00     24.090    0
