# Zeiss Vario-Sonnar T 3.5/70-210
#
# Patent: US004303312
# Converted from photonstophotos.net Optical Bench data
# 28 surfaces, 15 glass elements, f/3.5

name: Zeiss Vario-Sonnar T 3.5/70-210
focal_length: 72.15

surfaces:
# radius       thickness    ior      abbe     semi_ap   coating
  89.1230        3.8000       1.80517  25.43    58.180    1
  53.8580        7.8000       1.51680  64.17    58.180    1
  199.5220       0.1000       1.00000  0.00     55.940    0
  81.1630        7.0000       1.52341  51.49    55.600    1
  -956.7600      1.2000       1.00000  0.00     55.600    0
  -446.7000      1.6000       1.69100  54.71    41.420    1
  31.8510        5.5000       1.00000  0.00     38.070    0
  -125.8850      2.5000       1.69100  54.71    30.700    1
  112.2040       1.4000       1.00000  0.00     32.580    0
  50.8440        4.8000       1.67270  32.21    35.180    1
  -260.6000      35.6720      1.00000  0.00     35.180    0
  -66.8340       1.8000       1.69100  54.71    34.790    1
  51.9580        4.5000       1.68893  31.18    37.500    1
  3073.0000      17.0540      1.00000  0.00     37.500    0
  118.8440       5.2000       1.61272  58.63    40.080    1
  -93.0560       0.1000       1.00000  0.00     40.080    0
  78.8610        4.8000       1.55232  63.46    39.720    1
  -370.5500      0.1000       1.00000  0.00     39.720    0
  52.7030        6.8000       1.48749  70.41    38.160    1
  -98.5720       2.7000       1.80518  25.43    38.160    1
  118.8440       2.4000       1.00000  0.00     35.420    0
  stop           25.6000      1.00000  0.00     34.707    0
  39.8090        2.6000       1.54814  45.75    27.830    1
  35.7370        23.4000      1.00000  0.00     27.830    0
  84.7440        4.0000       1.54814  45.75    31.860    1
  -147.4800      3.7000       1.00000  0.00     31.860    0
  -35.4790       2.5000       1.61765  55.14    31.860    1
  -125.8850      49.1800      1.00000  0.00     31.860    0
