# Zeiss Pro-Tessar 35mm f3.2
#
# Patent: DE01089183
# Converted from photonstophotos.net Optical Bench data
# 15 surfaces, 8 glass elements, f/3.2

name: Zeiss Pro-Tessar 35mm f3.2
focal_length: 35.00

surfaces:
# radius       thickness    ior      abbe     semi_ap   coating
  35.3728        4.7740       1.74000  28.20    37.320    1
  111.8555       1.2411       1.74400  44.90    37.320    1
  15.3523        18.9684      1.00000  0.00     26.990    0
  -358.8550      9.5480       1.50378  66.70    22.380    1
  -28.0971       2.3870       1.00000  0.00     22.380    0
  19.4665        9.2137       1.50378  66.70    17.500    1
  -24.3313       0.6492       1.00000  0.00     17.500    0
  -23.6410       0.9548       1.74400  44.90    17.680    1
  -44.8403       1.9096       1.00000  0.00     17.680    0
  -40.2640       1.2891       1.62536  35.60    16.560    1
  16.2613        3.0555       1.00000  0.00     15.200    0
  stop           0.8400       1.00000  0.00     12.632    0
  -458.3145      1.1459       1.54869  45.40    14.980    1
  20.1798        4.2966       1.72000  50.30    14.980    1
  -27.2998       40.6600      1.00000  0.00     14.980    0
