# Zeiss Mirotar f4.5 500mm
#
# Patent: GB0975446
# Converted from photonstophotos.net Optical Bench data
# 14 surfaces, 4 glass elements, f/4.5

name: Zeiss Mirotar f4.5 500mm
focal_length: 500.00

surfaces:
# radius       thickness    ior      abbe     semi_ap   coating
  290.0700       18.0000      1.51680  64.20    118.840   1
  421.7000       16.5000      1.00000  0.00     118.840   0
  -240.5700      12.0000      1.51840  60.34    118.840   1
  -334.9700      111.0000     1.00000  0.00     118.840   0
  -403.8800      0.0000       1.00000  0.00     118.100   0
  -403.8800      0.0000       1.00000  0.00     118.100   0
  -403.8800      -70.4000     1.00000  0.00     118.100   0
  -334.7000      0.0000       1.00000  0.00     49.560    0
  -334.7000      0.0000       1.00000  0.00     49.560    0
  -334.7000      120.0000     1.00000  0.00     49.560    0
  0              5.0000       1.56140  45.27    35.340    1
  -156.2200      2.0000       1.00000  0.00     35.340    0
  -105.9300      4.0000       1.51680  64.20    35.340    1
  1258.9000      76.8000      1.00000  0.00     35.340    0
