# Zeiss Rollei-Mutar 1.5
#
# Patent: DE01180158
# Converted from photonstophotos.net Optical Bench data
# 9 surfaces, 5 glass elements

name: Zeiss Rollei-Mutar 1.5
focal_length: 50.00

surfaces:
# radius       thickness    ior      abbe     semi_ap   coating
  32.0810        13.2200      1.48749  70.04    56.120    1
  93.0570        3.0100       1.80518  25.46    54.340    1
  69.2830        0.1000       1.00000  0.00     48.320    0
  31.1710        6.7500       1.46450  65.79    43.640    1
  85.3590        0.5000       1.00000  0.00     42.560    0
  81.7520        2.0000       1.78797  47.44    41.260    1
  17.7830        3.2400       1.00000  0.00     30.800    0
  20.2420        3.5800       1.59270  35.80    30.800    1
  29.4270        10.0000      1.00000  0.00     30.080    0
