# 100mm Sonnar
#
# Patent: US001998704
# Converted from photonstophotos.net Optical Bench data
# 9 surfaces, 5 glass elements, f/2.8

name: 100mm Sonnar
focal_length: 100.00

surfaces:
# radius       thickness    ior      abbe     semi_ap   coating
  43.5000        7.0000       1.67110  47.30    49.800    1
  94.8800        0.4000       1.00000  0.00     49.800    0
  24.9200        10.6000      1.54000  59.60    38.100    1
  -162.9000      1.4000       1.63980  34.60    38.100    1
  19.1000        8.4000       1.00000  0.00     25.000    0
  stop           4.8000       1.00000  0.00     24.041    0
  -242.8400      2.0000       1.46450  65.70    33.200    1
  37.1200        15.1000      1.67110  47.30    33.200    1
  -138.3000      57.6700      1.00000  0.00     33.200    0
