# Zeiss Biotar 50mm f1.4
#
# Patent: US001786916
# Converted from photonstophotos.net Optical Bench data
# 11 surfaces, 6 glass elements, f/1.4

name: Zeiss Biotar 50mm f1.4
focal_length: 50.00

surfaces:
# radius       thickness    ior      abbe     semi_ap   coating
  41.8000        5.3750       1.64238  48.00    36.080    1
  160.5000       0.8250       1.00000  0.00     36.080    0
  22.4000        7.7750       1.62306  56.90    32.180    1
  -575.0000      2.5250       1.57566  41.20    32.180    1
  14.1500        5.7200       1.00000  0.00     22.570    0
  stop           3.7300       1.00000  0.00     22.530    0
  -19.2500       2.5250       1.67270  32.20    22.510    1
  25.2500        10.6100      1.64238  48.00    28.480    1
  -26.6000       0.4850       1.00000  0.00     28.480    0
  53.0000        6.9500       1.64238  48.00    28.700    1
  -60.0000       32.6600      1.00000  0.00     28.700    0
