# Zeiss Distagon 4/35
#
# Patent: US003038380
# Converted from photonstophotos.net Optical Bench data
# 12 surfaces, 7 glass elements, f/4.0

name: Zeiss Distagon 4/35
focal_length: 35.00

surfaces:
# radius       thickness    ior      abbe     semi_ap   coating
  24.8104        6.5061       1.62041  60.30    24.700    1
  -64.1403       1.3034       1.51037  56.50    24.700    1
  10.0208        3.8997       1.00000  0.00     15.920    0
  33.5639        8.0580       1.75520  27.50    12.800    1
  83.1047        1.5728       1.00000  0.00     11.220    0
  stop           3.7000       1.00000  0.00     8.300     0
  -18.7386       2.6065       1.65160  58.40    10.340    1
  -7.4603        0.7959       1.72339  38.00    11.680    1
  33.3242        4.3376       1.66672  48.40    16.130    1
  -14.9923       0.0994       1.00000  0.00     16.130    0
  -105.3833      2.1686       1.69078  0.00     19.410    1
  -23.9330       41.6300      1.00000  0.00     19.410    0
