# Zeiss Distagon T f2.8 25mm Contax
#
# Patent: DE01250153
# Converted from photonstophotos.net Optical Bench data
# 16 surfaces, 8 glass elements, f/2.8

name: Zeiss Distagon T f2.8 25mm Contax
focal_length: 25.00

surfaces:
# radius       thickness    ior      abbe     semi_ap   coating
  52.1600        2.9050       1.62041  60.29    37.040    1
  18.6425        7.5000       1.00000  0.00     29.580    0
  133.8850       13.8450      1.66755  41.88    28.700    1
  -84.4725       0.0950       1.00000  0.00     22.000    0
  25.7675        2.3650       1.58913  61.24    19.560    1
  10.3325        6.9050       1.00000  0.00     14.920    0
  23.3000        6.7400       1.64328  47.76    16.700    1
  -88.8375       3.1550       1.50137  56.46    16.700    1
  -18.1125       1.1620       1.00000  0.00     16.700    0
  stop           3.8280       1.00000  0.00     14.059    0
  -20.0325       1.1825       1.75520  27.53    15.880    1
  39.6825        1.5000       1.00000  0.00     15.880    0
  -38.0050       3.1350       1.62041  60.29    13.920    1
  -14.5950       0.0950       1.00000  0.00     15.880    0
  143.8650       3.4325       1.56384  60.76    20.060    1
  -31.0700       37.1925      1.00000  0.00     20.060    0
