# Zhong Yi SpeedMaster 135mm F1.4
#
# Patent: CN107255857
# Converted from photonstophotos.net Optical Bench data
# 23 surfaces, 11 glass elements, f/1.4

name: Zhong Yi SpeedMaster 135mm F1.4
focal_length: 135.00

surfaces:
# radius       thickness    ior      abbe     semi_ap   coating
  172.2600       12.0000      1.49700  81.60    97.000    1
  -424.5400      0.1000       1.00000  0.00     97.000    0
  90.2000        21.0000      1.49700  81.60    90.000    1
  -156.2100      0.0000       1.00000  0.00     90.000    0
  -156.2100      2.0000       1.67300  32.20    90.000    1
  156.2100       0.1000       1.00000  0.00     81.790    0
  61.0000        10.0000      1.49700  81.60    78.000    1
  113.6500       0.0000       1.00000  0.00     75.620    0
  113.6500       15.0000      1.84700  23.80    75.620    1
  -113.6500      0.0000       1.00000  0.00     75.620    0
  -113.6500      2.3000       1.75000  35.00    75.620    1
  126.0300       2.1000       1.00000  0.00     62.470    0
  260.7000       12.8000      1.58000  53.70    63.000    1
  -57.7000       0.0000       1.00000  0.00     63.000    0
  -57.7000       2.0000       1.59600  39.20    63.000    1
  35.8780        8.7000       1.00000  0.00     46.000    0
  stop           30.0000      1.00000  0.00     45.269    0
  117.5700       7.0000       1.88300  40.80    38.160    1
  -72.0000       0.0000       1.00000  0.00     38.160    0
  -72.0000       2.0000       1.67300  32.20    38.160    1
  42.3600        0.0000       1.00000  0.00     36.000    0
  42.3600        5.8100       1.88300  40.80    36.000    1
  166.7000       37.1600      1.00000  0.00     36.000    0
