# Zhong Yi SpeedMaster 35mm F0.95 II
#
# Patent: CN107272156
# Converted from photonstophotos.net Optical Bench data
# 23 surfaces, 11 glass elements, f/0.9

name: Zhong Yi SpeedMaster 35mm F0.95 II
focal_length: 35.00

surfaces:
# radius       thickness    ior      abbe     semi_ap   coating
  68.0000        4.3000       1.88300  40.80    37.400    1
  -450.0000      0.0500       1.00000  0.00     36.700    0
  26.0260        6.3400       1.85500  36.61    34.000    1
  46.1070        1.4000       1.00000  0.00     29.900    0
  102.6900       1.0900       1.80500  25.50    30.500    1
  18.7000        5.4100       1.00000  0.00     25.600    0
  stop           5.5800       1.00000  0.00     25.557    0
  -18.2500       3.2200       1.71700  29.50    25.600    1
  0              0.0000       1.00000  0.00     31.400    0
  0              5.8900       1.88300  40.80    31.400    1
  -26.9400       0.1000       1.00000  0.00     32.500    0
  47.0980        3.9300       1.88300  40.80    33.000    1
  0              0.1000       1.00000  0.00     32.700    0
  47.0980        3.8100       1.88300  40.80    31.800    1
  0              0.0000       1.00000  0.00     31.800    0
  0              1.0900       1.76200  26.00    30.900    1
  25.5300        2.7900       1.00000  0.00     28.900    0
  47.0980        3.8900       1.88300  40.80    29.400    1
  0              0.3800       1.00000  0.00     29.200    0
  71.5000        4.4700       1.88300  40.80    30.200    1
  -70.0000       0.0000       1.00000  0.00     30.200    0
  -70.0000       1.2800       1.69900  30.10    30.100    1
  71.5000        15.4900      1.00000  0.00     30.100    0
