# Zhong Yi SpeedMaster 25mm F0.95
#
# Patent: CN107272157
# Converted from photonstophotos.net Optical Bench data
# 23 surfaces, 11 glass elements, f/0.9

name: Zhong Yi SpeedMaster 25mm F0.95
focal_length: 25.00

surfaces:
# radius       thickness    ior      abbe     semi_ap   coating
  65.0000        3.5200       1.74100  51.70    27.700    1
  -146.8900      0.1000       1.00000  0.00     27.300    0
  20.1300        3.9300       1.85500  36.61    24.100    1
  45.0000        1.3700       1.00000  0.00     22.800    0
  113.6500       1.0700       1.69900  30.10    22.120    1
  14.0000        5.4700       1.00000  0.00     18.920    0
  stop           5.4000       1.00000  0.00     18.689    0
  -13.2000       1.6500       1.69900  30.10    18.700    1
  0              0.0000       1.00000  0.00     22.600    0
  0              6.5000       1.88300  40.80    22.600    1
  -19.8000       0.1000       1.00000  0.00     24.100    0
  36.2000        3.4800       1.88300  40.80    23.700    1
  0              0.1000       1.00000  0.00     23.400    0
  67.0000        2.9800       1.88300  40.80    23.300    1
  -148.9900      0.0000       1.00000  0.00     23.000    0
  -148.9900      1.0000       1.69900  30.10    21.900    1
  21.5000        1.4600       1.00000  0.00     22.000    0
  36.2000        3.4800       1.88300  40.80    21.800    1
  0              0.6000       1.00000  0.00     21.600    0
  50.0000        5.4000       1.88300  40.80    21.000    1
  -31.5900       0.0000       1.00000  0.00     20.700    0
  -31.5900       1.2800       1.84700  23.80    21.400    1
  86.0000        10.6800      1.00000  0.00     21.500    0
