# Zhong Yi SpeedMaster 65mm F1.4
#
# Patent: CN110596863
# Converted from photonstophotos.net Optical Bench data
# 23 surfaces, 11 glass elements, f/1.4

name: Zhong Yi SpeedMaster 65mm F1.4
focal_length: 65.00

surfaces:
# radius       thickness    ior      abbe     semi_ap   coating
  65.1200        7.0000       1.88300  39.22    50.220    1
  282.4120       0.1000       1.00000  0.00     47.820    0
  32.7100        6.7300       1.78600  44.19    42.960    1
  47.5300        1.5200       1.00000  0.00     39.750    0
  69.3000        1.5000       1.74000  27.76    39.680    1
  24.8940        8.7900       1.00000  0.00     34.690    0
  stop           12.2000      1.00000  0.00     33.260    0
  -35.4600       1.5000       1.80500  25.46    32.920    1
  79.3400        0.0000       1.00000  0.00     36.930    0
  79.3400        9.4300       1.69400  49.19    36.930    1
  -50.0000       0.1000       1.00000  0.00     39.170    0
  95.5000        10.1900      2.00100  25.43    44.550    1
  -119.9800      1.1700       1.00000  0.00     45.420    0
  165.2100       11.1300      1.88300  39.22    46.150    1
  -43.8060       0.0000       1.00000  0.00     46.140    0
  -43.8060       1.5000       1.71700  29.50    46.140    1
  49.5000        2.3200       1.00000  0.00     44.440    0
  85.6740        7.1350       2.00100  25.43    44.430    1
  -199.6700      0.0000       1.00000  0.00     44.400    0
  -199.6700      15.1300      1.48700  70.44    44.400    1
  -28.4200       0.0000       1.00000  0.00     43.840    0
  -28.4200       3.1400       1.74000  28.30    43.840    1
  0              16.8900      1.00000  0.00     47.310    0
