# Zhong Yi SpeedMaster 50mm F0.95 M
#
# Patent: CN111965793
# Converted from photonstophotos.net Optical Bench data
# 23 surfaces, 11 glass elements, f/0.9

name: Zhong Yi SpeedMaster 50mm F0.95 M
focal_length: 50.00

surfaces:
# radius       thickness    ior      abbe     semi_ap   coating
  108.2900       6.7100       1.83500  42.73    55.000    1
  -450.8000      0.1000       1.00000  0.00     53.000    0
  30.7700        6.8400       1.88300  40.79    45.000    1
  45.5000        2.8200       1.00000  0.00     41.030    0
  102.6900       1.2000       1.75500  27.53    41.030    1
  24.5000        9.5800       1.00000  0.00     37.000    0
  stop           7.7600       1.00000  0.00     35.500    0
  -26.4500       1.3700       1.74000  28.30    37.000    1
  314.3000       0.0000       1.00000  0.00     42.000    0
  314.3000       9.1500       1.83500  42.73    42.000    1
  -41.4800       0.1000       1.00000  0.00     44.000    0
  101.1700       5.2000       1.83500  42.73    46.000    1
  -1137.0000     3.4300       1.00000  0.00     46.000    0
  599.8000       5.8200       1.83500  42.73    45.000    1
  -82.1000       0.1000       1.00000  0.00     45.000    0
  55.8800        5.5800       1.83500  42.73    41.000    1
  373.2000       0.0000       1.00000  0.00     39.000    0
  373.2000       1.2000       1.49700  81.61    35.000    1
  29.6500        2.9900       1.00000  0.00     34.010    0
  62.0200        8.9700       1.71700  47.89    34.010    1
  -35.7800       0.0000       1.00000  0.00     35.000    0
  -35.7800       1.2000       1.84700  23.78    35.000    1
  372.6600       22.9900      1.00000  0.00     35.000    0
