# Zhong Yi Creator 28mm f5.6
#
# Patent: CN218886280
# Converted from photonstophotos.net Optical Bench data
# 16 surfaces, 8 glass elements, f/5.6

name: Zhong Yi Creator 28mm f5.6
focal_length: 28.00

surfaces:
# radius       thickness    ior      abbe     semi_ap   coating
  61.1500        1.0000       1.76200  26.00    24.050    1
  14.6200        4.4600       1.00000  0.00     20.270    0
  15.8400        5.2200       1.85500  36.61    18.900    1
  -404.0000      0.1000       1.00000  0.00     17.190    0
  143.6700       1.0000       1.51700  52.15    16.220    1
  8.7500         2.9600       1.00000  0.00     12.240    0
  11.2400        2.2000       1.85500  36.61    10.620    1
  15.5900        3.8300       1.00000  0.00     9.100     0
  stop           0.7100       1.00000  0.00     5.699     0
  18.0000        5.5800       1.84700  23.78    6.390     1
  11.2400        2.1700       1.49700  81.61    9.120     1
  45.5000        0.5400       1.00000  0.00     10.400    0
  -58.6000       3.1700       1.88300  40.79    10.420    1
  -9.9800        0.3100       1.00000  0.00     11.710    0
  -8.9000        1.7400       1.84700  23.78    11.720    1
  -17.2000       27.0000      1.00000  0.00     14.060    0
