# Zhong Yi 85mm f2.8 1-5X Super Macro
#
# Patent: CN110501809
# Converted from photonstophotos.net Optical Bench data
# 25 surfaces, 12 glass elements

name: Zhong Yi 85mm f2.8 1-5X Super Macro
focal_length: 85.00

surfaces:
# radius       thickness    ior      abbe     semi_ap   coating
  69.3000        2.8700       1.84600  23.78    33.180    1
  208.9000       0.1000       1.00000  0.00     32.810    0
  27.1000        5.7500       1.49700  81.61    31.400    1
  191.8000       0.1000       1.00000  0.00     30.520    0
  45.5000        4.0200       1.49700  81.61    28.800    1
  -519.1000      0.0000       1.00000  0.00     27.530    0
  -519.1000      1.4200       1.88300  39.22    27.530    1
  101.7000       2.2900       1.00000  0.00     26.000    0
  stop           4.1400       1.00000  0.00     24.650    0
  36.2000        2.2300       1.84600  23.78    21.220    1
  13.6920        0.0000       1.00000  0.00     18.610    0
  13.6920        8.2900       1.49700  81.61    18.610    1
  -25.5300       0.3100       1.00000  0.00     17.510    0
  -23.9815       1.6400       1.88300  39.22    17.230    1
  32.3970        1.2600       1.00000  0.00     16.820    0
  34.6550        5.0000       1.88300  39.22    17.350    1
  21.0030        0.0000       1.00000  0.00     17.290    0
  21.0030        4.3700       1.84600  23.78    17.290    1
  -89.1200       0.2600       1.00000  0.00     17.340    0
  98.6300        1.0000       1.88300  39.22    16.220    1
  20.1283        3.9500       1.00000  0.00     15.690    0
  -29.6500       3.5600       1.49700  81.61    16.080    1
  23.3800        0.0000       1.00000  0.00     18.710    0
  23.3800        4.7200       1.63600  35.35    18.710    1
  -57.6670       100.3600     1.00000  0.00     19.240    0
