# Zhong Yi Creator 35mm F2
#
# Patent: CN104101985
# Converted from photonstophotos.net Optical Bench data
# 15 surfaces, 7 glass elements, f/2.0

name: Zhong Yi Creator 35mm F2
focal_length: 35.00

surfaces:
# radius       thickness    ior      abbe     semi_ap   coating
  97.0370        2.3000       1.48746  70.04    40.500    1
  20.6000        21.7900      1.00000  0.00     34.000    0
  35.2000        7.1500       1.74400  44.93    26.400    1
  -30.3500       0.0000       1.00000  0.00     26.400    0
  -30.5500       1.6000       1.65446  33.65    26.400    1
  -108.2900      9.7700       1.00000  0.00     26.400    0
  stop           4.6000       1.00000  0.00     20.028    0
  -24.5000       4.6500       1.76182  26.53    23.000    1
  24.5000        0.0000       1.00000  0.00     19.560    0
  24.5000        3.4000       1.75719  47.80    19.560    1
  63.0100        1.5100       1.00000  0.00     19.780    0
  -102.6900      3.4600       1.83500  42.97    23.000    1
  -30.0500       0.1500       1.00000  0.00     23.000    0
  69.8000        4.4300       1.83500  42.97    27.700    1
  -69.8000       38.1800      1.00000  0.00     27.700    0
