# Nikon Zoom Nikkor 28-45mm f/4.5
#
# Patent: US003771853
# Converted from photonstophotos.net Optical Bench data
# 19 surfaces, 11 glass elements, f/4.5

name: Nikon Zoom Nikkor 28-45mm f/4.5
focal_length: 28.85

surfaces:
# radius       thickness    ior      abbe     semi_ap   coating
  52.2010        2.0000       1.52000  70.10    49.220    1
  28.7430        11.5000      1.00000  0.00     42.540    0
  -744.5620      4.2000       1.80411  46.40    40.320    1
  -70.5910       1.3000       1.44628  67.20    40.320    1
  29.8710        30.3905      1.00000  0.00     33.180    0
  39.5070        4.5000       1.61117  55.80    16.460    1
  -32.1410       1.1000       1.84110  43.30    16.460    1
  -65.3350       0.1000       1.00000  0.00     16.460    0
  18.8090        3.0000       1.54072  47.20    13.040    1
  60.3330        4.0000       1.00000  0.00     13.040    0
  stop           0.8000       1.00000  0.00     8.897     0
  -117.5060      1.7000       1.69680  55.60    10.560    1
  -19.0700       1.0000       1.80454  39.50    10.420    1
  19.3730        1.0864       1.00000  0.00     10.420    0
  889.7040       0.7000       1.72825  28.30    12.140    1
  22.3480        2.4000       1.84110  43.30    12.140    1
  -53.7290       0.5000       1.00000  0.00     12.140    0
  -55.0000       4.8000       1.76684  46.60    14.760    1
  -24.2220       37.7680      1.00000  0.00     14.760    0
